1   0.987852  -0.151567  0.0342893 -0.0839729  -0.706317  -0.702897   0.130755   0.691479  -0.710464  -0.142143  -0.725629    1.04216 0.00209155 0.913758 0.129962 1.29611 0.10238
1   0.988167  -0.149357  0.0349011 -0.0818581  -0.705975   -0.70349    0.12971   0.692309  -0.709848  -0.141181  -0.726729    1.04149 0.00208725 0.913758 0.281076 2.26587 0.104654
1  0.981566 -0.186806 0.0403856 -0.103758 -0.698304 -0.708241  0.160505  0.690995 -0.704815 -0.178735 -0.727091   1.03588 0.00212819 0.909651 0.138403 1.60175 0.0595707
1   0.991163  -0.130327  0.0247153 -0.0743376  -0.700039  -0.710224   0.109863   0.702111  -0.703541  -0.115142  -0.740488    1.03454 0.0020896 0.89117 0.0970202 1.42488 0.139722
1   0.991275  -0.129253   0.025833 -0.0731943  -0.702777  -0.707635   0.109619    0.69957  -0.706106  -0.115124  -0.736688    1.03735 0.0021766 0.899384 0.166101 1.22121 0.138911
1   0.991308  -0.128794  0.0268454 -0.0716395  -0.699585  -0.710949   0.110347   0.702847  -0.702731  -0.116657  -0.741552    1.03367 0.00207589 0.89117 0.153025 1.4178 0.139824
1   0.987466  -0.154292  0.0332304 -0.0862703  -0.703961   -0.70498   0.132166   0.693277  -0.708448  -0.143468  -0.728477    1.03996 0.00208783 0.909651 0.228058 1.48756 0.100632
1   0.991212   -0.12929  0.0279805 -0.0714131  -0.701048   -0.70953   0.111351   0.701296   -0.70412   -0.11813  -0.739243    1.03519 0.0021573 0.899384 0.201836 1.76224 0.137505
1   0.987298  -0.155323  0.0334431 -0.0868514  -0.703862  -0.705007   0.133043   0.693147  -0.708411  -0.144531  -0.728382    1.03992 0.00210235 0.909651 0.06703 1.36248 0.0992358
1   0.988146  -0.149574  0.0345721 -0.0821643  -0.705513  -0.703918   0.129679   0.692733   -0.70944  -0.141087  -0.727373    1.04103 0.00209572 0.913758 0.300657 1.89915 0.10477
1   0.987907  -0.151212  0.0342852 -0.0836921   -0.70619  -0.703058   0.130523   0.691686  -0.710305  -0.141869  -0.725914    1.04198 0.00209249 0.913758 -0.0234945 1.46705 0.102859
1   0.987895  -0.151283  0.0343019 -0.0837154    -0.7061  -0.703146   0.130595   0.691763  -0.710218  -0.141958  -0.726031    1.04189 0.00209372 0.913758 0.224629 2.23851 0.102779
1   0.988177  -0.149307  0.0348418 -0.0817861   -0.70556  -0.703914   0.129682   0.692742   -0.70943  -0.141148  -0.727366    1.04103 0.00209276 0.913758 0.136847 1.20049 0.104876
1  0.981818 -0.185474 0.0404031 -0.102296 -0.696273  -0.71045  0.159902    0.6934 -0.702587  -0.17823 -0.730627   1.03342 0.00217625 0.909651 0.200469 2.06531 0.0627766
1  0.975917 -0.213474  0.044886  -0.11751 -0.687822 -0.716304  0.183786  0.693779 -0.696343 -0.207887  -0.73316   1.02642 0.00213339 0.88501 0.229274 1.9834 0.0503268
1   0.987907  -0.151212  0.0342852 -0.0836922   -0.70619  -0.703058   0.130523   0.691686  -0.710305  -0.141869  -0.725914    1.04198 0.00209252 0.913758 0.0888895 1.30438 0.102859
1   0.987852  -0.151567  0.0342893 -0.0839729  -0.706317  -0.702897   0.130755   0.691479  -0.710464  -0.142143  -0.725629    1.04216 0.00209156 0.913758 0.113456 1.17761 0.10238
1  0.987337 -0.155117 0.0332375 -0.086801 -0.703615  -0.70526  0.132784  0.693444 -0.708169 -0.144173 -0.728787   1.03966 0.00209838 0.909651 0.177304 1.38152 0.0997463
1   0.987301  -0.155308  0.0334166 -0.0868362  -0.703739  -0.705131   0.133029   0.693275  -0.708289  -0.144514  -0.728567    1.03978 0.00210367 0.909651 0.133847 1.28199 0.0993168
1  0.981758 -0.185848 0.0401551 -0.102193 -0.693859 -0.712822  0.160339  0.695715 -0.700194  -0.17882 -0.734146   1.03078 0.00211357 0.901437 0.178373 1.53442 0.0650104
1  0.981476 -0.187315 0.0402369 -0.104081 -0.697624 -0.708864  0.160851  0.691545 -0.704197 -0.179121 -0.727948   1.03521 0.00214262 0.909651 0.191068 1.19812 0.0596634
1   0.988161  -0.149443  0.0347053 -0.0819711  -0.705497  -0.703956   0.129686   0.692777  -0.709395  -0.141135  -0.727428    1.04099 0.00209417 0.913758 0.165097 1.25704 0.104825
1   0.987825  -0.151754  0.0342562 -0.0841234  -0.706268  -0.702929   0.130866   0.691489  -0.710435  -0.142215  -0.725661    1.04212 0.00209711 0.913758 0.232018 1.14982 0.102223
1   0.987907  -0.151212  0.0342853 -0.0836921   -0.70619  -0.703058   0.130523   0.691686  -0.710305  -0.141869  -0.725914    1.04198 0.00209253 0.913758 0.189426 1.11512 0.102859
1   0.986626   -0.15998  0.0312263 -0.0904987  -0.696973  -0.711363   0.135568   0.699024   -0.70213  -0.147023  -0.737494      1.033 0.00204515 0.895277 0.0972346 1.46556 0.0989448
1  0.981566 -0.186806 0.0403857 -0.103758 -0.698305 -0.708241  0.160505  0.690995 -0.704815 -0.178735 -0.727091   1.03588 0.00212817 0.909651 0.238796 1.34047 0.0595706
1   0.988214  -0.149027  0.0349789 -0.0815031   -0.70566  -0.703848   0.129575   0.692701  -0.709489  -0.141059  -0.727304    1.04109 0.0020965 0.913758 -0.0503169 1.0122 0.105089
1   0.987907  -0.151212  0.0342852 -0.0836921   -0.70619  -0.703058   0.130523   0.691686  -0.710305  -0.141869  -0.725914    1.04198 0.00209251 0.913758 0.182727 1.47653 0.102859
1  0.990523 -0.135597 0.0218384 -0.079411 -0.695157 -0.714459  0.112059  0.705954 -0.699337 -0.117051 -0.746363    1.0299 0.00219238 0.895277 0.276699 2.84396 0.138292
1  0.981758 -0.185848 0.0401551 -0.102193  -0.69386 -0.712822  0.160339  0.695715 -0.700194  -0.17882 -0.734146   1.03078 0.00211358 0.901437 -0.0942429 1.28878 0.0650104
1  0.987281 -0.155464 0.0332676 -0.087097  -0.70395 -0.704889  0.133004  0.693026 -0.708537 -0.144407 -0.728205   1.04006 0.00210044 0.909651 0.0582124 1.47188 0.099194
1   0.990358  -0.136896  0.0212205 -0.0814645  -0.699412  -0.710061   0.112047   0.701486   -0.70382  -0.116485   -0.73978    1.03486 0.00213546 0.895277 0.200238 2.15114 0.135053
1  0.981566 -0.186806 0.0403857 -0.103758 -0.698305 -0.708241  0.160505  0.690995 -0.704815 -0.178735 -0.727091   1.03588 0.0021282 0.909651 0.0700022 1.29086 0.0595706
1   0.987907  -0.151212  0.0342852 -0.0836921   -0.70619  -0.703058   0.130523   0.691686  -0.710305  -0.141869  -0.725914    1.04198 0.0020925 0.913758 0.144668 1.64077 0.102859
1  0.981809 -0.185504 0.0404838 -0.102192  -0.69598 -0.710752  0.160023  0.693686 -0.702277 -0.178422  -0.73105   1.03308 0.00217887 0.909651 0.142352 1.30195 0.0629694
1   0.987466  -0.154292  0.0332304 -0.0862703  -0.703961   -0.70498   0.132166   0.693277  -0.708448  -0.143468  -0.728477    1.03996 0.00208781 0.909651 0.188932 2.4036 0.100632
1  0.981566 -0.186806 0.0403856 -0.103758 -0.698304 -0.708241  0.160505  0.690995 -0.704815 -0.178735 -0.727091   1.03588 0.0021282 0.909651 0.0227426 2.15565 0.0595707
1   0.987852  -0.151567  0.0342893 -0.0839729  -0.706317  -0.702897   0.130755   0.691479  -0.710464  -0.142143  -0.725629    1.04216 0.00209157 0.913758 0.172083 1.25727 0.102381
1  0.981547 -0.186905 0.0403972 -0.103794 -0.698184 -0.708355    0.1606  0.691091   -0.7047 -0.178849 -0.727243   1.03576 0.00213064 0.909651 0.248517 1.53877 0.0595532
1  0.981566 -0.186806 0.0403857 -0.103758 -0.698305 -0.708241  0.160505  0.690995 -0.704815 -0.178735 -0.727091   1.03588 0.00212819 0.909651 0.0963697 1.47555 0.0595706
1    0.99102   -0.13215  0.0203853 -0.0781626   -0.69623  -0.713551   0.108488    0.70555  -0.700307  -0.112469  -0.745777    1.03098 0.00221244 0.89117 0.201774 2.49013 0.143275
1  0.988214 -0.149027  0.034979 -0.081503  -0.70566 -0.703848  0.129575  0.692701 -0.709489 -0.141059 -0.727304   1.04109 0.0020965 0.913758 0.145957 1.14169 0.105089
1   0.990346  -0.136979  0.0212336 -0.0814981   -0.69931  -0.710157   0.112125   0.701571  -0.703723  -0.116578  -0.739912    1.03475 0.00213721 0.895277 0.183666 2.6646 0.134989
1  0.981566 -0.186806 0.0403857 -0.103758 -0.698305 -0.708241  0.160505  0.690995 -0.704815 -0.178735 -0.727091   1.03588 0.00212818 0.909651 0.20249 1.25307 0.0595706
1   0.990455  -0.136134    0.02159 -0.0805113  -0.698534  -0.711033   0.111877   0.702508  -0.702827  -0.116531  -0.741322    1.03378 0.00215742 0.895277 0.25541 1.22761 0.136026
1  0.981566 -0.186806 0.0403856 -0.103758 -0.698304 -0.708241  0.160505  0.690995 -0.704815 -0.178735 -0.727091   1.03588 0.00212818 0.909651 0.0806362 1.30014 0.0595707
1   0.990336  -0.137056  0.0212184 -0.0815509  -0.699224  -0.710236   0.112178   0.701642  -0.703644  -0.116636  -0.740023    1.03467 0.00213943 0.895277 0.202339 1.21382 0.134949
1  0.981547 -0.186905 0.0403972 -0.103794 -0.698184 -0.708355    0.1606  0.691091   -0.7047 -0.178849 -0.727243   1.03576 0.00213062 0.909651 0.191233 1.47999 0.0595533
1  0.981924 -0.184902 0.0404546 -0.101592 -0.695195 -0.711606  0.159701  0.694633 -0.701414 -0.178104 -0.732459   1.03213 0.00214258 0.905544 0.0517276 1.46544 0.0644389
1   0.985369  -0.168278  0.0270433 -0.0970874  -0.684602  -0.722422   0.140082   0.709226  -0.690923  -0.151643  -0.753306    1.02065 0.00199805 0.87885 0.194602 2.54856 0.10402
1  0.981547 -0.186905 0.0403972 -0.103794 -0.698184 -0.708355    0.1606  0.691091   -0.7047 -0.178849 -0.727243   1.03576 0.00213067 0.909651 0.179996 1.95318 0.0595533
1   0.991313  -0.130217  0.0184688 -0.0773292  -0.690669  -0.719025   0.106385   0.711351  -0.694739  -0.109741   -0.75435    1.02483 0.00202266 0.87269 0.22366 1.94492 0.150999
1   0.991193  -0.129417  0.0280621 -0.0715889  -0.701945  -0.708624   0.111406   0.700374  -0.705028  -0.118119  -0.737882    1.03618 0.00221387 0.903491 0.310123 2.23166 0.136923
1  0.981547 -0.186905 0.0403972 -0.103794 -0.698184 -0.708355    0.1606  0.691091   -0.7047 -0.178849 -0.727243   1.03576 0.00213062 0.909651 0.153688 1.42702 0.0595532
1   0.987942  -0.151306  0.0328086 -0.0849089  -0.706711  -0.702388   0.129462   0.691133  -0.711037  -0.140059  -0.725141    1.04276 0.00206002 0.909651 0.176429 1.20608 0.103995
1   0.988131  -0.149632  0.0347508 -0.0821412  -0.705844  -0.703589   0.129808   0.692384  -0.709757  -0.141219  -0.726893    1.04137 0.00210548 0.913758 0.13356 1.78566 0.104506
1     0.9881  -0.149818  0.0348351 -0.0822004  -0.705755  -0.703671   0.130007   0.692433  -0.709672   -0.14149  -0.726917     1.0413 0.00208512 0.913758 0.108986 1.18608 0.104204
1  0.981729 -0.186457  0.037961 -0.103699 -0.691533 -0.714863  0.159543  0.697865 -0.698234 -0.177427 -0.737332   1.02861 0.00205258 0.895277 0.264163 1.27113 0.0681875
1  0.985753 -0.165979 0.0272453  -0.09509 -0.683536 -0.723697  0.138742  0.710795  -0.68958 -0.150426 -0.755571   1.01917 0.00198943 0.876797 0.293875 2.22739 0.107706
1  0.981566 -0.186806 0.0403857 -0.103758 -0.698305 -0.708241  0.160505  0.690995 -0.704815 -0.178735 -0.727091   1.03588 0.00212818 0.909651 0.201186 1.48445 0.0595706
1   0.987907  -0.151212  0.0342852 -0.0836921   -0.70619  -0.703058   0.130523   0.691686  -0.710305  -0.141869  -0.725914    1.04198 0.00209251 0.913758 0.156152 1.20992 0.102859
1  0.981566 -0.186806 0.0403856 -0.103758 -0.698304 -0.708241  0.160505  0.690995 -0.704815 -0.178735 -0.727091   1.03588 0.00212816 0.909651 0.174797 1.24338 0.0595706
1   0.984943  -0.170804  0.0266966 -0.0988261  -0.682996  -0.723705   0.141846    0.71017  -0.689593  -0.153742  -0.754782    1.01916 0.00193731 0.874743 0.239282 2.8093 0.1033
1  0.981612 -0.186795 0.0393093 -0.104107 -0.696495 -0.709969  0.159997  0.692822 -0.703135 -0.177937 -0.729779   1.03403 0.0021591 0.909651 0.341889 2.61507 0.0617608
1   0.986675  -0.159529  0.0319928 -0.0906061  -0.702048  -0.706342   0.135142   0.694031  -0.707147   -0.14642   -0.72996    1.03852 0.00212801 0.907598 0.0937146 1.70893 0.0961119
1   0.991273  -0.128894  0.0276437 -0.0712325  -0.700181  -0.710403   0.110922   0.702234  -0.703252  -0.117552  -0.740642    1.03424 0.00212069 0.895277 0.0983067 1.19304 0.138715
1  0.981566 -0.186806 0.0403857 -0.103758 -0.698305 -0.708241  0.160505  0.690995 -0.704815 -0.178735 -0.727091   1.03588 0.00212819 0.909651 0.115528 1.18138 0.0595706
1  0.981566 -0.186806 0.0403856 -0.103758 -0.698305 -0.708241  0.160505  0.690995 -0.704815 -0.178735 -0.727091   1.03588 0.00212818 0.909651 0.213826 1.5344 0.0595706
1  0.981547 -0.186905 0.0403972 -0.103794 -0.698184 -0.708355    0.1606   0.69109   -0.7047 -0.178849 -0.727243   1.03576 0.00213064 0.909651 0.369611 2.38654 0.0595532
1   0.987907  -0.151212  0.0342852 -0.0836921   -0.70619  -0.703058   0.130523   0.691686  -0.710305  -0.141869  -0.725914    1.04198 0.00209251 0.913758 0.143351 2.30684 0.102859
1   0.990902  -0.132852  0.0215534 -0.0773723  -0.693332  -0.716453   0.110126   0.708266  -0.697303  -0.114945  -0.749765    1.02764 0.00209611 0.88501 0.384634 2.43534 0.143087
1   0.984848  -0.171298  0.0270477 -0.0996751  -0.686753  -0.720024   0.141914   0.706418  -0.693422  -0.153447  -0.749234     1.0234 0.00203199 0.882957 0.174071 1.3306 0.0981394
1   0.991157  -0.130211  0.0255381 -0.0737471  -0.700565  -0.709768   0.110311   0.701608  -0.703973  -0.115934  -0.739775    1.03501 0.00208305 0.89117 0.1367 1.42105 0.138879
1  0.981547 -0.186905 0.0403972 -0.103794 -0.698184 -0.708355    0.1606  0.691091   -0.7047 -0.178849 -0.727243   1.03576 0.00213063 0.909651 0.170416 1.52363 0.0595532
1    0.98722   -0.15588  0.0331477 -0.0875057  -0.704051  -0.704738   0.133192    0.69283  -0.708693  -0.144529  -0.727947    1.04022 0.00210824 0.909651 0.202736 1.43782 0.09879
1  0.981547 -0.186905 0.0403972 -0.103794 -0.698184 -0.708355    0.1606  0.691091   -0.7047 -0.178849 -0.727243   1.03576 0.00213064 0.909651 0.107805 1.29909 0.0595532
1  0.981566 -0.186806 0.0403856 -0.103758 -0.698304 -0.708241  0.160505  0.690995 -0.704815 -0.178735 -0.727091   1.03588 0.0021282 0.909651 0.437675 2.78337 0.0595707
1   0.987815  -0.151961  0.0336182 -0.0845903  -0.705533  -0.703611    0.13064   0.692193   -0.70979  -0.141811  -0.726712    1.04141 0.00211043 0.913758 0.204177 1.58682 0.102678
1  0.981547 -0.186905 0.0403972 -0.103794 -0.698184 -0.708355    0.1606  0.691091   -0.7047 -0.178849 -0.727243   1.03576 0.00213064 0.909651 0.292627 1.29817 0.0595533
1   0.987298  -0.155323  0.0334432 -0.0868514  -0.703862  -0.705007   0.133043   0.693147  -0.708411  -0.144531  -0.728381    1.03992 0.00210234 0.909651 0.162144 1.28624 0.0992358
1  0.981566 -0.186806 0.0403857 -0.103758 -0.698305 -0.708241  0.160505  0.690995 -0.704815 -0.178735 -0.727091   1.03588 0.00212818 0.909651 0.0442002 1.22884 0.0595705
1   0.987907  -0.151212  0.0342852 -0.0836922   -0.70619  -0.703058   0.130523   0.691686  -0.710305  -0.141869  -0.725913    1.04198 0.0020925 0.913758 0.174156 1.26658 0.102858
1   0.987807  -0.151998  0.0336666 -0.0846317  -0.705791  -0.703347   0.130669   0.691922  -0.710049  -0.141853  -0.726307     1.0417 0.00210346 0.913758 0.0181107 1.40195 0.102519
1   0.987815  -0.151961  0.0336182 -0.0845904  -0.705533  -0.703611    0.13064   0.692193   -0.70979  -0.141811  -0.726712    1.04141 0.00211044 0.913758 0.0415686 1.39733 0.102678
1   0.988161  -0.149443  0.0347053 -0.0819711  -0.705497  -0.703956   0.129686   0.692777  -0.709395  -0.141135  -0.727427    1.04099 0.00209415 0.913758 0.0792245 2.11613 0.104825
1   0.988162  -0.149392  0.0349093 -0.0818695  -0.705931  -0.703533   0.129745   0.692346  -0.709805  -0.141217  -0.726785    1.04144 0.00208747 0.913758 0.237982 2.44839 0.10462
1   0.991076  -0.131666   0.020804 -0.0766599  -0.690656  -0.719109   0.109051   0.711097  -0.694586  -0.113653  -0.753961    1.02466 0.00212205 0.882957 0.217059 1.43513 0.147094
1  0.981547 -0.186905 0.0403972 -0.103794 -0.698184 -0.708355    0.1606  0.691091   -0.7047 -0.178849 -0.727243   1.03576 0.00213062 0.909651 0.040597 1.11459 0.0595532
1  0.987943 -0.151296 0.0328296   -0.0849 -0.706782 -0.702318  0.129461  0.691063 -0.711106  -0.14006 -0.725035   1.04284 0.0020586 0.909651 0.0277922 1.94881 0.103976
1   0.991014  -0.132099  0.0210264 -0.0777544  -0.696813  -0.713026   0.108841   0.704983  -0.700823  -0.113038  -0.744938    1.03154 0.00219867 0.89117 0.190322 2.36895 0.142441
1  0.981547 -0.186905 0.0403972 -0.103794 -0.698184 -0.708355    0.1606  0.691091   -0.7047 -0.178849 -0.727243   1.03576 0.00213064 0.909651 0.187013 1.93841 0.0595533
1  0.988214 -0.149027  0.034979 -0.081503  -0.70566 -0.703848  0.129576  0.692701 -0.709489 -0.141059 -0.727304   1.04109 0.00209649 0.913758 0.154558 1.26529 0.105089
1    0.9815 -0.187148 0.0404188 -0.103939 -0.698106  -0.70841  0.160794  0.691104 -0.704643  -0.17907 -0.727286    1.0357 0.00213421 0.909651 0.117819 1.1713 0.0593463
1  0.981566 -0.186806 0.0403856 -0.103758 -0.698304 -0.708241  0.160505  0.690995 -0.704815 -0.178735 -0.727091   1.03588 0.00212817 0.909651 0.110106 0.914717 0.0595706
1  0.987884 -0.151354   0.03431 -0.083745 -0.706016 -0.703227  0.130659  0.691833 -0.710137 -0.142029 -0.726141    1.0418 0.00209541 0.913758 0.124817 1.13675 0.102712
1   0.991276  -0.129247  0.0258345 -0.0731893  -0.702777  -0.707635   0.109616   0.699571  -0.706106  -0.115128  -0.736688    1.03735 0.00217547 0.899384 0.159208 1.44433 0.138912
1   0.988162  -0.149392  0.0349093 -0.0818695  -0.705931  -0.703533   0.129745   0.692346  -0.709805  -0.141217  -0.726785    1.04144 0.00208746 0.913758 0.0867813 1.12351 0.10462
1  0.987818 -0.151816 0.0341524 -0.084234  -0.70622 -0.702964  0.130841  0.691524 -0.710405 -0.142162 -0.725716   1.04209 0.00209836 0.913758 0.116241 1.466 0.102241
1  0.988004 -0.150543 0.0344298 -0.082996 -0.705634 -0.703699  0.130232  0.692399 -0.709664 -0.141622 -0.726968   1.04127 0.00210981 0.913758 0.0265042 1.79046 0.103699
1  0.981547 -0.186905 0.0403972 -0.103794 -0.698184 -0.708355    0.1606  0.691091   -0.7047 -0.178849 -0.727243   1.03576 0.00213064 0.909651 0.268726 1.54666 0.0595533
1  0.987942 -0.151306 0.0328086 -0.084909 -0.706712 -0.702388  0.129462  0.691133 -0.711037 -0.140059 -0.725141   1.04276 0.00206001 0.909651 0.0968689 1.26129 0.103995
1   0.986675  -0.159529  0.0319928 -0.0906062  -0.702048  -0.706342   0.135142   0.694031  -0.707147   -0.14642   -0.72996    1.03852 0.00212801 0.907598 0.143816 1.19931 0.0961118
1  0.981566 -0.186806 0.0403857 -0.103758 -0.698305 -0.708241  0.160505  0.690995 -0.704815 -0.178735 -0.727091   1.03588 0.00212818 0.909651 0.0356517 1.57238 0.0595707
1  0.981566 -0.186806 0.0403857 -0.103758 -0.698305 -0.708241  0.160505  0.690995 -0.704815 -0.178735 -0.727091   1.03588 0.00212818 0.909651 0.0781662 1.45654 0.0595706
1  0.981547 -0.186905 0.0403971 -0.103794 -0.698184 -0.708355    0.1606  0.691091   -0.7047 -0.178849 -0.727243   1.03576 0.00213063 0.909651 0.226568 1.41781 0.0595533
1  0.991168 -0.130072 0.0258402 -0.073489 -0.700931 -0.709433   0.11039  0.701268 -0.704299 -0.116138 -0.739267   1.03536 0.00207514 0.89117 0.0542579 1.62648 0.138602
1  0.981547 -0.186905 0.0403972 -0.103794 -0.698184 -0.708355    0.1606   0.69109   -0.7047 -0.178849 -0.727243   1.03576 0.00213064 0.909651 0.183886 1.63724 0.0595532
1   0.988162  -0.149392  0.0349093 -0.0818695  -0.705931  -0.703533   0.129745   0.692346  -0.709805  -0.141217  -0.726785    1.04144 0.00208746 0.913758 0.211288 1.36474 0.10462
1  0.981547 -0.186905 0.0403972 -0.103794 -0.698184 -0.708355    0.1606  0.691091   -0.7047 -0.178849 -0.727243   1.03576 0.00213064 0.909651 0.147852 1.51205 0.0595533
1   0.991285  -0.129223  0.0255945 -0.0729721  -0.700403  -0.710007   0.109676   0.701952  -0.703729  -0.115245  -0.740251    1.03474 0.00209333 0.89117 0.211151 1.83373 0.140134
1  0.981566 -0.186806 0.0403857 -0.103758 -0.698305 -0.708241  0.160505  0.690995 -0.704815 -0.178735 -0.727091   1.03588 0.00212819 0.909651 0.0897699 1.3722 0.0595706
1  0.981627 -0.186752 0.0391516 -0.104162 -0.696376 -0.710078  0.159873  0.692954 -0.703033 -0.177728 -0.729969   1.03392 0.00213105 0.907598 0.160612 1.38577 0.0620225
1   0.986375  -0.161699  0.0303033 -0.0930776    -0.7004  -0.707656   0.135651   0.695193  -0.705907  -0.146614   -0.73181    1.03716 0.00209949 0.903491 0.318687 2.17524 0.095636
1   0.990861  -0.132242  0.0265681 -0.0750255   -0.70403  -0.706196   0.112093   0.697749  -0.707518  -0.118179    -0.7341    1.03891 0.00215258 0.901437 0.198178 1.36757 0.134037
1   0.985568  -0.167216  0.0263601 -0.0957349  -0.679001  -0.727869    0.13961    0.71484   -0.68521  -0.151469  -0.761634     1.0143 0.00194353 0.870637 0.359695 2.38977 0.112729
0   0.997418  -0.071268 0.00883615 -0.0439569  -0.703176  -0.709655  0.0567891   0.707435  -0.704494 -0.0488253  -0.745925    1.03543 0.00239536 0.87885 0.159872 2.33181 0.227505
1   0.986181  -0.162248  0.0335099 -0.0914521  -0.701782  -0.706497   0.138145   0.693669  -0.706922  -0.150398  -0.729659    1.03828 0.00213366 0.905544 0.0626591 2.00403 0.0916031
1   0.990358  -0.136896  0.0212205 -0.0814645  -0.699412  -0.710061   0.112047   0.701486   -0.70382  -0.116485   -0.73978    1.03486 0.00213548 0.895277 0.271643 2.67792 0.135054
1   0.990853  -0.132282  0.0266937 -0.0751311   -0.70506  -0.705157     0.1121   0.696701  -0.708549  -0.118186  -0.732534    1.04005 0.0021637 0.903491 0.110137 1.08184 0.133554
