1   0.987706  -0.152131  0.0359704 -0.0834052  -0.707448  -0.701826   0.132217   0.690198  -0.711439  -0.144136  -0.723754    1.04323 0.00211285 0.915811 0.121102 1.28237 0.100145
1   0.988196  -0.148738  0.0366946 -0.0803639  -0.707219  -0.702412   0.130426   0.691172  -0.710824  -0.142377  -0.725035     1.0426 0.00214024 0.917865 0.262825 2.25229 0.103728
1  0.981504 -0.186792 0.0419349 -0.103503 -0.702041 -0.704575  0.161049  0.687203  -0.70839 -0.179374 -0.721619    1.0398 0.00212297 0.909651 0.140514 1.57825 0.0564219
0    0.99216   -0.12225  0.0259524 -0.0676984  -0.700291   -0.71064    0.10505   0.703312  -0.703077  -0.110004  -0.741934    1.03405 0.00222964 0.895277 0.0365074 1.37134 0.148661
0   0.992172  -0.121973  0.0267846 -0.0694449  -0.717166  -0.693434   0.103789   0.686146  -0.720022  -0.108326  -0.716742    1.05261 0.00226314 0.907598 0.132948 1.17533 0.145474
1   0.990842  -0.132252  0.0272312 -0.0722224  -0.689487  -0.720688   0.114088   0.712121  -0.692725  -0.121376  -0.755339     1.0228 0.00214963 0.889117 0.12294 1.38094 0.14205
1   0.987989  -0.150893  0.0333153 -0.0837758  -0.704195  -0.705046   0.129847   0.693787  -0.708378  -0.140963  -0.729335     1.0398 0.00218028 0.907598 0.193875 1.44815 0.104677
1   0.991251   -0.12854  0.0299928 -0.0696852  -0.702619  -0.708146   0.112099    0.69986  -0.705429  -0.119387  -0.737086    1.03664 0.00221057 0.903491 0.182126 1.73576 0.136166
1   0.987137  -0.156248   0.033858 -0.0870218   -0.70278  -0.706064   0.134116   0.694036  -0.707338  -0.145903  -0.729663    1.03874 0.00212936 0.911704 0.0550443 1.34855 0.098152
1   0.989306  -0.141316  0.0361034 -0.0750375  -0.705385  -0.704841   0.125072   0.694594  -0.708446  -0.136501  -0.730107    1.03987 0.00216648 0.905544 0.277044 1.85317 0.113816
1   0.987883  -0.150866  0.0364198 -0.0814989  -0.703978   -0.70553    0.13208   0.694013  -0.707743  -0.144261  -0.729268    1.03921 0.00211045 0.913758 -0.0322779 1.44374 0.102276
1   0.987792  -0.152378  0.0323819 -0.0846733  -0.699661   -0.70944   0.130759   0.698037  -0.704021  -0.142051  -0.735129    1.03518 0.00211251 0.913758 0.217674 2.21815 0.105342
1   0.988242  -0.148645  0.0358028 -0.0807397  -0.706204   -0.70339    0.12984   0.692229  -0.709902  -0.141539  -0.726593    1.04157 0.00209066 0.913758 0.137712 1.18367 0.104768
1   0.98185  -0.18516 0.0410646 -0.101469 -0.695762 -0.711069  0.160233  0.693996 -0.701922 -0.178817 -0.731472   1.03271 0.00217581 0.909651 0.200629 2.04038 0.0632496
1   0.97639 -0.210596 0.0480913 -0.114373 -0.692848 -0.711956  0.183255  0.689646 -0.700576 -0.207753 -0.727018   1.03104 0.00220921 0.89117 0.201885 1.95025 0.0440072
1   0.988006  -0.150471  0.0346747 -0.0826798  -0.705162  -0.704209   0.130414   0.692896  -0.709145  -0.141938  -0.727605    1.04075 0.00208295 0.913758 0.0930566 1.27139 0.103678
1   0.987906  -0.150771  0.0362009 -0.0823245  -0.707862  -0.701537   0.131397   0.690072  -0.711713   -0.14331  -0.723525    1.04354 0.00213879 0.917865 0.0934379 1.15713 0.101518
1   0.987541  -0.153833  0.0331534 -0.0860018  -0.704023  -0.704951   0.131785   0.693316  -0.708481   -0.14306    -0.7286    1.04002 0.00211141 0.909651 0.172195 1.36466 0.101221
1  0.987401  -0.15387 0.0369294 -0.084749 -0.711307 -0.697754  0.133632  0.685833 -0.715385 -0.145672 -0.717886   1.04747 0.00219182 0.911704 0.0975488 1.26191 0.0972012
1  0.982993  -0.18066 0.0329703 -0.100847 -0.681074 -0.725237  0.153477  0.709578 -0.687709 -0.170365 -0.754634   1.01707 0.00193591 0.870637 0.247435 1.49796 0.0911061
1  0.980566  -0.19265 0.0370998 -0.109428 -0.694015 -0.711596  0.162837  0.693707 -0.701609 -0.180921 -0.731075   1.03242 0.00211791 0.909651 0.200395 1.13293 0.059014
1   0.988322  -0.148089  0.0358981 -0.0802076  -0.705892  -0.703763    0.12956   0.692666  -0.709527  -0.141316  -0.727307    1.04114 0.00213133 0.913758 0.15028 1.23336 0.105452
1   0.987713  -0.152231  0.0353312 -0.0838383  -0.706954  -0.702273   0.131885   0.690682   -0.71103  -0.143549  -0.724485    1.04282 0.00212093 0.915811 0.223297 1.1362 0.100661
1   0.988126  -0.150088  0.0328836 -0.0838292  -0.705982  -0.703251   0.128765   0.692144  -0.710181  -0.139621  -0.726488    1.04189 0.00210761 0.915811 0.183582 1.09457 0.105347
1   0.987117    -0.1587   0.020351 -0.0919541  -0.666794  -0.739547   0.130936   0.728148  -0.672797  -0.140679  -0.780633    1.00068 0.00201942 0.86653 0.108591 1.3744 0.142702
1  0.981788 -0.184637 0.0447293 -0.100489 -0.704529 -0.702524  0.161225  0.685235 -0.710253 -0.180303 -0.718326   1.04191 0.00206563 0.911704 0.261168 1.30413 0.0559867
1    0.98828  -0.148998  0.0331898 -0.0826663  -0.705174  -0.704199   0.128329   0.693202  -0.709227  -0.139212  -0.728063    1.04083 0.00211028 0.913758 -0.0572222 0.985672 0.106683
1   0.988065  -0.149463  0.0372646 -0.0811345   -0.71061  -0.698892   0.130939   0.687527  -0.714256  -0.142873  -0.719759    1.04636 0.00212348 0.917865 0.170631 1.44334 0.102067
1   0.990711  -0.133179  0.0274968 -0.0754621   -0.70662  -0.703558   0.113129   0.694947  -0.710106    -0.1193  -0.730076    1.04167 0.00216588 0.901437 0.285439 2.7977 0.131523
1  0.981243 -0.188865 0.0386404 -0.103352 -0.684589 -0.721566  0.162731  0.704037 -0.691267 -0.181766 -0.746575   1.02095 0.00205612 0.889117 -0.0644942 1.25851 0.0751449
1   0.987501  -0.154857  0.0293588 -0.0872552  -0.692231  -0.716382    0.13126   0.704865  -0.697091  -0.142148  -0.745593    1.02752 0.00209026 0.899384 0.0627789 1.42518 0.109952
1  0.990337 -0.136919 0.0220343 -0.081011  -0.70012 -0.709414  0.112559  0.700774 -0.704447 -0.117214 -0.738744   1.03554 0.00216462 0.897331 0.189316 2.13715 0.134013
1  0.981441  -0.18714 0.0418461 -0.103364 -0.700072 -0.706552   0.16152  0.689114 -0.706423  -0.18009 -0.724335   1.03767 0.00213398 0.911704 0.0674775 1.27345 0.0571211
1    0.98807  -0.149939  0.0351531 -0.0822059  -0.706516  -0.702906    0.13023   0.691631  -0.710413  -0.141762  -0.725726    1.04215 0.00210189 0.915811 0.140827 1.60785 0.103619
1  0.981841 -0.184913 0.0423635 -0.100461 -0.696252 -0.710733  0.160919  0.693571 -0.702185 -0.179895 -0.730857     1.033 0.00221033 0.911704 0.129969 1.28508 0.0624119
1   0.987673  -0.152963   0.033216 -0.0841882  -0.698016  -0.711116    0.13196   0.699554   -0.70229   -0.14363  -0.737571    1.03329 0.00216309 0.911704 0.159691 2.37313 0.10505
1  0.981547 -0.186285 0.0431637 -0.102171 -0.701722 -0.705086  0.161636  0.687665 -0.707807 -0.180442 -0.722211   1.03916 0.00213786 0.911704 0.0183088 2.13561 0.0563708
1   0.987855  -0.151058  0.0363747 -0.0826105  -0.708907  -0.700447   0.131594   0.688936  -0.712777  -0.143493   -0.72191    1.04474 0.00213858 0.917865 0.153473 1.24 0.100918
1  0.981539 -0.186079 0.0442282 -0.102964  -0.70895 -0.697702  0.161184  0.680268 -0.715021  -0.17974 -0.711116   1.04708 0.00205584 0.913758 0.2749 1.47247 0.05467
1  0.981865 -0.185665 0.0383336 -0.104685 -0.699556 -0.706868  0.158057  0.690036 -0.706306 -0.175451 -0.725681   1.03755 0.00214058 0.909651 0.0911082 1.45773 0.0611578
0   0.992127  -0.123579  0.0203135 -0.0695184  -0.678345  -0.731447   0.104171   0.724276  -0.681596  -0.108312  -0.772676    1.01054 0.00230047 0.88501 0.170014 2.40432 0.168393
1    0.98824  -0.148745  0.0354597 -0.0802068  -0.701659  -0.707984    0.13019   0.696814  -0.705337  -0.142078  -0.733278    1.03657 0.0021341 0.913758 0.130641 1.12165 0.106551
1    0.99039   -0.13682  0.0201755 -0.0822228  -0.699817  -0.709575   0.111203   0.701097  -0.704341  -0.115279  -0.739224    1.03544 0.00216931 0.897331 0.171405 2.65395 0.135881
1  0.981377 -0.187581 0.0413741 -0.104449 -0.701863 -0.704613  0.161211  0.687169 -0.708385 -0.179454 -0.721443   1.03987 0.00210367 0.911704 0.211677 1.22948 0.0558991
1   0.990581  -0.134667  0.0247645 -0.0773487  -0.699589  -0.710347   0.112985   0.701741  -0.703416   -0.11853  -0.740232    1.03437 0.0021349 0.89117 0.263185 1.19454 0.134651
1  0.982345  -0.18177 0.0442397 -0.100948 -0.714143 -0.692683  0.157502  0.675988 -0.719884 -0.175335 -0.704671   1.05238 0.00207546 0.915811 0.103411 1.20808 0.0610281
1   0.990302  -0.137326  0.0210537 -0.0818279  -0.699004   -0.71042   0.112276   0.701808  -0.703463  -0.116731  -0.740321    1.03445 0.00212394 0.893224 0.208115 1.1895 0.134868
1  0.981708 -0.184542 0.0468423 -0.106238 -0.735113 -0.669569  0.157998  0.652345 -0.741271  -0.17519 -0.670609   1.07545 0.00228793 0.926078 0.131521 1.38385 0.0869325
1  0.981113  -0.19029 0.0347528 -0.103995 -0.670366 -0.734707  0.163105  0.717216 -0.677494 -0.182046 -0.766009   1.00588 0.00195155 0.870637 0.136274 1.4161 0.0996613
1   0.985321  -0.168501  0.0273887 -0.0968174  -0.683713    -0.7233   0.140603   0.710031   -0.68999  -0.152369  -0.754496    1.01962 0.00200246 0.87885 0.192821 2.53463 0.104608
1  0.981392 -0.187739 0.0403047 -0.103813 -0.695348 -0.711135  0.161533  0.693718 -0.701899 -0.180001 -0.731057   1.03278 0.00213137 0.909651 0.179725 1.93766 0.0612057
0   0.991335  -0.130892  0.0110645 -0.0784473  -0.657481  -0.749376   0.105362   0.742014  -0.662052   -0.10821  -0.800034    0.98868 0.00210081 0.845996 0.193668 1.89201 0.192211
1   0.991281  -0.128176  0.0305379 -0.0696096  -0.706207  -0.704575   0.111876   0.696306  -0.708972  -0.119064  -0.731907     1.0405 0.0022324 0.905544 0.30435 2.20179 0.13502
1  0.981702  -0.18487 0.0456604 -0.101495 -0.710857 -0.695975  0.161123  0.678605 -0.716613 -0.179915 -0.708561   1.04878 0.00206704 0.915811 0.178941 1.34559 0.0555315
1   0.988971  -0.145626  0.0270009 -0.0848464  -0.706482  -0.702627   0.121396   0.692587  -0.711046  -0.129513  -0.727018    1.04277 0.00211937 0.909651 0.152702 1.14413 0.11596
1   0.988186   -0.14926   0.034774 -0.0819745   -0.70649   -0.70296   0.129491   0.691804  -0.710379  -0.140825   -0.72607    1.04211 0.00211201 0.913758 0.130874 1.77185 0.104792
1   0.988091  -0.149822  0.0350709 -0.0817239  -0.704098  -0.705384   0.130375   0.694117  -0.707957  -0.142056  -0.729357    1.03947 0.002091 0.913758 0.106473 1.1755 0.104497
1  0.981886 -0.185448 0.0388464 -0.102482 -0.692244  -0.71435  0.159366  0.697429  -0.69871 -0.177423 -0.736632   1.02919 0.00209453 0.899384 0.249124 1.24844 0.0679332
1   0.985601  -0.167592  0.0224545 -0.0955035  -0.661334  -0.743987   0.139536   0.731129  -0.667817  -0.151425  -0.785845   0.994895 0.00196639 0.854209 0.302053 2.18472 0.141511
1  0.981572 -0.185023 0.0477774 -0.100842 -0.713914 -0.692935  0.162318  0.675347 -0.719416 -0.181559 -0.704044   1.05186 0.00212326 0.915811 0.203035 1.41234 0.0557397
1   0.988058  -0.149872   0.035774 -0.0828527  -0.712529  -0.696733   0.129911   0.685449  -0.716438  -0.141244  -0.716736    1.04875 0.00211095 0.917865 0.148718 1.17686 0.102856
1  0.981829  -0.18465 0.0437788 -0.100908 -0.703374 -0.703621  0.160716  0.686418 -0.709225 -0.179534  -0.72032   1.04066 0.00213919 0.911704 0.170522 1.2231 0.0570314
1  0.984992 -0.170552 0.0265233 -0.100161 -0.689949 -0.716894  0.140568  0.703478 -0.696677 -0.151865 -0.744901   1.02696 0.00201929 0.882957 0.207094 2.77182 0.0958939
1  0.980851  -0.18832 0.0496696 -0.106325  -0.73144 -0.673566  0.163176  0.655386 -0.737457 -0.181578 -0.675263   1.07121 0.00226567 0.924025 0.309405 2.54906 0.077047
1   0.987783   -0.15328  0.0281192 -0.0852683  -0.682638  -0.725764    0.13044     0.7145  -0.687368  -0.141266  -0.759854    1.01677 0.0020204 0.882957 0.139544 1.61081 0.122613
1    0.99128  -0.128773  0.0279669 -0.0708665  -0.699878  -0.710738   0.111098   0.702558  -0.702901  -0.117808  -0.741158    1.03382 0.00211516 0.893224 0.100659 1.16934 0.138798
1  0.981572 -0.185749 0.0448736 -0.102341 -0.709299 -0.697439  0.161377  0.679995 -0.715237 -0.180107 -0.710665   1.04732 0.00207839 0.915811 0.136222 1.10797 0.0546681
1  0.981242 -0.186941 0.0470897 -0.104173 -0.719706  -0.68642  0.162211  0.668638  -0.72568 -0.180942   -0.6944   1.05858 0.00216243 0.919918 0.201177 1.45275 0.0601315
1  0.981493 -0.185951 0.0457568 -0.101819 -0.709108  -0.69771  0.162186  0.680138 -0.714918 -0.181294 -0.710929   1.04695 0.00206169 0.913758 0.390009 2.31713 0.053892
1   0.987913  -0.150981   0.035113 -0.0830155  -0.706618  -0.702709   0.130907     0.6913  -0.710611  -0.142478  -0.725329    1.04238 0.00211344 0.915811 0.134786 2.28998 0.102376
1  0.990925 -0.132375 0.0233262 -0.076111 -0.695626 -0.714361   0.11079  0.706103 -0.699388 -0.116013 -0.746581   1.02993 0.00208112 0.88501 0.389035 2.41801 0.140768
1  0.984865 -0.171169  0.027228 -0.099502  -0.68701 -0.719803  0.141914    0.7062 -0.693644 -0.153481 -0.748917   1.02363 0.00200234 0.880903 0.186121 1.31876 0.0978836
1   0.991003  -0.131326  0.0258341 -0.0734291  -0.694838  -0.715408   0.111902   0.707074   -0.69823  -0.118061  -0.747811    1.02875 0.00202743 0.88501 0.159753 1.39317 0.140397
1  0.980703 -0.188872 0.0504779 -0.105374  -0.72815  -0.67727  0.164673  0.658882 -0.734001 -0.183863 -0.679924   1.06776 0.00218213 0.926078 0.150364 1.39804 0.0704297
1   0.986845   -0.15905  0.0289819 -0.0927221  -0.703671   -0.70445   0.132436   0.692496  -0.709162  -0.142608  -0.727607     1.0408 0.00210442 0.907598 0.204182 1.40434 0.0985797
1  0.981034 -0.188611 0.0447031 -0.103743 -0.705716 -0.700858  0.163737  0.682928 -0.711899 -0.182963 -0.715239   1.04369 0.0020949 0.913758 0.122769 1.24968 0.0516875
1  0.981604 -0.186378 0.0414366 -0.103361 -0.701211 -0.705422  0.160531  0.688162 -0.707575 -0.178872 -0.722906   1.03894 0.00212184 0.911704 0.439354 2.76632 0.0574594
1   0.987829    -0.1528  0.0291056 -0.0884426  -0.705677  -0.702992   0.127956   0.691861  -0.710602   -0.13763  -0.726234    1.04235 0.00206483 0.909651 0.221373 1.55964 0.10541
1  0.981177 -0.185481  0.053748 -0.102024   -0.7342 -0.671224  0.163961  0.653106 -0.739304 -0.183786 -0.671687   1.07316 0.00220631 0.924025 0.267501 1.1779 0.0813694
1   0.986102  -0.161617  0.0384994 -0.0880283  -0.704789  -0.703935   0.140902   0.690762  -0.709221  -0.154609   -0.72492    1.04091 0.00226703 0.921971 0.0965092 1.22416 0.0873009
1  0.981653  -0.18615 0.0413055  -0.10384 -0.703584 -0.702985  0.159922  0.685798 -0.710005 -0.177855 -0.719468    1.0416 0.00209297 0.909651 0.0600145 1.19838 0.0568605
1   0.988215  -0.148681   0.036412 -0.0812483  -0.711063  -0.698419   0.129733   0.687229  -0.714762   -0.14124  -0.719333     1.0469 0.00210681 0.915811 0.168507 1.2366 0.10372
1   0.987976  -0.151187  0.0323344 -0.0849206  -0.705431  -0.703673   0.129196   0.692466  -0.709788  -0.139943  -0.727063    1.04144 0.0021022 0.913758 0.0187013 1.3884 0.104635
1   0.988793  -0.145628  0.0328867 -0.0809085  -0.707827  -0.701737   0.125471   0.691212  -0.711677  -0.135666   -0.72502    1.04351 0.00212556 0.913758 0.0346988 1.33535 0.110579
1   0.988321   -0.14801  0.0362612 -0.0802684  -0.707902  -0.701735   0.129533   0.690628  -0.711515  -0.141274  -0.724376     1.0433 0.00213406 0.913758 0.0616766 2.09235 0.104844
1   0.988474  -0.146924  0.0364945 -0.0799534  -0.711353  -0.698273   0.128554   0.687307  -0.714901  -0.140048  -0.719397    1.04702 0.00214207 0.917865 0.21805 2.43112 0.105704
1   0.991142  -0.130906  0.0223844 -0.0751954  -0.692092  -0.717882   0.109467   0.709839  -0.695805  -0.114481   -0.75212    1.02602 0.00211447 0.882957 0.219853 1.42136 0.145696
1  0.981292  -0.18913 0.0360033 -0.108663  -0.69845 -0.707361   0.15893  0.690216 -0.705935 -0.175786 -0.726044   1.03721 0.00214661 0.909651 0.0333963 1.08801 0.0597186
1    0.98842  -0.149155  0.0278907 -0.0866754  -0.705845  -0.703043   0.124549   0.692485    -0.7106  -0.133472  -0.726932    1.04234 0.00209554 0.911704 0.0103468 1.92816 0.110861
1  0.990986  -0.13221 0.0216295 -0.077322 -0.696307 -0.713567  0.109402  0.705462 -0.700253  -0.11383 -0.745637    1.0309 0.00220174 0.89117 0.189194 2.35537 0.142085
1  0.981237 -0.188718 0.0394921 -0.108488 -0.709743 -0.696057  0.159388  0.678712   -0.7169 -0.176447 -0.708904   1.04917 0.00211566 0.917865 0.19273 1.86627 0.0556905
1   0.988369  -0.148122  0.0344591 -0.0814247    -0.7068  -0.702711   0.128443   0.691732   -0.71064    -0.1395  -0.725851    1.04236 0.00209997 0.913758 0.153156 1.23195 0.106401
1  0.981235 -0.187873 0.0433776 -0.102677 -0.699544 -0.707174  0.163204   0.68945 -0.705707 -0.182433 -0.724899   1.03687 0.00215347 0.911704 0.109858 1.15034 0.0559087
1  0.979884 -0.195084 0.0420696  -0.11515 -0.724856 -0.679209  0.162997  0.660701 -0.732738 -0.179889 -0.682603   1.06636 0.00220282 0.924025 0.0788918 0.807981 0.0672048
1   0.987937  -0.151257  0.0332057 -0.0838263  -0.702633  -0.706597   0.130209    0.69529  -0.706836  -0.141409  -0.731129    1.03825 0.00210334 0.913758 0.121507 1.11659 0.104759
0  0.991698 -0.125467 0.0281724 -0.069823 -0.709373 -0.701366  0.107983  0.693576 -0.712244 -0.113767 -0.727934   1.04408 0.00221929 0.901437 0.142271 1.41121 0.139866
1   0.988146  -0.149338   0.035572 -0.0814463  -0.706396  -0.703115    0.13013   0.691884  -0.710185  -0.141766    -0.7261    1.04189 0.00211356 0.915811 0.0753609 1.11307 0.104064
1   0.987989  -0.151162  0.0320479 -0.0851304   -0.70556  -0.703518   0.128957    0.69234  -0.709955  -0.139603  -0.726842    1.04165 0.0020893 0.913758 0.120059 1.44585 0.104849
1   0.988338    -0.1478  0.0366594 -0.0800302  -0.708957  -0.700696   0.129553    0.68959  -0.712518  -0.141247  -0.722984    1.04436 0.00219765 0.913758 -0.0140272 1.76707 0.104735
1  0.981341 -0.188222 0.0392824 -0.105725  -0.69886 -0.707401  0.160601  0.690048  -0.70572 -0.178476 -0.725759    1.0369 0.00211996 0.909651 0.272393 1.52634 0.0582859
1   0.988529  -0.148064  0.0297934 -0.0836267  -0.700863  -0.708377   0.125766   0.697759  -0.705205  -0.135242  -0.734587    1.03638 0.00209138 0.907598 0.0831159 1.20583 0.112461
1   0.986651  -0.159953  0.0305767 -0.0900437   -0.69229   -0.71598   0.135691   0.703669  -0.697451  -0.147244  -0.744195    1.02788 0.00205477 0.895277 0.173285 1.13368 0.103054
1  0.981449 -0.187263 0.0411138 -0.105048 -0.704631 -0.701755  0.160383  0.684418 -0.711231 -0.178316 -0.717575   1.04294 0.00210452 0.909651 0.0463758 1.55202 0.0555212
1  0.981561 -0.186075 0.0437481 -0.102702 -0.706413 -0.700309  0.161214  0.682903 -0.712498 -0.179818 -0.715254   1.04429 0.00211091 0.911704 0.085647 1.43201 0.054849
1  0.981529  -0.18574 0.0458406 -0.102272 -0.711918 -0.694776  0.161683  0.677254 -0.717764   -0.1805  -0.70672   1.05004 0.00207915 0.915811 0.245255 1.34502 0.0550638
1   0.990998  -0.130773  0.0286774 -0.0715318  -0.698261   -0.71226   0.113169   0.703797  -0.701329  -0.120167  -0.742931    1.03217 0.00214598 0.895277 0.021971 1.56703 0.136689
1  0.981674 -0.184669 0.0470488 -0.101704 -0.716479 -0.690156   0.16116  0.672723  -0.72213 -0.180015 -0.700007   1.05476 0.00213719 0.921971 0.18138 1.54458 0.0584398
1   0.988237  -0.148379  0.0370307 -0.0801087  -0.708523  -0.701127   0.130269   0.689913  -0.712075  -0.142174  -0.723192    1.04396 0.00213876 0.917865 0.191906 1.35112 0.103725
1   0.981336  -0.185766  0.0497037 -0.0999852  -0.713684  -0.693295   0.164263   0.675386  -0.718938  -0.184501  -0.704002    1.05125 0.00207502 0.915811 0.170096 1.41693 0.0538456
1   0.991257  -0.129587  0.0248255 -0.0729248  -0.694883  -0.715416   0.109959   0.707351  -0.698258  -0.115608   -0.74813    1.02881 0.00212241 0.89117 0.200194 1.81014 0.143314
1  0.981826 -0.185212 0.0413988 -0.102402 -0.700671 -0.706097  0.159785  0.689026 -0.706903 -0.178024 -0.724058   1.03822 0.00211577 0.911704 0.0950794 1.34142 0.0590523
1  0.981627 -0.186729 0.0392401 -0.103987 -0.695967 -0.710504  0.159982   0.69337 -0.702598 -0.177909 -0.730565   1.03345 0.00212855 0.907598 0.161597 1.37524 0.0623573
1   0.986213  -0.162839  0.0294551 -0.0942592  -0.699079  -0.708805   0.136013   0.696256  -0.704789  -0.146806  -0.733358    1.03595 0.0020644 0.901437 0.330074 2.14198 0.0956521
1   0.990911  -0.131468  0.0284985 -0.0731521  -0.704412  -0.706012   0.112892    0.69751  -0.707627  -0.119539  -0.733705    1.03907 0.00224696 0.907598 0.163022 1.34404 0.133252
1   0.986674  -0.159991  0.0296283 -0.0888328  -0.682232  -0.725719   0.136322   0.713416  -0.687353  -0.148841  -0.759152    1.01659 0.00193482 0.868583 0.362563 2.35933 0.114465
0    0.997112  -0.0759278 -0.00182862  -0.0549667   -0.704809   -0.707265   0.0524122    0.705322   -0.706947  -0.0412731    -0.74296     1.03822 0.00244392 0.874743 0.142841 2.30208 0.231183
1   0.986005  -0.163223   0.033933 -0.0920392   -0.70267  -0.705538   0.139004   0.692541  -0.707859  -0.151401  -0.728037     1.0393 0.00212505 0.905544 0.0664415 1.9709 0.0897376
1   0.990443  -0.136218  0.0216377 -0.0815323  -0.704766  -0.704739   0.111248   0.696239  -0.709137  -0.115456  -0.732117    1.04067 0.00214565 0.897331 0.268174 2.65667 0.133646
1   0.990844  -0.132049  0.0281486 -0.0740436  -0.705783  -0.704548   0.112901   0.696012  -0.709098  -0.119434    -0.7315    1.04069 0.00221767 0.907598 0.087942 1.05517 0.132395
