1  0.981566 -0.186806 0.0403857 -0.103758 -0.698304 -0.708241  0.160505  0.690995 -0.704815 -0.178735 -0.727091   1.03588 0.00212818 0.909651 0.114722 0.224539 0.0595706
1  0.981566 -0.186806 0.0403856 -0.103758 -0.698305 -0.708241  0.160505  0.690995 -0.704815 -0.178735 -0.727091   1.03588 0.0021282 0.909651 0.266973 0.275777 0.0595707
0   0.997528 -0.0695579 0.00993957 -0.0419745  -0.703355  -0.709598  0.0563492   0.707427  -0.704536 -0.0486418  -0.745938    1.03544 0.00238866 0.876797 0.0329511 0.0933641 0.228577
1   0.991163  -0.130327  0.0247153 -0.0743376   -0.70004  -0.710224   0.109863   0.702111  -0.703541  -0.115142  -0.740488    1.03454 0.00208959 0.89117 0.0970273 0.144295 0.139721
1   0.990673  -0.134132   0.023986 -0.0778786  -0.701819  -0.708086   0.111811   0.699614  -0.705719   -0.11695   -0.73683    1.03697 0.00213293 0.899384 0.182834 0.0669457 0.134912
1   0.991163  -0.130327  0.0247153 -0.0743376  -0.700039  -0.710224   0.109863   0.702111  -0.703541  -0.115142  -0.740488    1.03454 0.00208961 0.89117 0.147427 0.143383 0.139722
0   0.994639  -0.101506  0.0197274 -0.0578775  -0.704585  -0.707256  0.0856902   0.702322  -0.706683 -0.0856273  -0.739586    1.03788 0.00224191 0.89117 0.171091 0.158491 0.178763
0   0.994639  -0.101506  0.0197273 -0.0578775  -0.704585  -0.707256  0.0856901   0.702323  -0.706683 -0.0856272  -0.739586    1.03788 0.00224191 0.89117 0.170531 0.0591468 0.178763
1   0.986472  -0.160788   0.031953 -0.0916265  -0.702419  -0.705841   0.135935   0.693364  -0.707649  -0.147236  -0.729025    1.03906 0.00212356 0.907598 0.0576212 0.0834242 0.0945013
0   0.995089 -0.0973018  0.0181755 -0.0562746  -0.707165  -0.704805  0.0814318   0.700321  -0.709168 -0.0801975  -0.736403    1.04063 0.00218927 0.889117 0.269438 0.0512148 0.184765
1   0.991262  -0.128998  0.0275617 -0.0713428  -0.700033  -0.710538   0.110952   0.702363  -0.703119  -0.117585  -0.740834    1.03409 0.00211975 0.895277 -0.0368293 0.0419509 0.138713
1   0.991409  -0.128997  0.0216267 -0.0748739  -0.695288  -0.714821   0.107246    0.70706  -0.698973  -0.111416  -0.747907    1.02951 0.00217495 0.887064 0.19455 0.165995 0.146691
1   0.991163  -0.130327  0.0247153 -0.0743376   -0.70004  -0.710224   0.109863   0.702111  -0.703541  -0.115142  -0.740488    1.03454 0.0020896 0.89117 0.13815 0.129261 0.139721
1   0.987481  -0.154204  0.0331959 -0.0862737  -0.704187  -0.704754   0.132052   0.693067  -0.708675  -0.143315  -0.728155     1.0402 0.00208397 0.909651 0.0878907 0.179933 0.100698
1  0.975093 -0.217098 0.0454149 -0.120501  -0.69044 -0.713283  0.186209  0.690044 -0.699403 -0.210391  -0.72778    1.0298 0.0022302 0.895277 0.194301 0.204213 0.0446612
1   0.986338  -0.161551   0.032223 -0.0921682  -0.703321  -0.704872   0.136536   0.692273  -0.708602  -0.147874  -0.727437     1.0401 0.00211404 0.907598 0.0795186 0.0514081 0.0930717
1   0.987821  -0.151911  0.0336472 -0.0845412  -0.705577  -0.703572   0.130621   0.692159  -0.709827  -0.141796  -0.726657    1.04145 0.00210905 0.913758 0.106042 0.0620279 0.102703
1   0.986374   -0.16132  0.0322674 -0.0919801  -0.703383  -0.704835   0.136401   0.692263  -0.708637  -0.147731  -0.727406    1.04014 0.00211212 0.907598 0.17192 0.052412 0.0932901
1  0.981547 -0.186905 0.0403972 -0.103794 -0.698184 -0.708355    0.1606  0.691091   -0.7047 -0.178849 -0.727243   1.03576 0.00213063 0.909651 0.122743 0.0943025 0.0595533
1   0.991163  -0.130327  0.0247153 -0.0743376  -0.700039  -0.710224   0.109863   0.702111  -0.703541  -0.115142  -0.740488    1.03454 0.0020896 0.89117 0.187692 0.147881 0.139722
1   0.991276  -0.129247  0.0258345 -0.0731892  -0.702777  -0.707635   0.109616   0.699571  -0.706106  -0.115128  -0.736688    1.03735 0.00217545 0.899384 0.17867 0.0833634 0.138912
1   0.987481   -0.15421  0.0331873 -0.0862775  -0.704151  -0.704789   0.132055   0.693102   -0.70864  -0.143318   -0.72821    1.04017 0.00208512 0.909651 0.168702 0.112028 0.100709
1   0.991211  -0.129801   0.025531 -0.0734741   -0.70067  -0.709692   0.110007   0.701579  -0.704049  -0.115566  -0.739694    1.03509 0.00207951 0.89117 0.238462 0.124489 0.139356
0   0.995095 -0.0972281   0.018253 -0.0561813  -0.707289  -0.704689  0.0814257   0.700207  -0.709282 -0.0802054   -0.73623    1.04076 0.00218801 0.889117 0.152438 0.124404 0.184761
1  0.981566 -0.186806 0.0403856 -0.103758 -0.698304 -0.708241  0.160505  0.690995 -0.704815 -0.178735 -0.727091   1.03588 0.00212818 0.909651 0.0605825 0.101314 0.0595707
0   0.997512 -0.0697995 0.00985958 -0.0421959  -0.703271  -0.709669  0.0564685   0.707487  -0.704466 -0.0487459  -0.746024    1.03537 0.00238664 0.876797 0.14635 0.0676753 0.228381
1   0.986627  -0.159975  0.0312157 -0.0905019  -0.696969  -0.711368   0.135557    0.69903  -0.702126  -0.147003  -0.737503    1.03299 0.00204534 0.895277 -0.0246908 0.0800813 0.098966
1   0.990271  -0.136906  0.0249042 -0.0793222  -0.702421  -0.707328   0.114331   0.698471  -0.706447   -0.12015  -0.735317    1.03777 0.00211705 0.899384 0.173142 0.0832536 0.130362
1   0.991335  -0.130013   0.018752 -0.0767541  -0.689166  -0.720527   0.106601   0.712844  -0.693173  -0.110224  -0.756481     1.0231 0.00200848 0.87269 0.337369 0.345813 0.152063
1  0.981505 -0.187143 0.0403269 -0.103783 -0.697168 -0.709356  0.160865  0.692051 -0.703696 -0.179189 -0.728686   1.03465 0.00215197 0.909651 -0.114118 0.0493336 0.0601959
1   0.991163  -0.130327  0.0247153 -0.0743376  -0.700039  -0.710224   0.109863   0.702111  -0.703541  -0.115142  -0.740488    1.03454 0.0020896 0.89117 0.0630731 0.0677637 0.139722
0   0.994132  -0.107235  0.0142151 -0.0648438  -0.695945  -0.715161   0.086583   0.710043  -0.698815 -0.0853215  -0.751193    1.02927 0.00220913 0.880903 0.172649 0.170286 0.18016
1  0.981786 -0.185661 0.0403327 -0.102443 -0.696094 -0.710605  0.160007   0.69353 -0.702434 -0.178335 -0.730838   1.03325 0.00218178 0.909651 0.0465903 0.0964827 0.0627882
1   0.991409  -0.128997  0.0216267 -0.0748739  -0.695288  -0.714821   0.107246   0.707061  -0.698973  -0.111416  -0.747907    1.02951 0.00217494 0.887064 0.110969 0.0764369 0.146691
1   0.991163  -0.130327  0.0247153 -0.0743376  -0.700039  -0.710224   0.109863   0.702111  -0.703541  -0.115142  -0.740488    1.03454 0.00208958 0.89117 0.177499 0.128299 0.139721
1   0.991163  -0.130327  0.0247153 -0.0743376  -0.700039  -0.710224   0.109863   0.702111  -0.703541  -0.115142  -0.740488    1.03454 0.00208958 0.89117 0.188245 0.307022 0.139722
1  0.981566 -0.186806 0.0403856 -0.103758 -0.698305 -0.708241  0.160505  0.690995 -0.704815 -0.178735 -0.727091   1.03588 0.00212817 0.909651 0.0227562 0.265285 0.0595706
1   0.985837   -0.16496  0.0302236 -0.0933586  -0.689524  -0.718221   0.139317   0.705227  -0.695158  -0.151408  -0.747104    1.02535 0.00205213 0.887064 0.187694 0.0640026 0.100123
1   0.987389  -0.154796  0.0331901 -0.0866049  -0.703636  -0.705263   0.132526   0.693494  -0.708169  -0.143859  -0.728831    1.03966 0.00209586 0.909651 0.260784 0.102269 0.100174
1   0.991163  -0.130327  0.0247153 -0.0743376   -0.70004  -0.710224   0.109863   0.702111  -0.703541  -0.115142  -0.740488    1.03454 0.0020896 0.89117 0.112754 0.119051 0.139721
1  0.981547 -0.186905 0.0403971 -0.103794 -0.698184 -0.708355    0.1606  0.691091   -0.7047 -0.178849 -0.727243   1.03576 0.00213063 0.909651 0.243441 0.221311 0.0595533
1   0.987338  -0.155096  0.0333011 -0.0867032  -0.703423  -0.705464   0.132839   0.693644  -0.707963  -0.144286  -0.729085    1.03943 0.00210237 0.909651 0.143563 0.0515499 0.0997763
1   0.991163  -0.130327  0.0247153 -0.0743376   -0.70004  -0.710224   0.109863   0.702111  -0.703541  -0.115142  -0.740488    1.03454 0.00208961 0.89117 0.115178 0.321718 0.139721
1  0.981547 -0.186905 0.0403972 -0.103794 -0.698184 -0.708355    0.1606  0.691091   -0.7047 -0.178849 -0.727243   1.03576 0.00213063 0.909651 0.201575 0.0999399 0.0595532
0   0.994401  -0.104525  0.0155286 -0.0624869  -0.700142  -0.711265  0.0852168   0.706312  -0.702753 -0.0839709  -0.745578    1.03358 0.00225952 0.887064 0.220174 0.135189 0.180417
0   0.994547  -0.102251  0.0205066 -0.0578879  -0.704836  -0.707004   0.086746   0.701962  -0.706912 -0.0870886  -0.739077    1.03812 0.00229302 0.895277 0.00942512 0.0469693 0.177025
0   0.997429 -0.0713681 0.00649592 -0.0456938   -0.70319  -0.709532  0.0552058   0.707411  -0.704644 -0.0463352  -0.745982    1.03551 0.00232272 0.870637 0.134003 0.0767147 0.229604
1  0.981547 -0.186905 0.0403972 -0.103794 -0.698184 -0.708355    0.1606  0.691091   -0.7047 -0.178849 -0.727243   1.03576 0.00213064 0.909651 0.191227 0.128953 0.0595532
1  0.981476 -0.187314 0.0402369 -0.104081 -0.697624 -0.708864  0.160851  0.691545 -0.704197 -0.179121 -0.727948   1.03521 0.00214262 0.909651 0.0517077 0.0804624 0.0596634
0   0.994134  -0.107216   0.014216 -0.0649778   -0.69716  -0.713965  0.0864591   0.708854  -0.700037 -0.0851419  -0.749426    1.03061 0.00219337 0.880903 0.11587 0.162782 0.179569
1   0.991409  -0.128997  0.0216268 -0.0748739  -0.695288  -0.714821   0.107246    0.70706  -0.698973  -0.111416  -0.747907    1.02951 0.00217496 0.887064 0.288233 0.125336 0.146691
0   0.994132  -0.107235  0.0142151 -0.0648438  -0.695945  -0.715161   0.086583   0.710043  -0.698815 -0.0853215  -0.751193    1.02927 0.00220913 0.880903 0.152092 0.222404 0.18016
1   0.991409  -0.128997  0.0216268 -0.0748739  -0.695288  -0.714821   0.107246    0.70706  -0.698973  -0.111416  -0.747907    1.02951 0.00217494 0.887064 0.322256 0.142057 0.146691
1  0.975329 -0.214995 0.0501064 -0.117833 -0.698952 -0.705394  0.186678  0.682087 -0.707042 -0.211614 -0.715903   1.03817 0.00225568 0.903491 0.104011 0.0868276 0.0357213
1  0.987835 -0.151874 0.0334054 -0.084879 -0.706598 -0.702506  0.130297  0.691125 -0.710893 -0.141186 -0.725146   1.04261 0.00208588 0.911704 0.166092 0.063971 0.102809
1  0.981786 -0.185661 0.0403327 -0.102443 -0.696094 -0.710605  0.160007   0.69353 -0.702434 -0.178335 -0.730838   1.03325 0.00218182 0.909651 0.320388 0.158858 0.0627883
1   0.991163  -0.130327  0.0247153 -0.0743375  -0.700039  -0.710224   0.109863   0.702111  -0.703541  -0.115142  -0.740488    1.03454 0.00208959 0.89117 0.107077 0.0925415 0.139722
1  0.975093 -0.217098 0.0454149 -0.120501  -0.69044 -0.713283  0.186209  0.690044 -0.699403 -0.210391  -0.72778    1.0298 0.0022302 0.895277 0.200489 0.102689 0.0446611
1  0.981566 -0.186806 0.0403857 -0.103758 -0.698305 -0.708241  0.160505  0.690995 -0.704815 -0.178735 -0.727091   1.03588 0.00212819 0.909651 0.125444 0.2003 0.0595706
1   0.991276  -0.129247  0.0258346 -0.0731892  -0.702777  -0.707635   0.109616   0.699571  -0.706106  -0.115128  -0.736688    1.03735 0.00217545 0.899384 0.183444 0.0642974 0.138912
1   0.987516  -0.153972  0.0332429 -0.0860561   -0.70411  -0.704857   0.131935   0.693197   -0.70857   -0.14322   -0.72834     1.0401 0.00208364 0.909651 0.159728 0.0541416 0.100954
0   0.994639  -0.101506  0.0197273 -0.0578775  -0.704585  -0.707256  0.0856901   0.702322  -0.706683 -0.0856272  -0.739586    1.03788 0.00224191 0.89117 0.13069 0.139461 0.178763
1   0.985268  -0.168867  0.0270459 -0.0967644  -0.680854  -0.725999   0.141012   0.712686  -0.687164  -0.153073  -0.758454    1.01646 0.00193252 0.87269 0.241165 0.195809 0.107996
1  0.981786 -0.185661 0.0403327 -0.102443 -0.696094 -0.710605  0.160007   0.69353 -0.702434 -0.178335 -0.730838   1.03325 0.0021818 0.909651 0.265872 0.190533 0.0627882
1   0.991163  -0.130327  0.0247153 -0.0743376  -0.700039  -0.710224   0.109863   0.702111  -0.703541  -0.115142  -0.740488    1.03454 0.00208961 0.89117 0.110068 0.144325 0.139722
1   0.985606  -0.166535   0.029111 -0.0950307  -0.688159   -0.71931   0.139823   0.706189  -0.694079    -0.1517  -0.748679    1.02414 0.00201503 0.882957 0.143232 0.0693681 0.100557
1  0.980414 -0.192626 0.0410232 -0.107843 -0.699373 -0.706574  0.164795  0.688311 -0.706449 -0.183656 -0.723389   1.03766 0.002142 0.911704 0.109789 0.0530435 0.0522864
1  0.981566 -0.186806 0.0403857 -0.103758 -0.698304 -0.708241  0.160505  0.690995 -0.704815 -0.178735 -0.727091   1.03588 0.00212817 0.909651 0.213831 0.0997041 0.0595706
1   0.98183 -0.185441  0.040259 -0.102312 -0.695994 -0.710722  0.159817  0.693689  -0.70232 -0.178105 -0.731053   1.03313 0.00218022 0.909651 0.354942 0.136401 0.063159
1  0.986181 -0.162248 0.0335099 -0.091452 -0.701783 -0.706497  0.138145  0.693669 -0.706922 -0.150398 -0.729658   1.03828 0.00213365 0.905544 0.126509 0.183159 0.091603
1   0.991335  -0.130013   0.018752 -0.0767541  -0.689166  -0.720527   0.106601   0.712844  -0.693173  -0.110224  -0.756481     1.0231 0.00200848 0.87269 0.410359 0.357993 0.152063
0   0.994132  -0.107235  0.0142151 -0.0648438  -0.695945  -0.715161   0.086583   0.710043  -0.698815 -0.0853216  -0.751193    1.02927 0.00220914 0.880903 0.102064 0.0874456 0.18016
1   0.991163  -0.130327  0.0247153 -0.0743376  -0.700039  -0.710224   0.109863   0.702111  -0.703541  -0.115142  -0.740488    1.03454 0.0020896 0.89117 0.133986 0.145154 0.139721
1  0.977223 -0.205673 0.0522854 -0.110847 -0.704801 -0.700692  0.180964  0.678937 -0.711546 -0.205502 -0.710506   1.04308 0.00225459 0.909651 0.122152 0.0737173 0.0361839
1   0.986374   -0.16132  0.0322674 -0.0919801  -0.703383  -0.704835   0.136401   0.692263  -0.708637  -0.147731  -0.727406    1.04014 0.00211214 0.907598 0.201263 0.0583576 0.0932901
1  0.981197 -0.188705 0.0405328 -0.105016  -0.69816 -0.708197  0.161939  0.690625  -0.70485 -0.180479 -0.726681   1.03592 0.00217191 0.911704 0.0905211 0.0423986 0.0575287
1   0.990842  -0.131999  0.0284203 -0.0735024  -0.703861  -0.706525   0.113265   0.697966  -0.707117  -0.120253  -0.734365     1.0385 0.00222562 0.907598 0.0879104 0.157066 0.132635
1  0.991129 -0.130591 0.0246747 -0.074552 -0.700012 -0.710229  0.110022  0.702089 -0.703538 -0.115307 -0.740459   1.03454 0.00208619 0.89117 0.213316 0.105612 0.139441
0   0.994132  -0.107235  0.0142151 -0.0648439  -0.695945  -0.715161   0.086583   0.710043  -0.698815 -0.0853215  -0.751193    1.02927 0.00220913 0.880903 0.227819 0.101908 0.18016
1   0.986472  -0.160788   0.031953 -0.0916266  -0.702419  -0.705841   0.135935   0.693364  -0.707649  -0.147236  -0.729025    1.03906 0.00212357 0.907598 0.294973 0.090196 0.0945013
1  0.981566 -0.186806 0.0403856 -0.103758 -0.698305 -0.708241  0.160505  0.690995 -0.704815 -0.178735 -0.727091   1.03588 0.00212819 0.909651 0.151843 0.220918 0.0595707
1   0.991163  -0.130327  0.0247152 -0.0743376  -0.700039  -0.710224   0.109863   0.702111  -0.703541  -0.115142  -0.740488    1.03454 0.00208961 0.89117 0.0615222 0.142104 0.139722
1   0.990673  -0.134132   0.023986 -0.0778786  -0.701819  -0.708086   0.111811   0.699614  -0.705719   -0.11695   -0.73683    1.03697 0.00213296 0.899384 0.158188 0.0737074 0.134912
1   0.991163  -0.130327  0.0247152 -0.0743376  -0.700039  -0.710224   0.109863   0.702111  -0.703541  -0.115142  -0.740488    1.03454 0.0020896 0.89117 0.0245807 0.0999116 0.139722
1   0.991409  -0.128997  0.0216268 -0.0748738  -0.695288  -0.714821   0.107246    0.70706  -0.698973  -0.111416  -0.747907    1.02951 0.00217494 0.887064 0.012273 0.0550036 0.146691
1   0.991409  -0.128997  0.0216268 -0.0748739  -0.695288  -0.714821   0.107246    0.70706  -0.698973  -0.111416  -0.747907    1.02951 0.00217496 0.887064 0.0436925 0.133993 0.146691
1  0.987942 -0.151306 0.0328086 -0.084909 -0.706712 -0.702388  0.129462  0.691133 -0.711038 -0.140059 -0.725141   1.04276 0.00205999 0.909651 0.248013 0.135396 0.103995
1   0.991335  -0.130013  0.0187521 -0.0767541  -0.689166  -0.720527   0.106601   0.712844  -0.693173  -0.110224  -0.756481     1.0231 0.00200849 0.87269 0.258957 0.290702 0.152063
1   0.991163  -0.130327  0.0247153 -0.0743376  -0.700039  -0.710224   0.109863   0.702111  -0.703541  -0.115142  -0.740488    1.03454 0.0020896 0.89117 0.0590686 0.134334 0.139721
1  0.988214 -0.149027 0.0349789 -0.081503  -0.70566 -0.703848  0.129575  0.692701 -0.709489 -0.141059 -0.727304   1.04109 0.00209649 0.913758 0.00989718 0.257872 0.105089
0   0.994132  -0.107235   0.014215 -0.0648439  -0.695945  -0.715161  0.0865829   0.710043  -0.698815 -0.0853215  -0.751194    1.02927 0.00220914 0.880903 0.186465 0.189067 0.18016
0   0.994306  -0.104909  0.0186808  -0.060619  -0.701056  -0.710525  0.0876367   0.705347  -0.703424 -0.0877631  -0.744155    1.03433 0.00226346 0.89117 0.136336 0.201388 0.176601
1   0.991129  -0.130591  0.0246748 -0.0745519  -0.700012  -0.710229   0.110022   0.702089  -0.703538  -0.115307  -0.740459    1.03454 0.00208623 0.89117 0.158694 0.0926806 0.139441
1  0.981476 -0.187315 0.0402368 -0.104081 -0.697624 -0.708864  0.160851  0.691545 -0.704197 -0.179121 -0.727948   1.03521 0.00214263 0.909651 0.114342 0.105172 0.0596634
1  0.981566 -0.186806 0.0403856 -0.103758 -0.698305 -0.708241  0.160505  0.690995 -0.704815 -0.178735 -0.727091   1.03588 0.00212819 0.909651 0.110097 0.176309 0.0595706
1  0.982218 -0.183623   0.03912 -0.102361 -0.698438 -0.708312  0.157386  0.691713 -0.704814 -0.174665  -0.72796   1.03587 0.00214268 0.909651 0.105073 0.044509 0.0638502
1   0.991163  -0.130327  0.0247153 -0.0743375  -0.700039  -0.710224   0.109863   0.702111  -0.703541  -0.115142  -0.740488    1.03454 0.00208961 0.89117 0.192389 0.144592 0.139722
1   0.986472  -0.160788   0.031953 -0.0916266  -0.702419  -0.705841   0.135935   0.693364  -0.707649  -0.147236  -0.729025    1.03906 0.00212355 0.907598 0.0709903 0.0986924 0.0945013
1  0.987942 -0.151306 0.0328086 -0.084909 -0.706712 -0.702388  0.129462  0.691133 -0.711038 -0.140059 -0.725141   1.04276 0.00206002 0.909651 0.132391 0.0889846 0.103995
0   0.994176  -0.106124  0.0187739 -0.0609055  -0.696967  -0.714512  0.0889117   0.709207  -0.699372 -0.0893662  -0.749907    1.02988 0.0022306 0.88501 -0.0292296 0.0667047 0.176891
1   0.991276  -0.129247  0.0258346 -0.0731892  -0.702777  -0.707635   0.109616   0.699571  -0.706106  -0.115128  -0.736688    1.03735 0.00217548 0.899384 0.253338 0.0777053 0.138912
1   0.985287  -0.168263  0.0299606 -0.0964896  -0.692338  -0.715093   0.141066   0.701681  -0.698387  -0.153005  -0.741967    1.02889 0.00207327 0.89117 0.0910553 0.0513244 0.0937689
1   0.986675  -0.159529  0.0319928 -0.0906061  -0.702048  -0.706342   0.135142   0.694031  -0.707147   -0.14642   -0.72996    1.03852 0.002128 0.907598 0.143822 0.128518 0.0961119
1  0.983876 -0.175717 0.0333369 -0.101551 -0.702283 -0.704618  0.147225  0.689871 -0.708804 -0.160056 -0.724609   1.04035 0.00215626 0.905544 0.0229278 0.0393705 0.07585
1   0.991163  -0.130327  0.0247153 -0.0743375  -0.700039  -0.710224   0.109863   0.702111  -0.703541  -0.115142  -0.740488    1.03454 0.00208959 0.89117 0.0948836 0.093809 0.139721
1  0.981547 -0.186905 0.0403972 -0.103794 -0.698184 -0.708355    0.1606  0.691091   -0.7047 -0.178849 -0.727243   1.03576 0.00213062 0.909651 0.226571 0.140969 0.0595532
1   0.990673  -0.134132   0.023986 -0.0778786  -0.701819  -0.708086   0.111811   0.699614  -0.705719   -0.11695   -0.73683    1.03697 0.00213296 0.899384 0.0279055 0.0548825 0.134912
1   0.991144  -0.129861  0.0277515 -0.0719135  -0.700583  -0.709938   0.111635   0.701655  -0.703717  -0.118389  -0.739808    1.03475 0.00216693 0.899384 0.169988 0.10612 0.13721
1  0.977223 -0.205673 0.0522854 -0.110847 -0.704801 -0.700692  0.180964  0.678937 -0.711546 -0.205502 -0.710506   1.04308 0.0022546 0.909651 0.148135 0.0821465 0.0361839
1  0.981476 -0.187315 0.0402369 -0.104081 -0.697624 -0.708864  0.160851  0.691545 -0.704197 -0.179121 -0.727948   1.03521 0.00214259 0.909651 0.143073 0.0804351 0.0596634
0   0.995079 -0.0973999   0.018189 -0.0563255  -0.707079  -0.704887   0.081517   0.700394  -0.709086 -0.0803024  -0.736517    1.04054 0.0021898 0.889117 0.174799 0.154588 0.184649
1  0.981547 -0.186905 0.0403972 -0.103794 -0.698184 -0.708355    0.1606   0.69109   -0.7047 -0.178849 -0.727243   1.03576 0.00213063 0.909651 0.0887233 0.0671082 0.0595532
1  0.969105  -0.24004 0.0567151 -0.132078 -0.699235 -0.702585  0.208306  0.673388 -0.709336 -0.238601 -0.704613   1.04062 0.0024713 0.905544 0.0265899 0.0844711 0.0520723
1  0.981977 -0.185112 0.0381342 -0.103713  -0.69645 -0.710071  0.158002  0.693319 -0.703097 -0.175281 -0.730402   1.03398 0.00216752 0.909651 0.17977 0.229798 0.0643837
0   0.994306  -0.104909  0.0186808  -0.060619  -0.701056  -0.710525  0.0876367   0.705347  -0.703424 -0.0877632  -0.744155    1.03433 0.00226347 0.89117 0.156874 0.119171 0.176601
1   0.991331  -0.130058  0.0186517 -0.0768126  -0.688858  -0.720815   0.106596   0.713134  -0.692876  -0.110207   -0.75692    1.02277 0.00201417 0.87269 0.33642 0.216786 0.152334
0   0.994306  -0.104909  0.0186808  -0.060619  -0.701056  -0.710525  0.0876367   0.705347  -0.703424 -0.0877631  -0.744155    1.03433 0.00226348 0.89117 0.206128 0.231647 0.176601
1   0.991211  -0.129801   0.025531 -0.0734741   -0.70067  -0.709692   0.110007   0.701579  -0.704049  -0.115566  -0.739694    1.03509 0.00207952 0.89117 0.0864428 0.106368 0.139356
1   0.991008  -0.131553  0.0244279 -0.0755268  -0.700694  -0.709453   0.110447   0.701229  -0.704329  -0.115652  -0.739188    1.03542 0.00212708 0.895277 0.163203 0.236833 0.138163
1   0.990271  -0.136906  0.0249042 -0.0793222  -0.702421  -0.707328   0.114331   0.698471  -0.706447   -0.12015  -0.735317    1.03777 0.00211705 0.899384 0.129323 0.0711116 0.130362
