1  0.592554  0.795993 -0.123591  0.194391 -0.290196 -0.937016 -0.781724  0.531207  -0.32669  0.943797 -0.605624  0.624053 0.00155452 0.999074 0.0327711 0.938281 0.0113306
1  0.592486  0.796128 -0.123049  0.194367 -0.289508 -0.937233 -0.781781  0.531381 -0.326271  0.943861 -0.605939   0.62362 0.00155739 0.999074 0.0629739 1.17055 0.0110273
1   0.59251  0.796119 -0.122988  0.194595 -0.289603 -0.937157 -0.781706  0.531342 -0.326513  0.943719  -0.60587  0.623911 0.00155732 0.999074 0.119525 1.21879 0.0114165
1  0.592089  0.796382 -0.123318  0.193804 -0.289247 -0.937431 -0.782222  0.531143 -0.325601   0.94453  -0.60578  0.622802 0.00155493 0.999074 0.167198 1.58189 0.00984129
1  0.593351  0.795362 -0.123825  0.192768 -0.289759 -0.937486 -0.781521  0.532389 -0.325249  0.943928 -0.607174  0.622348 0.00155925 0.999074 0.0759512 1.20572 0.00946047
1  0.592251  0.796236 -0.123478  0.194623 -0.290072 -0.937006 -0.781895  0.530911 -0.326761  0.943952 -0.605289  0.624143 0.0015543 0.999074 0.124355 1.87095 0.0114514
1   0.59251  0.796119 -0.122988  0.194595 -0.289603 -0.937157 -0.781706  0.531342 -0.326514  0.943719  -0.60587  0.623911 0.00155733 0.999074 0.12888 2.14893 0.0114166
1  0.592486  0.796128 -0.123049  0.194367 -0.289508 -0.937233 -0.781781  0.531381 -0.326271  0.943861 -0.605939   0.62362 0.00155739 0.999074 0.0895335 2.45656 0.0110272
1  0.591794  0.796637 -0.123081  0.195102 -0.289706  -0.93702 -0.782122  0.530509 -0.326872   0.94411 -0.604867  0.624292 0.00155373 0.999074 0.0439662 3.2028 0.0118035
1   0.59344  0.795221 -0.124313  0.192185 -0.289981 -0.937537 -0.781597   0.53248 -0.324916  0.944138 -0.607295  0.621917 0.00155976 0.999074 0.111666 3.26739 0.00878025
1  0.591931  0.796509 -0.123254  0.193956 -0.289197 -0.937414 -0.782304  0.530979 -0.325673  0.944606 -0.605587  0.622887 0.0015551 0.999074 0.174752 3.55059 0.00996157
1  0.591164  0.797239 -0.122212  0.195661 -0.288753 -0.937197 -0.782459  0.530125 -0.326689  0.944374 -0.604686  0.624108 0.00155486 0.999074 0.0818062 1.87247 0.0120449
1  0.592554  0.795993 -0.123591  0.194391 -0.290196 -0.937016 -0.781724  0.531207  -0.32669  0.943797 -0.605624  0.624053 0.00155453 0.999074 0.0463829 1.5451 0.0113305
1  0.591164  0.797239 -0.122213  0.195661 -0.288753 -0.937197 -0.782459  0.530125 -0.326688  0.944374 -0.604686  0.624108 0.00155486 0.999074 0.0713268 1.93673 0.0120447
1  0.592553  0.795993 -0.123591  0.194391 -0.290196 -0.937016 -0.781724  0.531207  -0.32669  0.943797 -0.605624  0.624053 0.00155453 0.999074 0.0643519 1.25551 0.0113305
1  0.592089  0.796382 -0.123318  0.193804 -0.289247 -0.937431 -0.782222  0.531143 -0.325601   0.94453  -0.60578  0.622802 0.00155493 0.999074 0.0680352 1.17436 0.00984141
1  0.591352  0.797022 -0.122715   0.19525 -0.289158 -0.937158 -0.782419   0.53023 -0.326613   0.94442 -0.604726  0.623999 0.00155481 0.999074 0.0601858 1.47493 0.0116354
1  0.591483  0.796935 -0.122649  0.195442 -0.289274 -0.937082 -0.782273  0.530297 -0.326855    0.9442 -0.604752  0.624297 0.00155427 0.999074 0.0734631 1.33984 0.0120235
1  0.593464  0.795217 -0.124222  0.192281  -0.28995 -0.937527 -0.781556  0.532503  -0.32498  0.944064 -0.607309  0.622003 0.00155961 0.999074 0.0558865 1.04185 0.00893489
1  0.591143  0.797228 -0.122387  0.195496 -0.288835 -0.937206 -0.782516  0.530097 -0.326597  0.944481 -0.604635  0.623993 0.00155489 0.999074 0.0609766 1.10124 0.0118189
1  0.591352  0.797022 -0.122715   0.19525 -0.289158 -0.937158 -0.782419   0.53023 -0.326613   0.94442 -0.604726  0.623998 0.00155481 0.999074 0.147278 1.53551 0.0116352
1   0.59192   0.79654 -0.123106  0.194999 -0.289726 -0.937035 -0.782053  0.530644 -0.326819  0.944034 -0.605048  0.624238 0.00155346 0.999074 0.0894621 1.42766 0.0117208
1  0.592553  0.795993 -0.123591  0.194391 -0.290196 -0.937016 -0.781724  0.531207  -0.32669  0.943797 -0.605624  0.624053 0.00155452 0.999074 0.170512 1.11095 0.0113305
1  0.592486  0.796128 -0.123049  0.194367 -0.289508 -0.937233 -0.781781  0.531381 -0.326271  0.943861 -0.605939   0.62362 0.00155739 0.999074 0.093823 1.60336 0.0110272
1    0.5914  0.796987 -0.122711  0.195395 -0.289274 -0.937092 -0.782347  0.530219 -0.326804  0.944304 -0.604656  0.624232 0.00155438 0.999074 0.079303 1.23657 0.0119213
1  0.592486  0.796128 -0.123049  0.194367 -0.289508 -0.937233 -0.781781  0.531381 -0.326271  0.943861 -0.605939   0.62362 0.00155739 0.999074 0.044426 1.30174 0.0110272
1  0.591305  0.797072 -0.122617  0.195303 -0.289055 -0.937179 -0.782442  0.530211  -0.32659   0.94444  -0.60473  0.623968 0.00155494 0.999074 0.116602 1.3862 0.0116536
1  0.591954  0.796478 -0.123339  0.193772 -0.289184 -0.937457 -0.782331  0.531032 -0.325519  0.944678 -0.605658  0.622703 0.0015551 0.999074 0.0451775 1.32467 0.00969649
1   0.59251  0.796119 -0.122988  0.194595 -0.289603 -0.937157 -0.781706  0.531342 -0.326514  0.943719  -0.60587  0.623911 0.00155732 0.999074 0.0996413 1.45198 0.0114166
1  0.592484  0.796049 -0.123571  0.194485 -0.290202 -0.936994 -0.781753  0.531121  -0.32676  0.943817 -0.605516  0.624135 0.00155462 0.999074 0.098523 1.37075 0.0114301
1   0.59251  0.796119 -0.122988  0.194595 -0.289603 -0.937157 -0.781706  0.531342 -0.326513  0.943719  -0.60587  0.623911 0.00155733 0.999074 0.121189 1.85106 0.0114165
1  0.592866   0.79571 -0.123913  0.192845 -0.289677 -0.937495  -0.78187  0.531914 -0.325189  0.944307 -0.606632  0.622267 0.00155625 0.999074 0.147332 1.40232 0.00909708
1  0.591382  0.796922 -0.123217  0.194089 -0.288976 -0.937455 -0.782686  0.530479 -0.325569  0.945082 -0.604981   0.62276 0.00155568 0.999074 0.139194 1.35042 0.00983855
1  0.592096  0.796419 -0.123039  0.195032 -0.289757 -0.937018 -0.781911  0.530809 -0.326891  0.943843 -0.605239  0.624329 0.00155346 0.999074 0.160543 1.18719 0.0118764
1   0.59251  0.796119 -0.122988  0.194595 -0.289603 -0.937157 -0.781706  0.531342 -0.326514  0.943719  -0.60587  0.623911 0.00155733 0.999074 0.0705694 1.31155 0.0114167
1   0.59251  0.796119 -0.122988  0.194595 -0.289603 -0.937157 -0.781706  0.531342 -0.326514  0.943718  -0.60587  0.623911 0.00155732 0.999074 0.118247 1.3418 0.0114168
1  0.592043  0.796428  -0.12324  0.193984 -0.289255 -0.937391 -0.782212  0.531069 -0.325746  0.944479 -0.605685  0.622975 0.00155485 0.999074 0.0286953 0.964827 0.0100855
1  0.590817  0.797588 -0.121606  0.196107 -0.288172 -0.937283 -0.782609  0.529915  -0.32667  0.944431 -0.604536  0.624156 0.00155612 0.999074 0.111279 1.49521 0.0124617
1  0.592121  0.796391 -0.123101  0.195001 -0.289821 -0.937005 -0.781899  0.530816 -0.326906  0.943854 -0.605228  0.624339 0.00155374 0.999074 0.0235499 1.3244 0.0118609
1  0.592089  0.796382 -0.123318  0.193804 -0.289247 -0.937431 -0.782222  0.531143 -0.325601   0.94453  -0.60578  0.622802 0.00155493 0.999074 0.0673042 1.35092 0.00984132
1  0.590771  0.797629  -0.12156  0.196034 -0.288046 -0.937337 -0.782662  0.529922 -0.326532  0.944516 -0.604578  0.623987 0.00155582 0.999074 0.0672821 1.06552 0.0122991
1  0.591888  0.796481 -0.123639  0.193467 -0.289297 -0.937485 -0.782457  0.530966 -0.325324   0.94487 -0.605591  0.622435 0.00155509 0.999074 0.0874894 1.00611 0.00922952
1  0.591986   0.79645 -0.123367  0.193761 -0.289226 -0.937446  -0.78231  0.531052 -0.325538  0.944657 -0.605673  0.622723 0.00155508 0.999074 0.136065 1.11905 0.00970755
1  0.592484  0.796049 -0.123571  0.194485 -0.290202 -0.936994 -0.781753  0.531121  -0.32676  0.943817 -0.605516  0.624135 0.00155462 0.999074 0.107136 1.38393 0.0114301
1  0.591931  0.796509 -0.123254  0.193956 -0.289197 -0.937414 -0.782304  0.530979 -0.325673  0.944606 -0.605587  0.622887 0.0015551 0.999074 0.115755 1.18798 0.00996156
1   0.59251  0.796119 -0.122988  0.194595 -0.289603 -0.937157 -0.781706  0.531342 -0.326514  0.943718  -0.60587  0.623911 0.00155732 0.999074 0.0851188 1.40021 0.0114167
1  0.592486  0.796128 -0.123049  0.194367 -0.289508 -0.937233 -0.781781  0.531381 -0.326271  0.943861  -0.60594   0.62362 0.00155739 0.999074 0.0943139 1.50803 0.0110274
1  0.592043  0.796428 -0.123241  0.193984 -0.289255 -0.937391 -0.782212  0.531069 -0.325745  0.944479 -0.605685  0.622975 0.00155485 0.999074 0.0784309 1.20856 0.0100854
1  0.591065  0.797339 -0.122035  0.195962   -0.2887 -0.937151 -0.782458  0.530003 -0.326888   0.94429 -0.604524  0.624373 0.00155511 0.999074 0.068805 1.53024 0.0124666
1  0.592089  0.796382 -0.123318  0.193804 -0.289247 -0.937431 -0.782222  0.531143 -0.325601   0.94453  -0.60578  0.622802 0.00155493 0.999074 0.098845 1.41205 0.00984137
1  0.591542   0.79687 -0.122786  0.195314 -0.289377 -0.937077  -0.78226  0.530338 -0.326819  0.944214 -0.604783  0.624246 0.00155428 0.999074 0.033143 1.18676 0.0118918
1   0.59251  0.796119 -0.122988  0.194595 -0.289603 -0.937157 -0.781706  0.531342 -0.326513  0.943719  -0.60587  0.623911 0.00155732 0.999074 0.0377281 1.25152 0.0114165
1  0.592554  0.795993 -0.123591  0.194391 -0.290196 -0.937016 -0.781724  0.531207  -0.32669  0.943797 -0.605624  0.624053 0.00155452 0.999074 0.0956652 1.28014 0.0113304
1  0.592554  0.795993 -0.123591  0.194391 -0.290196 -0.937016 -0.781724  0.531207  -0.32669  0.943797 -0.605624  0.624053 0.00155452 0.999074 0.107933 1.36617 0.0113305
1  0.591954  0.796478 -0.123339  0.193772 -0.289184 -0.937457 -0.782331  0.531032 -0.325519  0.944678 -0.605658  0.622703 0.0015551 0.999074 0.116321 1.19265 0.00969664
1  0.591986   0.79645 -0.123367  0.193761 -0.289226 -0.937446  -0.78231  0.531052 -0.325538  0.944657 -0.605673  0.622723 0.00155508 0.999074 0.13662 1.25223 0.0097075
1  0.591082  0.797317   -0.1221  0.195735 -0.288631 -0.937219 -0.782502  0.530074 -0.326667  0.944408 -0.604653  0.624092 0.00155499 0.999074 0.0832637 1.3481 0.0120931
1  0.591691  0.796767 -0.122739  0.195337 -0.289411 -0.937062 -0.782142  0.530476  -0.32688  0.944054 -0.604944  0.624323 0.00155405 0.999074 0.0514701 1.41623 0.0120041
1  0.592089  0.796382 -0.123318  0.193804 -0.289247 -0.937431 -0.782222  0.531143 -0.325601   0.94453  -0.60578  0.622802 0.00155493 0.999074 0.119622 1.13927 0.00984146
1  0.592251  0.796236 -0.123478  0.194623 -0.290072 -0.937006 -0.781895  0.530911 -0.326761  0.943952 -0.605289  0.624143 0.0015543 0.999074 0.0350419 1.20285 0.0114515
1  0.590817  0.797588 -0.121606  0.196107 -0.288172 -0.937283 -0.782609  0.529915  -0.32667  0.944431 -0.604536  0.624156 0.00155612 0.999074 0.130442 1.21651 0.0124616
1  0.592554  0.795993 -0.123591  0.194391 -0.290196 -0.937016 -0.781724  0.531207  -0.32669  0.943797 -0.605624  0.624053 0.00155452 0.999074 0.116615 1.245 0.0113305
1  0.592089  0.796382 -0.123318  0.193804 -0.289247 -0.937431 -0.782222  0.531143 -0.325601   0.94453  -0.60578  0.622802 0.00155493 0.999074 0.102183 1.23174 0.00984146
1  0.592251  0.796236 -0.123478  0.194623 -0.290072 -0.937006 -0.781895  0.530911 -0.326761  0.943952 -0.605289  0.624143 0.00155431 0.999074 0.0678889 1.25907 0.0114514
1  0.591164  0.797239 -0.122213  0.195661 -0.288753 -0.937197 -0.782459  0.530125 -0.326688  0.944374 -0.604686  0.624108 0.00155486 0.999074 0.0868974 1.47017 0.0120448
1  0.592104  0.796391 -0.123185  0.194905 -0.289845 -0.937017 -0.781937  0.530803 -0.326839  0.943925 -0.605203  0.624254 0.0015538 0.999074 0.0118178 1.14854 0.0117131
1  0.591916  0.796539 -0.123133  0.194984 -0.289745 -0.937032 -0.782059  0.530636 -0.326817  0.944046 -0.605039  0.624233 0.00155358 0.999074 0.127161 1.48264 0.0117024
1  0.592021  0.796421  -0.12339  0.193917 -0.289375 -0.937368 -0.782245  0.531014 -0.325755  0.944616 -0.605548  0.622958 0.00155723 0.999074 0.111377 1.6784 0.00997417
1  0.591183  0.797241   -0.1221  0.195902 -0.288793 -0.937134 -0.782384  0.530099 -0.326911  0.944219 -0.604639  0.624385 0.00155493 0.999074 0.110742 1.39558 0.0124357
1  0.591954  0.796478 -0.123339  0.193772 -0.289184 -0.937457 -0.782331  0.531032 -0.325519  0.944678 -0.605658  0.622703 0.0015551 0.999074 0.0988593 1.44703 0.00969664
1  0.592553  0.795994 -0.123591  0.194391 -0.290196 -0.937016 -0.781724  0.531207  -0.32669  0.943797 -0.605624  0.624053 0.00155453 0.999074 0.0776858 1.47792 0.0113304
1  0.590817  0.797588 -0.121606  0.196107 -0.288172 -0.937283 -0.782609  0.529915  -0.32667  0.944431 -0.604536  0.624156 0.00155612 0.999074 0.0879427 1.62792 0.0124615
1  0.591164  0.797239 -0.122212  0.195661 -0.288753 -0.937197 -0.782459  0.530125 -0.326688  0.944374 -0.604687  0.624108 0.00155486 0.999074 0.0776996 1.82809 0.0120448
1  0.590817  0.797588 -0.121606  0.196107 -0.288172 -0.937283 -0.782609  0.529915  -0.32667  0.944431 -0.604536  0.624156 0.00155612 0.999074 0.0753394 1.62118 0.0124616
1  0.592317  0.796231 -0.123193  0.194894 -0.289953 -0.936987 -0.781778  0.530983 -0.326925  0.943721 -0.605394  0.624354 0.00155386 0.999074 0.086537 1.50834 0.0118604
1  0.592486  0.796128 -0.123049  0.194367 -0.289508 -0.937233 -0.781781  0.531381 -0.326271  0.943861 -0.605939   0.62362 0.00155739 0.999074 0.123345 1.75489 0.0110273
1  0.592188  0.796289 -0.123437  0.194663 -0.290019 -0.937014 -0.781933   0.53086 -0.326754  0.943986 -0.605237  0.624138 0.00155413 0.999074 0.10658 1.20986 0.0114575
1  0.592089  0.796382 -0.123318  0.193804 -0.289247 -0.937431 -0.782222  0.531143 -0.325601   0.94453  -0.60578  0.622802 0.00155493 0.999074 0.0387703 1.81135 0.00984131
1  0.591672  0.796807 -0.122569  0.195601  -0.28938 -0.937016  -0.78209  0.530431 -0.327074  0.943926 -0.604854  0.624575 0.00155392 0.999074 0.0882919 1.7105 0.0123968
1  0.592484  0.796049 -0.123571  0.194485 -0.290202 -0.936994 -0.781753  0.531121  -0.32676  0.943817 -0.605516  0.624135 0.00155462 0.999074 0.155161 1.58692 0.01143
1  0.592872  0.795704 -0.123926  0.192842 -0.289694 -0.937491 -0.781866  0.531914 -0.325196  0.944303 -0.606628  0.622276 0.00155624 0.999074 0.10496 1.76765 0.00910099
1  0.593465   0.79522 -0.124193  0.192331 -0.289951 -0.937517 -0.781542  0.532498 -0.325021  0.944037 -0.607301  0.622056 0.00155957 0.999074 0.078108 1.50549 0.00900938
1  0.591401  0.796987 -0.122702  0.195296 -0.289198 -0.937136 -0.782371   0.53026  -0.32668  0.944346 -0.604754  0.624079 0.00155478 0.999074 0.144024 1.57777 0.0117379
1   0.59251  0.796119 -0.122988  0.194595 -0.289603 -0.937157 -0.781706  0.531342 -0.326514  0.943719  -0.60587  0.623911 0.00155732 0.999074 0.061892 1.56057 0.0114167
1   0.59251  0.796119 -0.122988  0.194595 -0.289603 -0.937157 -0.781706  0.531342 -0.326514  0.943718  -0.60587  0.623911 0.00155732 0.999074 0.0597427 1.52129 0.0114166
1  0.592038  0.796463 -0.123033  0.195066 -0.289744 -0.937015 -0.781946  0.530749 -0.326903  0.943884 -0.605169  0.624342 0.00155345 0.999074 0.12437 1.49325 0.011891
1  0.592089  0.796382 -0.123318  0.193804 -0.289247 -0.937431 -0.782222  0.531143 -0.325601   0.94453  -0.60578  0.622802 0.00155493 0.999074 0.101666 1.56778 0.00984132
1  0.591954  0.796478 -0.123339  0.193772 -0.289184 -0.937457 -0.782331  0.531032 -0.325519  0.944678 -0.605658  0.622703 0.0015551 0.999074 0.059402 2.06022 0.00969665
1  0.592486  0.796128 -0.123049  0.194367 -0.289508 -0.937233 -0.781781  0.531381 -0.326271  0.943861 -0.605939   0.62362 0.00155739 0.999074 0.0989907 1.64251 0.0110273
1  0.592554  0.795993 -0.123591  0.194391 -0.290196 -0.937016 -0.781724  0.531207  -0.32669  0.943797 -0.605624  0.624053 0.00155452 0.999074 0.0398885 1.48643 0.0113305
1   0.59078  0.797623 -0.121558  0.196029 -0.288045 -0.937338 -0.782657  0.529932 -0.326529  0.944509 -0.604593  0.623984 0.00155585 0.999074 0.108355 1.79557 0.012294
1  0.591986   0.79645 -0.123367  0.193761 -0.289226 -0.937446  -0.78231  0.531052 -0.325538  0.944657 -0.605673  0.622723 0.00155508 0.999074 0.0522341 1.11352 0.0097075
1  0.591931  0.796509 -0.123253  0.193956 -0.289197 -0.937414 -0.782304  0.530979 -0.325673  0.944606 -0.605587  0.622887 0.0015551 0.999074 0.0595631 1.48359 0.00996157
1  0.592251  0.796236 -0.123478  0.194623 -0.290072 -0.937006 -0.781895  0.530911 -0.326761  0.943952 -0.605289  0.624143 0.0015543 0.999074 0.142909 1.74706 0.0114514
1  0.591999  0.796487 -0.123069  0.195023 -0.289738 -0.937026 -0.781987  0.530717 -0.326857  0.943947  -0.60513  0.624287 0.00155346 0.999074 0.0981804 1.53582 0.0118021
1  0.592188  0.796289 -0.123437  0.194663 -0.290019 -0.937014 -0.781933   0.53086 -0.326754  0.943986 -0.605237  0.624138 0.00155413 0.999074 0.0715406 1.68507 0.0114575
1  0.592898   0.79568 -0.123958  0.192764  -0.28969 -0.937508 -0.781866  0.531952 -0.325135  0.944316 -0.606681  0.622203 0.00155657 0.999074 0.0850558 1.58751 0.00901227
1  0.592486  0.796128 -0.123049  0.194367 -0.289508 -0.937233 -0.781781  0.531381 -0.326271  0.943861 -0.605939   0.62362 0.00155739 0.999074 0.104425 1.96745 0.0110273
1  0.591919  0.796523 -0.123222  0.193984 -0.289173 -0.937416 -0.782306  0.530971  -0.32568  0.944607 -0.605579  0.622895 0.00155521 0.999074 0.101466 1.69615 0.00998716
1  0.592042  0.796428 -0.123241  0.193984 -0.289255 -0.937391 -0.782212  0.531069 -0.325745  0.944479 -0.605685  0.622975 0.00155485 0.999074 0.0932715 1.61284 0.0100853
1  0.591082  0.797317   -0.1221  0.195735 -0.288631 -0.937219 -0.782502  0.530074 -0.326667  0.944408 -0.604653  0.624093 0.00155499 0.999074 0.0930915 1.42004 0.0120931
1  0.592044  0.796439 -0.123163  0.194856 -0.289757 -0.937055 -0.781995  0.530778  -0.32674  0.944021 -0.605193  0.624134 0.0015542 0.999074 0.113075 1.36531 0.0115653
1  0.592554  0.795993 -0.123591  0.194391 -0.290196 -0.937016 -0.781724  0.531207  -0.32669  0.943797 -0.605624  0.624053 0.00155453 0.999074 0.0636156 1.63271 0.0113306
1   0.59251  0.796119 -0.122988  0.194595 -0.289603 -0.937157 -0.781706  0.531342 -0.326514  0.943719  -0.60587  0.623911 0.00155733 0.999074 0.101396 1.30647 0.0114166
1   0.59197  0.796507 -0.123083   0.19503 -0.289745 -0.937023 -0.782007  0.530684 -0.326863  0.943966 -0.605098  0.624292 0.00155351 0.999074 0.11057 1.66702 0.0118021
1  0.593583  0.795051 -0.124711  0.191733 -0.290211 -0.937558   -0.7816  0.532607 -0.324702  0.944255 -0.607401  0.621638 0.00156133 0.999074 0.110069 1.78612 0.00834962
1  0.592089  0.796382 -0.123318  0.193804 -0.289247 -0.937431 -0.782222  0.531143 -0.325601   0.94453  -0.60578  0.622802 0.00155493 0.999074 0.0138857 1.46182 0.00984133
1  0.590817  0.797588 -0.121606  0.196107 -0.288172 -0.937283 -0.782609  0.529915  -0.32667  0.944431 -0.604536  0.624156 0.00155612 0.999074 0.125842 1.69107 0.0124616
1   0.59201  0.796476  -0.12309  0.195037 -0.289777 -0.937011 -0.781975  0.530712 -0.326893  0.943924 -0.605118  0.624327 0.0015534 0.999074 0.09412 1.61203 0.0118455
1  0.592042  0.796428 -0.123241  0.193984 -0.289255 -0.937391 -0.782212  0.531069 -0.325745  0.944479 -0.605685  0.622975 0.00155485 0.999074 0.109855 1.47489 0.0100853
1  0.592486  0.796128 -0.123049  0.194367 -0.289508 -0.937233 -0.781781  0.531381 -0.326271  0.943861  -0.60594   0.62362 0.00155739 0.999074 0.0408488 1.7411 0.0110273
1  0.593464  0.795217 -0.124222  0.192281  -0.28995 -0.937527 -0.781556  0.532503  -0.32498  0.944064 -0.607309  0.622003 0.00155961 0.999074 0.0679093 1.60501 0.00893503
1   0.59251  0.796119 -0.122988  0.194595 -0.289603 -0.937157 -0.781706  0.531342 -0.326514  0.943719  -0.60587  0.623911 0.00155733 0.999074 0.0282177 1.60657 0.0114166
1  0.592066  0.796397 -0.123326    0.1938 -0.289242 -0.937433  -0.78224  0.531122 -0.325592  0.944552 -0.605756  0.622791 0.0015549 0.999074 0.0320755 1.37869 0.00982129
1  0.592484  0.796049 -0.123571  0.194485 -0.290202 -0.936994 -0.781754  0.531121  -0.32676  0.943817 -0.605516  0.624135 0.00155462 0.999074 0.0932824 1.5014 0.0114301
1  0.592554  0.795993 -0.123591  0.194391 -0.290196 -0.937016 -0.781724  0.531207  -0.32669  0.943797 -0.605624  0.624053 0.00155452 0.999074 0.0652133 1.44328 0.0113305
1  0.592086  0.796421 -0.123073  0.195032 -0.289791 -0.937008 -0.781919  0.530786 -0.326909  0.943847 -0.605205  0.624346 0.00155341 0.999074 0.0424058 1.28735 0.0118844
1  0.592484  0.796049 -0.123571  0.194485 -0.290202 -0.936994 -0.781753  0.531121  -0.32676  0.943817 -0.605516  0.624135 0.00155462 0.999074 0.0312768 1.51633 0.0114302
1  0.592486  0.796128 -0.123049  0.194367 -0.289508 -0.937233 -0.781781  0.531381 -0.326271  0.943861  -0.60594   0.62362 0.00155739 0.999074 0.0334718 1.65439 0.0110273
1  0.591916  0.796539 -0.123133  0.194983 -0.289745 -0.937032 -0.782059  0.530636 -0.326817  0.944046 -0.605039  0.624233 0.00155358 0.999074 0.100301 1.4426 0.0117022
