1  0.591978  0.796494 -0.123119  0.195015 -0.289781 -0.937014 -0.782004  0.530682 -0.326873  0.943966 -0.605089    0.6243 0.00155354 0.999074 0.0333855 0.11192 0.0117972
1  0.592486  0.796128 -0.123049  0.194367 -0.289508 -0.937233 -0.781781  0.531381 -0.326271  0.943861  -0.60594   0.62362 0.00155739 0.999074 0.0629746 0.124726 0.0110273
1  0.592078  0.796399 -0.123255   0.19397  -0.28928 -0.937386 -0.782189  0.531098 -0.325754  0.944456 -0.605711  0.622985 0.00155485 0.999074 0.120925 0.179241 0.0100921
1   0.59251  0.796119 -0.122988  0.194595 -0.289603 -0.937157 -0.781706  0.531342 -0.326513  0.943719  -0.60587  0.623911 0.00155733 0.999074 0.165916 0.147064 0.0114165
1  0.593352  0.795362 -0.123825  0.192768 -0.289759 -0.937486 -0.781521  0.532389 -0.325249  0.943927 -0.607174  0.622348 0.00155924 0.999074 0.075953 0.110992 0.00946057
1  0.591082  0.797317   -0.1221  0.195735 -0.288631 -0.937219 -0.782502  0.530074 -0.326667  0.944408 -0.604653  0.624093 0.00155499 0.999074 0.123968 0.13061 0.0120932
1   0.59251  0.796119 -0.122988  0.194595 -0.289603 -0.937157 -0.781706  0.531342 -0.326513  0.943719  -0.60587   0.62391 0.00155733 0.999074 0.128878 0.205101 0.0114164
1  0.592089  0.796382 -0.123318  0.193804 -0.289247 -0.937431 -0.782222  0.531143 -0.325601   0.94453  -0.60578  0.622802 0.00155493 0.999074 0.0909726 0.172454 0.00984122
1  0.592371  0.796148 -0.123468  0.194618 -0.290116 -0.936993 -0.781806  0.531019 -0.326801  0.943844 -0.605406  0.624191 0.00155447 0.999074 0.0435101 0.153756 0.0115306
1   0.59344  0.795221 -0.124313  0.192185 -0.289981 -0.937537 -0.781597   0.53248 -0.324916  0.944138 -0.607295  0.621917 0.00155977 0.999074 0.111664 0.156096 0.00878033
1   0.59251  0.796119 -0.122988  0.194595 -0.289603 -0.937157 -0.781706  0.531342 -0.326514  0.943718  -0.60587  0.623911 0.00155732 0.999074 0.173571 0.30898 0.0114167
1  0.591305  0.797072 -0.122617  0.195303 -0.289055 -0.937179 -0.782442  0.530211  -0.32659   0.94444  -0.60473  0.623967 0.00155494 0.999074 0.0817593 0.113868 0.0116535
1  0.592251  0.796236 -0.123478  0.194623 -0.290072 -0.937006 -0.781895  0.530911 -0.326761  0.943952 -0.605289  0.624143 0.0015543 0.999074 0.0465202 0.120928 0.0114515
1  0.592553  0.795993 -0.123591  0.194391 -0.290196 -0.937016 -0.781724  0.531207  -0.32669  0.943797 -0.605624  0.624053 0.00155452 0.999074 0.0715254 0.156275 0.0113305
1  0.592554  0.795993 -0.123591  0.194391 -0.290196 -0.937016 -0.781724  0.531207  -0.32669  0.943797 -0.605624  0.624053 0.00155453 0.999074 0.0643512 0.145881 0.0113305
1   0.59251  0.796119 -0.122988  0.194595 -0.289603 -0.937157 -0.781706  0.531342 -0.326514  0.943719  -0.60587  0.623911 0.00155733 0.999074 0.066599 0.18155 0.0114166
1  0.591065  0.797339 -0.122035  0.195962   -0.2887 -0.937151 -0.782458  0.530003 -0.326888   0.94429 -0.604524  0.624373 0.00155511 0.999074 0.0600003 0.132281 0.0124667
1  0.591082  0.797317   -0.1221  0.195735 -0.288631 -0.937219 -0.782502  0.530074 -0.326667  0.944408 -0.604653  0.624093 0.00155499 0.999074 0.0730315 0.0971205 0.0120932
1   0.59344  0.795221 -0.124313  0.192185 -0.289981 -0.937537 -0.781597   0.53248 -0.324916  0.944138 -0.607295  0.621917 0.00155976 0.999074 0.0557911 0.10418 0.00878033
1  0.591082  0.797317   -0.1221  0.195735 -0.288631 -0.937219 -0.782502  0.530074 -0.326667  0.944408 -0.604653  0.624093 0.00155499 0.999074 0.0609163 0.110952 0.0120932
1  0.590798  0.797612 -0.121541  0.196112  -0.28809 -0.937307 -0.782622  0.529924 -0.326624  0.944448 -0.604573  0.624099 0.00155592 0.999074 0.146666 0.132202 0.012435
1  0.591305  0.797072 -0.122617  0.195303 -0.289055 -0.937179 -0.782442  0.530211  -0.32659   0.94444  -0.60473  0.623967 0.00155494 0.999074 0.0885994 0.118249 0.0116535
1  0.591164  0.797239 -0.122212  0.195661 -0.288753 -0.937197 -0.782459  0.530125 -0.326689  0.944374 -0.604686  0.624108 0.00155486 0.999074 0.170334 0.182723 0.0120448
1  0.592043  0.796428 -0.123241  0.193984 -0.289255 -0.937391 -0.782212  0.531069 -0.325746  0.944479 -0.605685  0.622975 0.00155484 0.999074 0.0953054 0.100134 0.0100855
1  0.592371  0.796148 -0.123468  0.194618 -0.290116 -0.936993 -0.781806  0.531019 -0.326801  0.943844 -0.605406   0.62419 0.00155447 0.999074 0.0792551 0.141464 0.0115305
1  0.592362   0.79623 -0.122985  0.194326 -0.289344 -0.937293 -0.781885  0.531318 -0.326124  0.944007 -0.605905  0.623443 0.0015567 0.999074 0.0448519 0.111295 0.0108248
1  0.591342  0.797067 -0.122472  0.195433 -0.288991 -0.937171 -0.782382  0.530254 -0.326665  0.944337 -0.604791  0.624067 0.00155484 0.999074 0.116654 0.176193 0.0118421
1  0.592486  0.796128 -0.123049  0.194367 -0.289508 -0.937233 -0.781781  0.531381 -0.326271  0.943861 -0.605939   0.62362 0.00155739 0.999074 0.0437711 0.174462 0.0110272
1   0.59251  0.796119 -0.122988  0.194595 -0.289603 -0.937157 -0.781706  0.531342 -0.326514  0.943719  -0.60587  0.623911 0.00155732 0.999074 0.0996414 0.217872 0.0114166
1  0.591082  0.797317   -0.1221  0.195735 -0.288631 -0.937219 -0.782502  0.530074 -0.326667  0.944408 -0.604653  0.624093 0.00155499 0.999074 0.0983075 0.135297 0.0120933
1  0.592089  0.796382 -0.123318  0.193804 -0.289247 -0.937431 -0.782222  0.531143 -0.325601   0.94453  -0.60578  0.622802 0.00155493 0.999074 0.122542 0.218177 0.00984137
1  0.594344  0.794552 -0.124267  0.192541 -0.290613 -0.937268 -0.780822  0.533133 -0.325708  0.943101 -0.607852  0.622886 0.00156554 0.999074 0.142241 0.128715 0.0104738
1  0.591377  0.796941 -0.123123  0.194137 -0.288895  -0.93747 -0.782678  0.530495 -0.325561  0.945063 -0.605007  0.622757 0.00155586 0.999074 0.139095 0.273551 0.00988387
1  0.590771  0.797629  -0.12156  0.196034 -0.288045 -0.937337 -0.782662  0.529922 -0.326531  0.944516 -0.604578  0.623987 0.00155582 0.999074 0.159264 0.153437 0.0122989
1  0.592078  0.796399 -0.123255   0.19397  -0.28928 -0.937386 -0.782189  0.531098 -0.325754  0.944456 -0.605711  0.622985 0.00155485 0.999074 0.0720465 0.161784 0.0100922
1   0.59251  0.796119 -0.122988  0.194595 -0.289603 -0.937157 -0.781706  0.531342 -0.326514  0.943719  -0.60587  0.623911 0.00155732 0.999074 0.118247 0.162467 0.0114166
1  0.592089  0.796382 -0.123318  0.193804 -0.289247 -0.937431 -0.782222  0.531143 -0.325601   0.94453  -0.60578  0.622802 0.00155493 0.999074 0.0286427 0.104317 0.00984118
1  0.590771  0.797629  -0.12156  0.196034 -0.288046 -0.937337 -0.782662  0.529922 -0.326532  0.944516 -0.604578  0.623987 0.00155582 0.999074 0.111447 0.139094 0.012299
1  0.591164  0.797239 -0.122212  0.195661 -0.288753 -0.937197 -0.782459  0.530125 -0.326689  0.944374 -0.604686  0.624108 0.00155486 0.999074 0.0228505 0.0616889 0.0120449
1   0.59251  0.796119 -0.122988  0.194595 -0.289603 -0.937157 -0.781706  0.531342 -0.326513  0.943719  -0.60587   0.62391 0.00155733 0.999074 0.0658695 0.195116 0.0114165
1  0.590771  0.797629  -0.12156  0.196034 -0.288046 -0.937337 -0.782662  0.529922 -0.326531  0.944516 -0.604578  0.623987 0.00155582 0.999074 0.067281 0.13185 0.012299
1  0.592371  0.796148 -0.123468  0.194618 -0.290116 -0.936993 -0.781806  0.531019 -0.326801  0.943844 -0.605406  0.624191 0.00155447 0.999074 0.0878525 0.142459 0.0115306
1  0.591931  0.796509 -0.123253  0.193956 -0.289197 -0.937414 -0.782304  0.530979 -0.325673  0.944606 -0.605587  0.622887 0.0015551 0.999074 0.136055 0.154012 0.00996161
1  0.592104  0.796391 -0.123185  0.194905 -0.289845 -0.937017 -0.781937  0.530803 -0.326839  0.943925 -0.605203  0.624254 0.0015538 0.999074 0.107606 0.162397 0.0117131
1  0.592486  0.796128 -0.123049  0.194367 -0.289508 -0.937233 -0.781781  0.531381 -0.326271  0.943861 -0.605939   0.62362 0.00155739 0.999074 0.114453 0.196458 0.0110273
1  0.592043  0.796428  -0.12324  0.193984 -0.289255 -0.937391 -0.782212  0.531069 -0.325746  0.944479 -0.605685  0.622975 0.00155484 0.999074 0.0865743 0.195922 0.0100856
1   0.59251  0.796119 -0.122988  0.194595 -0.289603 -0.937157 -0.781706  0.531342 -0.326513  0.943719  -0.60587   0.62391 0.00155732 0.999074 0.0943529 0.202965 0.0114164
1   0.59251  0.796119 -0.122988  0.194595 -0.289603 -0.937157 -0.781706  0.531342 -0.326513  0.943719  -0.60587  0.623911 0.00155732 0.999074 0.0769624 0.194713 0.0114165
1  0.591255  0.797148 -0.122361  0.195701 -0.288999 -0.937113  -0.78238  0.530127 -0.326875  0.944269 -0.604599  0.624339 0.00155461 0.999074 0.069108 0.132374 0.0122358
1  0.592486  0.796128 -0.123049  0.194367 -0.289508 -0.937233 -0.781781  0.531381 -0.326271  0.943861  -0.60594   0.62362 0.00155739 0.999074 0.0974212 0.182179 0.011027
1  0.591082  0.797317   -0.1221  0.195735 -0.288631 -0.937219 -0.782502  0.530074 -0.326667  0.944408 -0.604653  0.624093 0.00155499 0.999074 0.0326973 0.0828566 0.0120932
1  0.592078  0.796399 -0.123255   0.19397  -0.28928 -0.937386 -0.782189  0.531098 -0.325754  0.944456 -0.605711  0.622985 0.00155485 0.999074 0.0392562 0.132391 0.0100921
1  0.592251  0.796236 -0.123478  0.194623 -0.290072 -0.937006 -0.781895  0.530911 -0.326761  0.943952 -0.605289  0.624143 0.0015543 0.999074 0.0957942 0.146649 0.0114514
1  0.592044  0.796439 -0.123163  0.194856 -0.289757 -0.937055 -0.781995  0.530778  -0.32674  0.944021 -0.605193  0.624133 0.0015542 0.999074 0.10812 0.166684 0.0115653
1  0.591954  0.796478 -0.123339  0.193772 -0.289184 -0.937457 -0.782331  0.531032 -0.325519  0.944678 -0.605658  0.622703 0.0015551 0.999074 0.116323 0.112083 0.00969647
1   0.59251  0.796119 -0.122988  0.194595 -0.289603 -0.937157 -0.781706  0.531342 -0.326514  0.943719  -0.60587  0.623911 0.00155733 0.999074 0.135372 0.191676 0.0114166
1  0.591143  0.797228 -0.122387  0.195496 -0.288835 -0.937206 -0.782516  0.530097 -0.326597  0.944481 -0.604635  0.623993 0.00155489 0.999074 0.08332 0.111478 0.0118189
1  0.590817  0.797588 -0.121606  0.196107 -0.288172 -0.937283 -0.782609  0.529915  -0.32667  0.944431 -0.604536  0.624156 0.00155612 0.999074 0.0502097 0.139369 0.0124617
1  0.592089  0.796382 -0.123318  0.193804 -0.289247 -0.937431 -0.782222  0.531143 -0.325601   0.94453  -0.60578  0.622802 0.00155493 0.999074 0.119621 0.1852 0.00984144
1  0.591164  0.797239 -0.122213  0.195661 -0.288753 -0.937197 -0.782459  0.530125 -0.326688  0.944374 -0.604686  0.624108 0.00155486 0.999074 0.0346971 0.176445 0.0120448
1  0.591305  0.797072 -0.122617  0.195303 -0.289055 -0.937179 -0.782442  0.530211  -0.32659   0.94444  -0.60473  0.623967 0.00155494 0.999074 0.131101 0.117433 0.0116534
1  0.592188  0.796289 -0.123437  0.194663 -0.290019 -0.937014 -0.781933   0.53086 -0.326754  0.943986 -0.605236  0.624138 0.00155413 0.999074 0.116842 0.179786 0.0114575
1  0.592089  0.796382 -0.123318  0.193804 -0.289247 -0.937431 -0.782222  0.531143 -0.325601   0.94453  -0.60578  0.622802 0.00155493 0.999074 0.102182 0.202904 0.0098414
1   0.59078  0.797623 -0.121558  0.196029 -0.288045 -0.937338 -0.782657  0.529932 -0.326529  0.944509 -0.604593  0.623984 0.00155585 0.999074 0.0669626 0.0826921 0.0122941
1  0.590798  0.797612 -0.121541  0.196112  -0.28809 -0.937307 -0.782622  0.529924 -0.326624  0.944448 -0.604573  0.624099 0.00155592 0.999074 0.0862716 0.128422 0.012435
1  0.591946  0.796527  -0.12306  0.195042 -0.289715 -0.937029 -0.782022  0.530669 -0.326852  0.943983 -0.605087  0.624279 0.00155352 0.999074 0.0119978 0.14944 0.0117953
1  0.590791  0.797617 -0.121541   0.19612 -0.288092 -0.937305 -0.782625  0.529915 -0.326631   0.94445 -0.604556  0.624109 0.00155595 0.999074 0.125833 0.147725 0.0124474
1  0.591377  0.796941 -0.123123  0.194137 -0.288895  -0.93747 -0.782678  0.530495 -0.325561  0.945063 -0.605007  0.622757 0.00155586 0.999074 0.112157 0.26838 0.00988387
1  0.590817  0.797588 -0.121606  0.196107 -0.288172 -0.937283 -0.782609  0.529915  -0.32667  0.944431 -0.604536  0.624156 0.00155612 0.999074 0.110064 0.168619 0.0124616
1  0.592043  0.796428  -0.12324  0.193984 -0.289255 -0.937391 -0.782212  0.531069 -0.325746  0.944479 -0.605685  0.622975 0.00155485 0.999074 0.099006 0.191208 0.0100855
1  0.592251  0.796236 -0.123478  0.194623 -0.290072 -0.937006 -0.781895  0.530911 -0.326761  0.943952 -0.605289  0.624143 0.0015543 0.999074 0.0778178 0.129374 0.0114514
1  0.590771  0.797629  -0.12156  0.196034 -0.288046 -0.937337 -0.782662  0.529922 -0.326532  0.944516 -0.604578  0.623987 0.00155582 0.999074 0.0881145 0.119347 0.012299
1  0.591082  0.797317   -0.1221  0.195735 -0.288631 -0.937219 -0.782502  0.530074 -0.326667  0.944408 -0.604653  0.624093 0.00155499 0.999074 0.0776194 0.146281 0.0120932
1  0.590798  0.797612 -0.121541  0.196112  -0.28809 -0.937307 -0.782622  0.529924 -0.326625  0.944448 -0.604573  0.624099 0.00155592 0.999074 0.075456 0.13131 0.0124351
1  0.592043  0.796439 -0.123163  0.194856 -0.289757 -0.937055 -0.781995  0.530778  -0.32674  0.944021 -0.605193  0.624134 0.0015542 0.999074 0.0863404 0.188871 0.0115653
1  0.592089  0.796382 -0.123318  0.193804 -0.289247 -0.937431 -0.782222  0.531143 -0.325601   0.94453  -0.60578  0.622802 0.00155493 0.999074 0.124729 0.220714 0.0098414
1  0.591138  0.797259 -0.122205  0.195667 -0.288736 -0.937201 -0.782477  0.530104 -0.326681  0.944395 -0.604666  0.624099 0.00155496 0.999074 0.106102 0.1294 0.0120407
1   0.59251  0.796119 -0.122988  0.194595 -0.289603 -0.937157 -0.781706  0.531342 -0.326514  0.943719  -0.60587  0.623911 0.00155733 0.999074 0.037288 0.118818 0.0114166
1  0.590798  0.797612 -0.121541  0.196112  -0.28809 -0.937307 -0.782622  0.529924 -0.326625  0.944448 -0.604573  0.624099 0.00155592 0.999074 0.0871164 0.0977067 0.0124351
1   0.59078  0.797623 -0.121558  0.196029 -0.288045 -0.937338 -0.782657  0.529932 -0.326529  0.944509 -0.604593  0.623984 0.00155585 0.999074 0.154492 0.126227 0.012294
1  0.593464  0.795217 -0.124222  0.192281  -0.28995 -0.937527 -0.781556  0.532503  -0.32498  0.944064 -0.607309  0.622003 0.0015596 0.999074 0.103024 0.167461 0.00893497
1  0.593464  0.795217 -0.124222  0.192281  -0.28995 -0.937527 -0.781556  0.532503  -0.32498  0.944064 -0.607309  0.622003 0.00155961 0.999074 0.0780873 0.153479 0.00893498
1  0.592554  0.795993 -0.123591  0.194391 -0.290196 -0.937016 -0.781724  0.531207  -0.32669  0.943797 -0.605624  0.624053 0.00155452 0.999074 0.144164 0.16672 0.0113306
1  0.592043  0.796428 -0.123241  0.193984 -0.289255 -0.937391 -0.782212  0.531069 -0.325746  0.944479 -0.605685  0.622975 0.00155485 0.999074 0.0633852 0.148197 0.0100854
1  0.592066  0.796397 -0.123326    0.1938 -0.289242 -0.937433  -0.78224  0.531122 -0.325592  0.944552 -0.605756  0.622791 0.0015549 0.999074 0.0612066 0.0907979 0.0098213
1  0.591275  0.797119 -0.122449  0.195653 -0.289081 -0.937098 -0.782377  0.530125 -0.326885  0.944278 -0.604579  0.624342 0.00155448 0.999074 0.123788 0.201356 0.0121968
1   0.59251  0.796119 -0.122988  0.194595 -0.289603 -0.937157 -0.781706  0.531342 -0.326514  0.943719  -0.60587  0.623911 0.00155732 0.999074 0.100285 0.183005 0.0114167
1  0.591986   0.79645 -0.123367  0.193761 -0.289226 -0.937446  -0.78231  0.531052 -0.325538  0.944657 -0.605673  0.622723 0.00155508 0.999074 0.0594146 0.136587 0.00970764
1   0.59251  0.796119 -0.122988  0.194595 -0.289603 -0.937157 -0.781706  0.531342 -0.326514  0.943718  -0.60587  0.623911 0.00155733 0.999074 0.0990267 0.148714 0.0114166
1  0.592554  0.795993 -0.123591  0.194391 -0.290196 -0.937016 -0.781724  0.531207  -0.32669  0.943797 -0.605624  0.624053 0.00155453 0.999074 0.0398877 0.147295 0.0113306
1  0.590771  0.797629  -0.12156  0.196034 -0.288046 -0.937337 -0.782662  0.529922 -0.326532  0.944516 -0.604578  0.623987 0.00155582 0.999074 0.108369 0.139817 0.0122991
1  0.592486  0.796128 -0.123049  0.194367 -0.289508 -0.937233 -0.781781  0.531381 -0.326271  0.943861 -0.605939   0.62362 0.00155739 0.999074 0.0508234 0.146491 0.0110273
1  0.592089  0.796382 -0.123318  0.193804 -0.289247 -0.937431 -0.782222  0.531143 -0.325601   0.94453  -0.60578  0.622802 0.00155493 0.999074 0.0596625 0.161623 0.00984145
1  0.592553  0.795993 -0.123591  0.194391 -0.290196 -0.937016 -0.781724  0.531207  -0.32669  0.943797 -0.605624  0.624053 0.00155452 0.999074 0.142788 0.11128 0.0113304
1  0.592484  0.796049 -0.123571  0.194485 -0.290202 -0.936994 -0.781753  0.531121  -0.32676  0.943817 -0.605516  0.624135 0.00155462 0.999074 0.0975058 0.12779 0.01143
1  0.591266  0.797132 -0.122414  0.195675 -0.289049 -0.937103 -0.782378  0.530124 -0.326884  0.944273 -0.604585  0.624344 0.00155452 0.999074 0.0713031 0.167989 0.012217
1   0.59344  0.795221 -0.124313  0.192185 -0.289981 -0.937537 -0.781597   0.53248 -0.324916  0.944138 -0.607295  0.621917 0.00155977 0.999074 0.0831763 0.128966 0.00878024
1  0.592486  0.796128 -0.123049  0.194367 -0.289508 -0.937233 -0.781781  0.531381 -0.326271  0.943861 -0.605939   0.62362 0.00155739 0.999074 0.104425 0.188794 0.0110273
1   0.59251  0.796119 -0.122988  0.194595 -0.289603 -0.937157 -0.781706  0.531342 -0.326514  0.943719  -0.60587  0.623911 0.00155733 0.999074 0.100245 0.149518 0.0114166
1  0.592078  0.796399 -0.123255   0.19397  -0.28928 -0.937386 -0.782189  0.531098 -0.325754  0.944456 -0.605711  0.622985 0.00155485 0.999074 0.0932687 0.147614 0.0100921
1  0.590817  0.797588 -0.121606  0.196107 -0.288172 -0.937283 -0.782609  0.529915  -0.32667  0.944431 -0.604536  0.624156 0.00155612 0.999074 0.0924354 0.0983227 0.0124617
1  0.591342  0.797067 -0.122472  0.195433 -0.288991 -0.937171 -0.782382  0.530254 -0.326665  0.944337 -0.604791  0.624067 0.00155484 0.999074 0.112707 0.160885 0.0118422
1  0.592553  0.795993 -0.123591  0.194391 -0.290196 -0.937016 -0.781724  0.531207  -0.32669  0.943797 -0.605624  0.624053 0.00155452 0.999074 0.0636171 0.125907 0.0113304
1   0.59251  0.796119 -0.122988  0.194595 -0.289603 -0.937157 -0.781706  0.531342 -0.326513  0.943719  -0.60587  0.623911 0.00155733 0.999074 0.101396 0.220556 0.0114166
1  0.592052  0.796452 -0.123036  0.195078 -0.289763 -0.937007 -0.781933  0.530755 -0.326925  0.943871 -0.605169  0.624367 0.00155352 0.999074 0.110563 0.157146 0.0119211
1   0.59344  0.795221 -0.124313  0.192185 -0.289981 -0.937537 -0.781597   0.53248 -0.324916  0.944138 -0.607295  0.621917 0.00155977 0.999074 0.11096 0.140675 0.00878014
1  0.592089  0.796382 -0.123318  0.193804 -0.289247 -0.937431 -0.782222  0.531143 -0.325601   0.94453  -0.60578  0.622802 0.00155493 0.999074 0.0138862 0.118131 0.00984131
1   0.59078  0.797623 -0.121558  0.196029 -0.288045 -0.937338 -0.782657  0.529932 -0.326529   0.94451 -0.604593  0.623984 0.00155585 0.999074 0.125991 0.111822 0.0122939
1  0.591138  0.797259 -0.122205  0.195667 -0.288736 -0.937201 -0.782477  0.530104 -0.326681  0.944395 -0.604666  0.624099 0.00155496 0.999074 0.0932137 0.090771 0.0120408
1  0.591954  0.796478 -0.123339  0.193772 -0.289184 -0.937457 -0.782331  0.531032 -0.325519  0.944678 -0.605658  0.622703 0.0015551 0.999074 0.109711 0.11159 0.00969658
1  0.592335  0.796221 -0.123173  0.194096 -0.289395 -0.937325 -0.781963  0.531303 -0.325962  0.944148 -0.605893  0.623241 0.00155563 0.999074 0.04193 0.160514 0.0104786
1  0.593464  0.795217 -0.124222  0.192281  -0.28995 -0.937527 -0.781556  0.532503  -0.32498  0.944064 -0.607309  0.622003 0.00155961 0.999074 0.0679094 0.146983 0.00893495
1  0.592486  0.796128 -0.123049  0.194367 -0.289508 -0.937233 -0.781781  0.531381 -0.326271  0.943861  -0.60594   0.62362 0.00155739 0.999074 0.0281811 0.140005 0.0110272
1   0.59251  0.796119 -0.122988  0.194595 -0.289603 -0.937157 -0.781706  0.531342 -0.326514  0.943718  -0.60587  0.623911 0.00155732 0.999074 0.0305662 0.125749 0.0114167
1  0.592484  0.796049 -0.123571  0.194485 -0.290202 -0.936994 -0.781753  0.531121  -0.32676  0.943817 -0.605516  0.624135 0.00155462 0.999074 0.0932803 0.125358 0.0114301
1  0.592251  0.796236 -0.123478  0.194623 -0.290072 -0.937006 -0.781895  0.530911 -0.326761  0.943952 -0.605289  0.624143 0.0015543 0.999074 0.065346 0.133875 0.0114515
1  0.590817  0.797588 -0.121606  0.196107 -0.288172 -0.937283 -0.782609  0.529915  -0.32667  0.944431 -0.604536  0.624156 0.00155611 0.999074 0.040738 0.0899038 0.0124615
1  0.592052  0.796452 -0.123036  0.195078 -0.289763 -0.937007 -0.781933  0.530755 -0.326925  0.943871 -0.605169  0.624367 0.00155352 0.999074 0.0319616 0.160163 0.0119212
1  0.592089  0.796382 -0.123318  0.193804 -0.289247 -0.937431 -0.782222  0.531143 -0.325601   0.94453  -0.60578  0.622802 0.00155493 0.999074 0.034997 0.175939 0.0098414
1  0.591113   0.79728 -0.122187  0.195736 -0.288749 -0.937183 -0.782478  0.530065  -0.32674   0.94438 -0.604597  0.624182 0.00155482 0.999074 0.0995837 0.160985 0.01215
