1  0.596104   0.79326 -0.124092  0.194133 -0.292367 -0.936394 -0.779084  0.534098 -0.328279  0.940469 -0.608849  0.625931 0.00157663 0.999074 0.0190197 0.845597 0.0154869
1  0.595123  0.793754 -0.125631   0.18942 -0.290473 -0.937948 -0.780992  0.534397  -0.32322  0.944007 -0.609294  0.619921 0.00159514 0.999074 0.0402623 1.05689 0.00788069
1  0.592398  0.796003 -0.124272  0.193911 -0.290595 -0.936992 -0.781961  0.530974 -0.326501  0.944138 -0.605181  0.623865 0.00155912 0.999074 0.118508 1.16066 0.0107549
1   0.59382  0.794874 -0.124709  0.191402   -0.2901  -0.93766   -0.7815  0.532932 -0.324408   0.94419 -0.607826  0.621305 0.00156333 0.999074 0.162703 1.48889 0.00819236
1   0.59431  0.794506 -0.124727  0.191111 -0.290163 -0.937701   -0.7812  0.533448 -0.324285  0.943859 -0.608344  0.621293 0.00157468 0.999074 0.0668045 1.09928 0.00855393
1  0.592072  0.796357 -0.123557  0.194928 -0.290283 -0.936877 -0.781955  0.530614 -0.327101  0.944038 -0.604875  0.624542 0.0015588 0.999074 0.121824 1.80111 0.0119005
1  0.593202  0.795634 -0.122796   0.19476  -0.28983 -0.937053 -0.781141  0.531945 -0.326885  0.942869 -0.606562  0.624443 0.00156365 0.999074 0.125342 2.05483 0.0123615
1  0.593769  0.794495 -0.127346  0.190669 -0.292686 -0.937006 -0.781718  0.532084 -0.325274  0.944619 -0.606108  0.622251 0.00157088 0.999074 0.0816497 2.31561 0.00821175
1  0.591438  0.796838 -0.123491  0.194639 -0.289698 -0.937118 -0.782507  0.530211 -0.326434  0.944702 -0.604489  0.623754 0.00155477 0.999074 0.0433206 3.12576 0.0109633
1  0.591936  0.795981 -0.126595   0.18725 -0.288585 -0.938965 -0.783932  0.532103 -0.319872  0.948125  -0.60709  0.615912 0.00156655 0.998148 0.107802 3.1362 0.00277015
1  0.591823   0.79664 -0.122925  0.193029 -0.288129 -0.937935 -0.782615  0.531363 -0.324296  0.945185 -0.606309  0.621286 0.00155809 0.999074 0.173163 3.49467 0.00836047
1  0.590573  0.797306 -0.124606  0.188995 -0.286768 -0.939173  -0.78454  0.531101 -0.320044  0.948561 -0.606358  0.616152 0.00158108 0.999074 0.0663188 1.72016 0.00450835
1  0.592771  0.795456 -0.125988    0.1898 -0.290005 -0.938015 -0.782687  0.532115 -0.322884  0.945975 -0.606804  0.619487 0.00156455 0.999074 0.0402318 1.46003 0.00478027
1  0.590387  0.797292 -0.125574  0.190314 -0.288711  -0.93831 -0.784362  0.530068 -0.322187  0.947989  -0.60466  0.618654 0.00156589 0.999074 0.0647366 1.7901 0.00457783
1  0.592919   0.79557 -0.124563  0.194148 -0.291354 -0.936707 -0.781508  0.531207 -0.327207   0.94358 -0.605362  0.624646 0.00155794 0.999074 0.0622945 1.21213 0.0117765
1  0.592546   0.79586 -0.124481  0.192245 -0.289781 -0.937587  -0.78226  0.531633 -0.324709  0.944892 -0.606281  0.621819 0.0015675 0.999074 0.0605033 1.11687 0.00808356
1  0.590777  0.796854 -0.126515  0.190153 -0.289897 -0.937977 -0.784107  0.530078 -0.322789  0.947558 -0.604389  0.619326 0.00157146 0.999074 0.0501164 1.3895 0.00455155
1  0.592012  0.796654  -0.12192  0.196038 -0.289082 -0.937017 -0.781723  0.530824 -0.327315  0.943404 -0.605472  0.624894 0.00155727 0.999074 0.0716746 1.28003 0.0131151
1  0.594819  0.793871 -0.126327  0.190134 -0.291634 -0.937443  -0.78105   0.53359 -0.324411  0.943976 -0.608292  0.621327 0.00157888 0.999074 0.0442166 0.947739 0.00833804
1  0.590978  0.797373 -0.122233  0.195558 -0.288617  -0.93726 -0.782625  0.529997 -0.326499  0.944627 -0.604558  0.623849 0.00155553 0.999074 0.0605941 1.05789 0.0117636
1  0.592421  0.795301 -0.128583  0.185561 -0.290018 -0.938859 -0.783967   0.53234 -0.319389  0.948414  -0.60737  0.615272 0.0016121 0.999074 0.115858 1.36 0.00315685
1  0.592103  0.796958 -0.119469  0.197597 -0.287303 -0.937237 -0.781262  0.531334 -0.327589  0.942548 -0.606416  0.625263 0.00156539 0.999074 0.0824738 1.36306 0.0150437
1  0.594711  0.794115 -0.125303   0.19186 -0.291551 -0.937117 -0.780711  0.533273 -0.325747  0.943071 -0.607883  0.622895 0.00156489 0.999074 0.164983 1.02525 0.0103245
1  0.594602  0.794153 -0.125576  0.190286 -0.290744 -0.937688 -0.781179  0.533656 -0.323993  0.943956 -0.608496  0.620889 0.00157252 0.999074 0.0850189 1.50321 0.00806327
1  0.589528  0.798257  -0.12346  0.190916 -0.286216 -0.938952 -0.784862  0.529968 -0.321133  0.948646  -0.60497  0.617516 0.00158208 0.999074 0.0628973 1.11377 0.00619008
1  0.593771  0.795148  -0.12319  0.193907 -0.289993 -0.937179  -0.78092  0.532582 -0.326374  0.942956 -0.607135  0.623667 0.00157704 0.999074 0.0323722 1.19556 0.0115129
1  0.590758  0.797337 -0.123529  0.194536  -0.28934  -0.93725 -0.783046  0.529657  -0.32604  0.945403 -0.604055  0.623205 0.00156358 0.999074 0.111689 1.31496 0.0104377
1  0.592029  0.796316 -0.124028  0.193105 -0.289579 -0.937472  -0.78244   0.53106 -0.325211  0.944955 -0.605581  0.622291 0.00155455 0.999074 0.0455196 1.26479 0.00885026
1  0.592361  0.796435 -0.121654  0.195492 -0.288569 -0.937289 -0.781596  0.531431 -0.326634  0.943354 -0.605997  0.624162 0.00157411 0.999074 0.0899353 1.36822 0.0124048
1   0.59339  0.795565 -0.122328  0.196173 -0.290334 -0.936601 -0.780644  0.531772  -0.32835  0.942188 -0.606279  0.626004 0.00156697 0.999074 0.0913601 1.29699 0.0145913
1  0.596308  0.792806 -0.125994  0.190059 -0.291921 -0.937369 -0.779932  0.535014 -0.324755  0.942448 -0.609821  0.621822 0.00157977 0.998148 0.108521 1.71949 0.0107609
1  0.591345  0.797151 -0.121908  0.194314 -0.287571 -0.937841 -0.782657  0.530899 -0.324951  0.944845 -0.605875  0.622127 0.00155819 0.999074 0.14627 1.29885 0.00993657
1  0.591776  0.796526 -0.123884   0.19332 -0.289432 -0.937473 -0.782578  0.530825 -0.325263   0.94504 -0.605352  0.622398 0.00155505 0.999074 0.139545 1.29254 0.00903139
1  0.595446  0.793986   -0.1226  0.196417 -0.291842 -0.936081 -0.779015  0.533306 -0.329728  0.939653 -0.607806  0.627932 0.00157714 0.998148 0.147745 1.0531 0.0178748
1  0.591595  0.796815 -0.122887  0.194536 -0.288995 -0.937357 -0.782413   0.53063 -0.325977  0.944506 -0.605116  0.623366 0.0015606 0.999074 0.0686132 1.23242 0.0107016
1  0.591794  0.796807  -0.12198  0.195237 -0.288501 -0.937363 -0.782089  0.530911 -0.326299  0.943629 -0.605457  0.623912 0.0015881 0.998148 0.100823 1.18535 0.0118771
1  0.592623  0.795868 -0.124066  0.193233 -0.290002 -0.937315 -0.781959    0.5315  -0.32565  0.943947 -0.606187  0.622947 0.00158698 0.999074 0.00861919 0.850866 0.0097933
1  0.591424  0.797288 -0.120622  0.197467 -0.288236 -0.936978 -0.781808  0.530333 -0.327908  0.942744 -0.605047  0.625761 0.00159206 0.999074 0.0907516 1.36761 0.0149093
1  0.592591  0.796065 -0.122946   0.19473 -0.289686 -0.937103 -0.781611  0.531378 -0.326683  0.943554  -0.60593  0.624113 0.00155577 0.999074 0.0222775 1.25934 0.0117101
1  0.594179  0.794681 -0.124233  0.191182 -0.289564 -0.937871 -0.781281  0.533512 -0.323981  0.943996 -0.608689  0.620905 0.00157406 0.999074 0.0558306 1.24761 0.00844738
1  0.588749  0.799558 -0.118665  0.198476 -0.285307  -0.93766  -0.78357  0.528495 -0.326668  0.945038 -0.603549  0.624293 0.00157469 0.999074 0.0559727 0.973103 0.015068
1  0.592769  0.795904  -0.12313  0.190953 -0.287419 -0.938577 -0.782408  0.532847 -0.322354  0.945412 -0.608363  0.618966 0.0015739 0.999074 0.0764476 0.952512 0.00679623
1  0.592573  0.795308 -0.127834  0.186721 -0.289995 -0.938636 -0.783577  0.532341 -0.320344  0.947811 -0.607412  0.616423 0.00160709 0.999074 0.107172 1.02607 0.00240263
1  0.592511  0.795844  -0.12475  0.194089 -0.291333 -0.936725 -0.781831  0.530808 -0.327083  0.944017 -0.604843  0.624468 0.00155873 0.999074 0.104774 1.32615 0.0114196
1   0.59153   0.79699 -0.122061  0.192731 -0.286767 -0.938413 -0.782909  0.531575 -0.323236  0.945593 -0.606895  0.620092 0.00156491 0.999074 0.110177 1.12096 0.0079583
1  0.592072  0.796649 -0.121658  0.196309 -0.288987  -0.93699  -0.78161  0.530883  -0.32749   0.94318 -0.605421  0.625161 0.00155863 0.999074 0.0843526 1.32829 0.0135647
1  0.599093  0.790783 -0.125496  0.190901  -0.29329  -0.93677 -0.777589  0.537256 -0.326669  0.939371 -0.612431  0.624004 0.0015965 0.998148 0.0715698 1.35206 0.0166247
1   0.59159  0.797065 -0.121281  0.195105 -0.287489 -0.937702 -0.782276  0.531072 -0.325587  0.944213 -0.606042  0.622956 0.00156174 0.999074 0.0743454 1.11578 0.0112226
1  0.590936  0.797534 -0.121388  0.196021 -0.287916  -0.93738 -0.782541  0.530136 -0.326473  0.944363 -0.604792  0.623967 0.00155705 0.999074 0.0676427 1.45616 0.0123246
1  0.594263  0.794044 -0.127853  0.187627 -0.291453 -0.938004 -0.782079  0.533432 -0.322184  0.945773 -0.608093  0.618576 0.00157846 0.999074 0.0852103 1.26259 0.00488524
1  0.591607  0.796758 -0.123196  0.194263 -0.289179 -0.937357 -0.782472  0.530614 -0.325861   0.94473 -0.605176  0.623104 0.00155477 0.999074 0.0328344 1.13635 0.0102593
1  0.594915  0.793965 -0.125279  0.190984 -0.291025 -0.937459  -0.78077  0.533783 -0.324769  0.943223 -0.608511  0.621867 0.00156671 0.998148 0.0319284 1.14503 0.00944496
1  0.593963  0.794564 -0.126001   0.19181 -0.291972 -0.936996 -0.781292  0.532372 -0.325826  0.943925 -0.606587  0.622951 0.001572 0.999074 0.0855012 1.17993 0.00950621
1  0.592068  0.795603 -0.128341  0.186975 -0.290522 -0.938423 -0.783898  0.531613 -0.320767  0.948205 -0.605896  0.616898 0.00158877 0.999074 0.0882817 1.27993 0.00145463
1  0.591828  0.796414 -0.124358  0.190679 -0.288224 -0.938386 -0.783187   0.53165 -0.322438  0.946402 -0.606679  0.619068 0.00156582 0.999074 0.110228 1.13459 0.00520777
1  0.592732  0.795649 -0.124946  0.192919 -0.290879 -0.937108 -0.781953   0.53135 -0.325909  0.944414 -0.605731  0.622923 0.00156878 0.999074 0.129014 1.18046 0.00943777
1  0.590439  0.797655 -0.122998  0.195222 -0.289024 -0.937205 -0.783115  0.529351 -0.326371  0.945267 -0.603702  0.623741 0.00155898 0.999074 0.0809121 1.29646 0.011393
1  0.592518  0.796049 -0.123403  0.194071  -0.28974 -0.937223  -0.78183  0.531373 -0.326167   0.94389 -0.606034   0.62353 0.00156164 0.999074 0.0468405 1.35157 0.0107504
1  0.597133  0.791823 -0.128252  0.187571  -0.29329 -0.937442 -0.779903  0.535721 -0.323656  0.943245 -0.610578  0.620172 0.00161208 0.999074 0.0872649 0.959194 0.0101969
1  0.591976  0.796503 -0.123077  0.195066 -0.289765 -0.937009 -0.781993  0.530678 -0.326905  0.944063  -0.60515  0.624145 0.00156974 0.999074 0.0254587 1.10272 0.0117013
1  0.590081  0.798453 -0.119483  0.199036 -0.287299 -0.936933 -0.782425  0.529086 -0.328451   0.94351 -0.603664  0.626361 0.001561 0.999074 0.127714 1.13101 0.0164025
1  0.592155   0.79512 -0.130908  0.183542 -0.291266  -0.93887 -0.784643  0.531929 -0.318413  0.949881 -0.606327  0.614025 0.00160217 0.999074 0.0895396 1.13867 0.00533944
1   0.59615  0.792204 -0.130449  0.186107 -0.294405 -0.937385 -0.781005  0.534545 -0.322944  0.944815 -0.608927  0.619354 0.00159116 0.998148 0.0812662 1.06004 0.00810206
1  0.590576  0.796917 -0.127055  0.190336 -0.290559 -0.937735 -0.784214  0.529621 -0.323279  0.947753 -0.603628  0.619875 0.00156821 0.999074 0.0595514 1.18041 0.0053678
1  0.590512  0.797418 -0.124174  0.193126 -0.289025 -0.937639  -0.78358  0.529706 -0.324675  0.946415 -0.604132  0.621564 0.00156213 0.999074 0.0826253 1.33464 0.00825041
1  0.590993  0.797377 -0.122138  0.197193 -0.289618 -0.936609 -0.782203  0.529445 -0.328399  0.943708 -0.603365  0.626175 0.0015662 0.999074 0.00393068 1.01987 0.0147423
1  0.591763  0.796809 -0.122114  0.195241 -0.288647 -0.937317 -0.782111  0.530828 -0.326381  0.944066 -0.605513  0.623771 0.00155496 0.999074 0.126388 1.4246 0.0116447
1   0.59383  0.794918 -0.124382  0.191789 -0.289983 -0.937618 -0.781398   0.53293 -0.324657  0.944008 -0.607839  0.621678 0.0015671 0.999074 0.105743 1.60627 0.00873216
1  0.591402  0.796798  -0.12392  0.192009 -0.288403  -0.93806 -0.783183  0.530976 -0.323555   0.94594 -0.605903   0.62052 0.00157851 0.999074 0.0972567 1.33087 0.00683929
1  0.590801  0.797108  -0.12479  0.189229 -0.287253 -0.938977 -0.784313  0.531135 -0.320546  0.948123 -0.606195  0.616796 0.00157297 0.999074 0.0885034 1.39612 0.00403837
1  0.593558  0.794891 -0.125846  0.191035 -0.291063 -0.937437 -0.781789  0.532382 -0.324614  0.944619 -0.606918  0.621484 0.00156281 0.999074 0.0727679 1.39159 0.00760249
1  0.590648   0.79788 -0.120508   0.19857 -0.288467 -0.936673 -0.782115  0.529315 -0.328817  0.943109 -0.603707  0.626767 0.00156503 0.999074 0.0827172 1.53446 0.0162687
1  0.589536  0.798433 -0.122282  0.194424 -0.287203 -0.937931 -0.783994  0.529169 -0.324551  0.946766 -0.603834  0.621494 0.00157048 0.999074 0.0684359 1.6691 0.00970103
1  0.591097  0.797351 -0.121803   0.19582 -0.288346 -0.937289  -0.78247  0.530177 -0.326578  0.944167 -0.604863  0.624188 0.00157053 0.999074 0.0667751 1.54149 0.0122987
1  0.592525  0.796249 -0.122074  0.195536 -0.289174 -0.937093  -0.78146  0.531381 -0.327038  0.943203 -0.605872  0.624577 0.00156573 0.999074 0.0795624 1.40658 0.0127055
1  0.601776  0.788109 -0.129424  0.186556 -0.296275 -0.936706 -0.776571  0.539542 -0.325318  0.938961 -0.614667  0.622309 0.00164771 0.998148 0.0725056 1.56492 0.0188579
1  0.592123  0.796306 -0.123641  0.194682  -0.29024 -0.936941 -0.781978  0.530714 -0.326885  0.944018    -0.605  0.624277 0.00155401 0.999074 0.106645 1.17247 0.0115537
1  0.592429  0.795745 -0.125767  0.188579 -0.288749 -0.938649 -0.783241  0.532366 -0.321125  0.946847 -0.607393  0.617496 0.00157745 0.999074 0.0248447 1.75322 0.00337251
1  0.592909  0.795457 -0.125325  0.191199 -0.290243 -0.937657 -0.782241  0.531984 -0.324179  0.944432 -0.606564  0.621296 0.00164703 0.998148 0.0336592 1.53464 0.00731526
1  0.592754  0.795827 -0.123699  0.194263 -0.290335 -0.936999 -0.781604   0.53138 -0.326697  0.943664 -0.605842  0.624065 0.00155552 0.999074 0.154672 1.54299 0.0113409
1  0.592707  0.795704 -0.124717  0.191484 -0.289621 -0.937792 -0.782325  0.531954 -0.324025  0.945083 -0.606699  0.620899 0.0015621 0.999074 0.101587 1.71526 0.0070245
1  0.593714  0.795042 -0.124144  0.193814 -0.291026 -0.936878 -0.780986  0.532177 -0.326877  0.943107 -0.606611  0.624254 0.00156575 0.999074 0.0744552 1.40419 0.0116998
1  0.590912  0.796311 -0.129271   0.18589 -0.290328 -0.938698 -0.785027  0.530658 -0.319584  0.949502  -0.60521  0.615576 0.00162739 0.999074 0.10405 1.48483 0.00323619
1  0.594858  0.793918 -0.125852  0.190428 -0.291292 -0.937489 -0.780949  0.533707 -0.324462  0.943337 -0.608404  0.621793 0.00162714 0.998148 0.019836 1.38936 0.00903802
1  0.594073  0.794326 -0.126978  0.189232 -0.291422 -0.937691 -0.781837  0.533028 -0.323438  0.944763 -0.607631  0.620304 0.00158527 0.998148 0.0428673 1.41212 0.00634921
1  0.591275  0.797121 -0.122443  0.195726 -0.289123 -0.937069 -0.782359    0.5301 -0.326969  0.944245 -0.604411  0.624474 0.00155601 0.999074 0.122925 1.41373 0.0123544
1  0.592904  0.795595 -0.124473  0.193586  -0.29086 -0.936977 -0.781658  0.531441 -0.326468  0.943889 -0.605804  0.623762 0.00155631 0.999074 0.100871 1.49941 0.0106607
1  0.592177  0.796208 -0.124012  0.191498 -0.288541 -0.938122 -0.782723  0.531786  -0.32334  0.945646 -0.606844  0.620105 0.0015643 0.999074 0.0538406 1.98999 0.00650034
1  0.594578   0.79347 -0.129932  0.186587 -0.293354 -0.937619 -0.782088  0.533244 -0.322473    0.9458 -0.607407  0.618977 0.00158813 0.998148 0.0812092 1.50965 0.00552043
1  0.594523  0.794124 -0.126131  0.189143  -0.29058  -0.93797 -0.781516  0.533789  -0.32296  0.944735 -0.608814  0.619587 0.00157595 0.999074 0.0266563 1.38644 0.0066848
1  0.587847  0.799149 -0.125683   0.18843 -0.286349 -0.939414 -0.786721  0.528549 -0.318913  0.951074 -0.603536  0.615059 0.00164857 0.999074 0.0552139 1.71684 0.0075735
1  0.592128  0.796148 -0.124633  0.192132  -0.28968 -0.937641 -0.782605  0.531258 -0.324492  0.945382 -0.605885  0.621407 0.00155783 0.999074 0.050558 1.05579 0.00748343
1  0.591811  0.796593 -0.123286  0.193858 -0.289111 -0.937461 -0.782418    0.5309 -0.325525  0.944771 -0.605513  0.622733 0.00155646 0.999074 0.0587375 1.45359 0.00974054
1  0.591806  0.796188 -0.125896  0.190239 -0.289727 -0.938013  -0.78331  0.531171 -0.322928   0.94685 -0.605772  0.619481 0.00156902 0.999074 0.134796 1.63323 0.00452453
1  0.592023  0.796453 -0.123172  0.194958 -0.289827 -0.937012 -0.781985  0.530719 -0.326859  0.943961 -0.605115  0.624299 0.00155402 0.999074 0.0978566 1.51324 0.0117618
1   0.59225   0.79636 -0.122683  0.195707 -0.289871 -0.936842 -0.781626  0.530834  -0.32753  0.943399 -0.605216  0.625078 0.00155559 0.999074 0.0706651 1.60939 0.0130012
1  0.592636  0.795831 -0.124237  0.192254 -0.289544 -0.937658  -0.78219  0.531805 -0.324595  0.944793 -0.606575  0.621589 0.00155951 0.999074 0.0833244 1.54317 0.00804588
1  0.598173  0.791093  -0.12791  0.191179  -0.29588 -0.935898 -0.778228  0.535376 -0.328228  0.940235   -0.6095   0.62564 0.00159432 0.998148 0.0831896 1.80354 0.0161071
1  0.590523  0.797767 -0.121861  0.189211 -0.283657 -0.940073 -0.784526  0.532077 -0.318452  0.948457   -0.6081  0.614436 0.00161528 0.999074 0.0667637 1.6314 0.0080037
1  0.591769  0.796835 -0.121918   0.19535 -0.288493 -0.937342 -0.782079  0.530873 -0.326382  0.943621 -0.605599  0.624055 0.00159396 0.999074 0.0704621 1.45592 0.0120509
1  0.590672  0.797504  -0.12286  0.193087  -0.28753 -0.938107 -0.783469  0.530391 -0.323823  0.946201 -0.605299  0.620736 0.0015584 0.999074 0.0911018 1.36927 0.00796302
1  0.591858  0.796585 -0.123115  0.194858  -0.28961   -0.9371 -0.782135   0.53064 -0.326629  0.944206 -0.605064  0.623994 0.00155467 0.999074 0.112808 1.32169 0.0114086
1   0.59351  0.794583 -0.127994  0.188732 -0.292006  -0.93761 -0.782385  0.532325 -0.323272   0.94611 -0.606662  0.619647 0.00159614 0.999074 0.0385512 1.50975 0.00483303
1  0.591811  0.796613 -0.123157  0.194176 -0.289174 -0.937376  -0.78234  0.530835 -0.325819  0.944491  -0.60522  0.623301 0.0015817 0.999074 0.0873335 1.20558 0.0104098
1  0.590963  0.797469 -0.121679  0.198634  -0.29004 -0.936174 -0.781861  0.529075 -0.329807  0.942833 -0.602904  0.627901 0.00156675 0.999074 0.102989 1.53056 0.0171905
1  0.596279  0.793103 -0.124254   0.19203 -0.291202  -0.93719 -0.779472  0.534966 -0.325938  0.941626 -0.610176  0.622917 0.001602 0.999074 0.0868863 1.71356 0.0126067
1  0.592247  0.796185 -0.123827  0.192704 -0.289177 -0.937679 -0.782374  0.531476 -0.324692  0.944968 -0.606195  0.621782 0.00156156 0.999074 0.00968029 1.41759 0.00834313
1  0.590904   0.79761 -0.121036  0.196724 -0.287963 -0.937218 -0.782388  0.529995 -0.327068  0.944009 -0.604681  0.624672 0.00155746 0.999074 0.125087 1.64035 0.0133611
1  0.593543  0.795801 -0.120032  0.195002 -0.286907 -0.937901 -0.780821  0.533278 -0.325474  0.942366  -0.60891  0.622867 0.00157794 0.999074 0.0798091 1.51918 0.0128705
1  0.591003  0.797364 -0.122171  0.193069 -0.286868 -0.938313 -0.783224  0.530959 -0.323486  0.945696 -0.606057  0.620519 0.00157737 0.999074 0.0969652 1.35978 0.00818496
1   0.59363  0.794435 -0.128361  0.190384 -0.293621 -0.936771 -0.781893  0.531658  -0.32555  0.944926 -0.605339  0.622567 0.00158067 0.999074 0.0265122 1.61256 0.00847172
1  0.593915  0.794827  -0.12456  0.192066 -0.290424 -0.937424 -0.781265  0.532827 -0.325147  0.943769 -0.607611  0.622177 0.00156209 0.999074 0.0664226 1.54697 0.00925027
1  0.592502  0.796037 -0.123558  0.193841 -0.289758 -0.937265   -0.7819  0.531381 -0.325987  0.944123 -0.605783  0.623348 0.00156882 0.999074 0.0210472 1.53393 0.0103859
1  0.591518  0.796681 -0.124124  0.193129 -0.289459 -0.937504 -0.782821  0.530578 -0.325082  0.945332 -0.605059  0.622188 0.00155748 0.999074 0.0304702 1.32089 0.00867044
1  0.593346  0.795062 -0.125766   0.19103 -0.290862   -0.9375 -0.781951  0.532237 -0.324462  0.944813 -0.606478  0.621391 0.00158267 0.999074 0.0769214 1.40141 0.00730064
1  0.593693  0.795037 -0.124282  0.192259 -0.290118  -0.93748 -0.781387  0.532681 -0.325094  0.943862 -0.607365  0.622193 0.00156575 0.999074 0.0584628 1.36446 0.00920721
1  0.592982  0.795854 -0.122429  0.195772 -0.289978 -0.936796 -0.781054  0.531535 -0.327757  0.942293 -0.606117  0.625476 0.001576 0.999074 0.0284796 1.17706 0.0138254
1  0.593805  0.795056 -0.123617  0.194497 -0.290915 -0.936771 -0.780748  0.532216 -0.327383  0.942559 -0.606545  0.624932 0.00156703 0.999074 0.0235474 1.41278 0.0128001
1  0.594775  0.793999 -0.125731  0.190149 -0.290919 -0.937662  -0.78108   0.53379 -0.324009  0.943993 -0.608615   0.62085 0.00157649 0.999074 0.0216156 1.52437 0.00811509
1  0.591499  0.796853 -0.123101  0.195365 -0.289762 -0.936948  -0.78228  0.530154 -0.327071  0.944265 -0.604413  0.624527 0.00155497 0.999074 0.0994976 1.3638 0.0121113
