1  -0.991644  -0.116047  0.0563565 -0.0921784   0.331739  -0.938857  0.0902562  -0.936206  -0.339664  0.0019776   0.335462   0.160086 0.00261775 0.91834 0.0386024 0.0904068
1  -0.996539  -0.069096  0.0462122 -0.0657164   0.314429  -0.947003  0.0509037  -0.946763  -0.317882 0.00962201   0.338783    0.15316 0.00246791 0.919679 0.0672215 0.0769927
1  -0.991644   -0.11454  0.0593474 -0.0937895   0.324269  -0.941304  0.0885726  -0.939005  -0.332302 0.00208695   0.336884   0.157392 0.00267916 0.934404 0.00528369 0.0859609
1   -0.99654 -0.0690782  0.0462101 -0.0657119   0.314488  -0.946984  0.0508834  -0.946745  -0.317939 0.00962987   0.338773   0.153178 0.00246877 0.919679 0.146276 0.105992
1  -0.992717  -0.106504  0.0563074 -0.0875624   0.316857  -0.944423  0.0827435  -0.942475  -0.323875 0.00311184   0.338289    0.15471 0.00255267 0.935743 0.0142539 0.099026
1   -0.99654 -0.0690782  0.0462101 -0.0657119   0.314488  -0.946984  0.0508834  -0.946745  -0.317939 0.00962987   0.338773   0.153178 0.00246878 0.919679 0.0642947 0.0685757
1   -0.99654 -0.0690782  0.0462101 -0.0657119   0.314488  -0.946984  0.0508834  -0.946745  -0.317939 0.00962987   0.338773   0.153178 0.00246876 0.919679 0.0871314 0.0804329
1  -0.993618 -0.0986741  0.0546543 -0.0808776   0.285467   -0.95497  0.0786288  -0.953295  -0.291626 0.00450423   0.343616   0.144224 0.00267732 0.962517 0.0417994 0.0439869
1   -0.99654 -0.0690782  0.0462101 -0.0657119   0.314488  -0.946984  0.0508834  -0.946745  -0.317939 0.00962987   0.338773   0.153178 0.00246876 0.919679 0.0509345 0.0755417
1  -0.996539  -0.069096  0.0462122 -0.0657164   0.314429  -0.947003  0.0509037  -0.946763  -0.317882 0.00962201   0.338783    0.15316 0.00246791 0.919679 0.0379711 0.0904307
1  -0.992375  -0.110602  0.0543997 -0.0888122   0.335605  -0.937807  0.0854662  -0.935487  -0.342869 0.00278472   0.334918    0.16116 0.00257936 0.919679 -6.33713e-05 0.085224
1  -0.996506 -0.0691681  0.0468184 -0.0662297   0.312832  -0.947497  0.0508903  -0.947287   -0.31632 0.00971122   0.338991   0.152669 0.00246312 0.919679 0.0409924 0.0343197
1  -0.994296 -0.0947433  0.0489848 -0.0776153   0.327721  -0.941581  0.0731551  -0.940012  -0.333206 0.00536371   0.336452   0.158115 0.0025266 0.925033 -0.0291753 0.034357
0   0.992806  -0.112621 -0.0406472  0.0726355   0.296639   0.952224  -0.095183  -0.948326   0.302685 0.00664819   0.341151  -0.148494 0.00231141 0.941098 0.54501 0.409539
1  -0.996539  -0.069096  0.0462122 -0.0657164   0.314429  -0.947003  0.0509037  -0.946763  -0.317882 0.00962202   0.338783    0.15316 0.00246792 0.919679 0.0534288 0.0854203
1  -0.995189 -0.0858423  0.0472324 -0.0724379   0.320028  -0.944635  0.0659739  -0.943511  -0.324707 0.00683758   0.337744   0.155455 0.00259398 0.926372 0.0241714 0.0968376
1  -0.995126 -0.0862461  0.0478042 -0.0728709   0.316588   -0.94576  0.0664339  -0.944634   -0.32133 0.00671185   0.338311   0.154452 0.00255183 0.926372 0.00819351 0.0523514
1  -0.992716  -0.106529  0.0562782  -0.087558   0.317033  -0.944364  0.0827597  -0.942413  -0.324051 0.00310173   0.338249   0.154785 0.00255846 0.935743 -0.00225168 0.119374
1  -0.996542 -0.0691001  0.0461507 -0.0656538   0.314329  -0.947041  0.0509341  -0.946796  -0.317778 0.00961935   0.338794   0.153127 0.0024688 0.919679 0.171278 0.0579943
1  -0.996539  -0.069096  0.0462122 -0.0657164   0.314429  -0.947003  0.0509037  -0.946763  -0.317882 0.00962201   0.338783    0.15316 0.00246791 0.919679 0.18274 0.08177
1  -0.994679 -0.0905648  0.0491147 -0.0763068   0.327314  -0.941829  0.0692207  -0.940566  -0.332483 0.00619754   0.336509   0.157898 0.00258326 0.923695 0.0156757 0.0293612
0    0.997203  -0.0674113  -0.0322733   0.0505075    0.289543    0.955831  -0.0550893   -0.954788    0.292138 -0.00169154    0.342775   -0.145015 0.00199435 0.933066 0.639845 0.182288
1   -0.99654 -0.0690782  0.0462101 -0.0657119   0.314488  -0.946984  0.0508834  -0.946745  -0.317939 0.00962987   0.338773   0.153178 0.00246877 0.919679 0.0270973 0.0807156
1  -0.994771 -0.0899798  0.0483045 -0.0751963   0.325302  -0.942615  0.0691028  -0.941319  -0.330368 0.00619241   0.336861   0.157225 0.00256317 0.923695 -0.00368882 0.120813
1  -0.995189 -0.0858423  0.0472324 -0.0724379   0.320028  -0.944635  0.0659739  -0.943511  -0.324707 0.00683758   0.337744   0.155455 0.00259397 0.926372 0.049625 0.099825
1  -0.998557 -0.0369609  0.0389504 -0.0481539   0.295452  -0.954143   0.023758  -0.954642  -0.296805  0.0151687   0.341478   0.146673 0.00284449 0.922356 0.0481467 0.0961473
1  -0.991752  -0.115572  0.0554149 -0.0907745   0.328118  -0.940265  0.0904852   -0.93754  -0.335903 0.00175555   0.336102    0.15885 0.00266689 0.925033 0.00924497 0.0393107
1  -0.994293 -0.0947612  0.0490152 -0.0776485   0.327701  -0.941585  0.0731634  -0.940017  -0.333189 0.00537028   0.336456    0.15811 0.00252465 0.925033 0.0158451 0.0347637
1  -0.994678 -0.0906066  0.0490554 -0.0762606   0.327258  -0.941853  0.0692843  -0.940581  -0.332426 0.00619343   0.336521   0.157881 0.00257834 0.923695 0.15521 0.0926442
1  -0.993477  -0.101551  0.0518801 -0.0825383   0.326426  -0.941612  0.0786866  -0.939752  -0.332678 0.00410341   0.336667    0.15782 0.00247663 0.925033 0.00455523 0.0771422
1  -0.996539  -0.069096  0.0462123 -0.0657164   0.314429  -0.947003  0.0509037  -0.946763  -0.317882 0.00962202   0.338783    0.15316 0.00246791 0.919679 0.119707 0.109486
1  -0.994544 -0.0921184   0.048954 -0.0767722   0.328609  -0.941341  0.0706281  -0.939963  -0.333888 0.00589766   0.336244   0.158386 0.00257358 0.922356 0.0242906 0.0511305
1  -0.992687  -0.106696  0.0564648 -0.0877755   0.316868  -0.944399  0.0828713  -0.942449  -0.323916 0.00308597   0.338293   0.154711 0.00255087 0.935743 0.0187272 0.109448
1  -0.996519 -0.0692341  0.0464311 -0.0658062   0.311421  -0.947991  0.0511737  -0.947747  -0.314893 0.00950423   0.339269    0.15232 0.00243336 0.919679 0.036324 0.0959612
1  -0.998472 -0.0380007  0.0401287  -0.049648   0.297774  -0.953345  0.0242785   -0.95388  -0.299205  0.0150661   0.341135   0.147268 0.00286972 0.922356 0.0543654 0.0817568
1  -0.992687  -0.106696  0.0564647 -0.0877755   0.316868  -0.944399  0.0828713  -0.942449  -0.323916 0.00308597   0.338293   0.154711 0.00255088 0.935743 0.0357714 0.116823
1  -0.995189 -0.0858423  0.0472324 -0.0724379   0.320028  -0.944635  0.0659739  -0.943511  -0.324707 0.00683757   0.337744   0.155455 0.00259398 0.926372 0.088905 0.131721
1   -0.99654 -0.0690782  0.0462101 -0.0657119   0.314488  -0.946984  0.0508834  -0.946745  -0.317939 0.00962987   0.338773   0.153178 0.00246877 0.919679 0.114293 0.123524
1  -0.996519 -0.0692341  0.0464311 -0.0658062   0.311421  -0.947991  0.0511737  -0.947747  -0.314893 0.00950423   0.339269    0.15232 0.00243336 0.919679 0.0598837 0.122214
1   -0.99859 -0.0381891  0.0368624 -0.0467769   0.304986  -0.951207  0.0250832  -0.951591  -0.306343  0.0147784   0.339871   0.149909 0.00296616 0.921017 0.135547 0.0534135
1  -0.995166 -0.0860288  0.0473662 -0.0725967   0.319613  -0.944763   0.066138  -0.943635  -0.324313 0.00678781   0.337817   0.155324 0.00258762 0.926372 0.0237439 0.0950757
1   -0.99858 -0.0378656  0.0374751 -0.0473796   0.309586   -0.94969  0.0243588  -0.950117   -0.31094  0.0150272   0.339148   0.151402 0.00299351 0.921017 0.258164 0.0982786
1   -0.99654 -0.0690782  0.0462101 -0.0657119   0.314488  -0.946984  0.0508834  -0.946745  -0.317939 0.00962987   0.338773   0.153178 0.00246876 0.919679 0.0596053 0.103682
1  -0.994724 -0.0901812   0.048902 -0.0759039   0.326316  -0.942208   0.069012  -0.940949   -0.33144 0.00621161   0.336648   0.157609 0.0026118 0.925033 0.0112706 0.154666
1  -0.994751  -0.090204  0.0483001 -0.0752432   0.324982  -0.942722  0.0693406  -0.941408  -0.330064 0.00614657   0.336905   0.157129 0.00258051 0.925033 -0.00361424 0.0625948
1  -0.994511 -0.0930041  0.0479462 -0.0761011   0.328413  -0.941464  0.0718138  -0.939944  -0.333688 0.00566819   0.336276   0.158391 0.00254167 0.922356 -0.00741749 0.0247136
1  -0.998472 -0.0380007  0.0401287  -0.049648   0.297774  -0.953345  0.0242785   -0.95388  -0.299205   0.015066   0.341136   0.147268 0.0028697 0.922356 0.0833683 0.0773896
1   -0.99457 -0.0920566  0.0485378 -0.0762985   0.327825  -0.941652  0.0707735  -0.940243  -0.333069 0.00588238   0.336398     0.1581 0.00257137 0.923695 -0.00548111 0.0486126
1   -0.990668   -0.123401   0.0578716  -0.0960647    0.330967    -0.93874   0.0966882   -0.935539   -0.339733 0.000669154    0.335514    0.160014 0.00263775 0.919679 0.0120151 0.0529055
1  -0.993414  -0.102356  0.0514939 -0.0825274   0.327429  -0.941265  0.0794838  -0.939315   -0.33372  0.0040027   0.336455   0.158174 0.00247818 0.922356 0.0365869 0.0342399
1  -0.996519 -0.0692341  0.0464311 -0.0658063   0.311421  -0.947991  0.0511737  -0.947747  -0.314893 0.00950424   0.339269    0.15232 0.00243335 0.919679 0.0740553 0.087591
1   -0.99654 -0.0690782  0.0462101 -0.0657119   0.314488  -0.946984  0.0508834  -0.946745  -0.317939 0.00962987   0.338773   0.153178 0.00246876 0.919679 0.165807 0.111444
1  -0.992375  -0.110602  0.0543997 -0.0888122   0.335605  -0.937807  0.0854662  -0.935487  -0.342869 0.00278471   0.334918    0.16116 0.00257937 0.919679 0.00531957 0.153715
0   0.992973  -0.113144 -0.0346904  0.0695237   0.320508   0.944691 -0.0957672  -0.940464   0.326122 0.00715981   0.337226  -0.156424 0.00221401 0.935743 0.615717 0.255186
1  -0.991477  -0.118057  0.0550949 -0.0911525   0.326473  -0.940801  0.0930809  -0.937805  -0.334452 0.00121284   0.336347   0.158349 0.00274933 0.92905 -0.0124005 0.0540995
1  -0.992315  -0.111289  0.0540897 -0.0883696   0.331405  -0.939341  0.0866127  -0.936902  -0.338693 0.00248269   0.335594   0.159814 0.00260961 0.922356 -0.0155073 0.0499353
1  -0.995189 -0.0858423  0.0472324 -0.0724379   0.320028  -0.944635  0.0659739  -0.943511  -0.324707 0.00683758   0.337744   0.155455 0.00259399 0.926372 -0.0133131 0.0717668
1  -0.994482 -0.0932603  0.0480426 -0.0763912   0.329885  -0.940925  0.0719024  -0.939403  -0.335189 0.00563792    0.33607   0.158795 0.00253787 0.922356 0.0124188 0.0397841
1  -0.994724 -0.0901812   0.048902 -0.0759039   0.326316  -0.942208   0.069012  -0.940949  -0.331439 0.00621161   0.336648   0.157609 0.00261179 0.925033 -0.00236178 0.147741
1  -0.994428 -0.0935817  0.0485382   -0.07684   0.328209  -0.941475  0.0721741  -0.939958  -0.333571 0.00557732   0.336333   0.158278 0.00252794 0.922356 0.00540343 0.0374525
1   -0.99654 -0.0690782  0.0462101 -0.0657119   0.314488  -0.946984  0.0508834  -0.946745  -0.317939 0.00962987   0.338773   0.153178 0.00246876 0.919679 0.120612 0.0871398
1   -0.990774   -0.122716   0.0575059   -0.095623    0.332336   -0.938301   0.0960333   -0.935144   -0.341005 0.000730569    0.335311    0.160553 0.0025681 0.915663 0.00622525 0.0352534
1    -0.9922  -0.111982  0.0547674 -0.0894278    0.33334  -0.938556  0.0868448  -0.936133  -0.340755 0.00249257   0.335248   0.160495 0.00255639 0.917001 0.102371 0.0811074
1  -0.994294 -0.0948663  0.0487932  -0.077513   0.328207   -0.94142  0.0732948   -0.93983  -0.333687  0.0053119   0.336358   0.158304 0.00253478 0.925033 -0.00761784 0.0615636
1  -0.996542 -0.0691001  0.0461507 -0.0656538   0.314329  -0.947041  0.0509341  -0.946796  -0.317778 0.00961935   0.338794   0.153127 0.00246881 0.919679 0.0142832 0.0485165
1  -0.998586  -0.037795   0.037384 -0.0472685   0.309487  -0.949728  0.0243251  -0.950152  -0.310836   0.015037   0.339165   0.151367 0.00299145 0.921017 0.104762 0.0740782
1  -0.996519 -0.0692341  0.0464311 -0.0658062   0.311421  -0.947991  0.0511737  -0.947747  -0.314893 0.00950423   0.339269    0.15232 0.00243336 0.919679 0.0140341 0.026066
1  -0.991938   -0.11249  0.0583467 -0.0922431    0.32526  -0.941115  0.0868881   -0.93891  -0.333014 0.00239921   0.336748   0.157669 0.00263114 0.931727 0.0158935 0.139665
1  -0.991553  -0.117103  0.0557664 -0.0916926   0.328774  -0.939947  0.0917363   -0.93712  -0.336735 0.00151751    0.33597   0.159092 0.00271317 0.926372 -0.00634205 0.0864205
1  -0.994432 -0.0935278  0.0485582 -0.0768392   0.328188  -0.941482  0.0721185  -0.939971  -0.333547 0.00558658   0.336337   0.158273 0.00252849 0.922356 0.00434814 0.0681849
1  -0.998577 -0.0379476  0.0374758 -0.0473518   0.307485  -0.950374  0.0245411  -0.950796  -0.308845  0.0149526   0.339482   0.150699 0.00297937 0.921017 0.0201234 0.0590902
1  -0.996513 -0.0694242  0.0462861 -0.0658829   0.314272  -0.947044  0.0512014  -0.946791   -0.31775 0.00958025   0.338794   0.153124 0.0024651 0.919679 -0.00748646 0.0826508
1  -0.994678 -0.0906066  0.0490554 -0.0762606   0.327258  -0.941853  0.0692843  -0.940581  -0.332426 0.00619343   0.336521   0.157881 0.00257834 0.923695 -0.0066028 0.0615287
1   -0.99654 -0.0690782  0.0462101 -0.0657119   0.314488  -0.946984  0.0508834  -0.946745  -0.317939 0.00962987   0.338773   0.153178 0.00246877 0.919679 -0.00612369 0.0589044
1  -0.991417  -0.118353  0.0555391 -0.0921207   0.330971  -0.939134  0.0927674   -0.93619  -0.339033 0.00137112   0.335574   0.159851 0.00265355 0.919679 0.0118916 0.0573077
1  -0.996538 -0.0691616  0.0461304 -0.0656525   0.314299  -0.947051  0.0510008  -0.946801  -0.317752 0.00960623   0.338799   0.153119 0.00246766 0.919679 -0.000495408 0.0153592
1   -0.99651 -0.0692955  0.0465302 -0.0659265   0.311543  -0.947942   0.051192  -0.947702  -0.315024 0.00950497   0.339248   0.152363 0.00243383 0.919679 0.16677 0.155438
1  -0.993761 -0.0996664   0.050063 -0.0804631   0.329813  -0.940611  0.0772359   -0.93877  -0.335775 0.00446399   0.336052   0.158921 0.00249227 0.922356 -0.00401391 0.0483057
1  -0.992306  -0.111362   0.054104 -0.0884679   0.332051  -0.939104  0.0866154  -0.936665  -0.339348 0.00248974   0.335521   0.159974 0.00259836 0.922356 0.00488104 0.0203605
1    -0.990074    -0.128318    0.0573355   -0.0978832     0.336811    -0.936471     0.100854    -0.932788    -0.346028 -0.000189895      0.33447     0.162041 0.00263962 0.917001 0.0488103 0.137932
1  -0.991421  -0.117423  0.0574045 -0.0938332   0.333689  -0.938002  0.0909876  -0.935342  -0.341844 0.00185766   0.335051   0.160823 0.0025662 0.911647 0.0241221 0.0771476
1  -0.994724 -0.0901812   0.048902 -0.0759039   0.326316  -0.942208  0.0690119  -0.940949  -0.331439 0.00621161   0.336648   0.157609 0.00261181 0.925033 0.0751182 0.113814
1  -0.994724 -0.0901812   0.048902 -0.0759039   0.326316  -0.942208  0.0690119  -0.940949  -0.331439 0.00621161   0.336648   0.157609 0.0026118 0.925033 0.00527134 0.165267
1  -0.994724 -0.0901812   0.048902 -0.0759039   0.326316  -0.942208   0.069012  -0.940949  -0.331439 0.00621161   0.336648   0.157609 0.0026118 0.925033 0.062312 0.141536
1  -0.996538 -0.0691616  0.0461304 -0.0656525   0.314299  -0.947051  0.0510009  -0.946801  -0.317751 0.00960622   0.338799   0.153119 0.00246766 0.919679 0.0342916 0.0578089
1   -0.99654 -0.0690782  0.0462101 -0.0657119   0.314488  -0.946984  0.0508834  -0.946745  -0.317939 0.00962987   0.338773   0.153178 0.00246876 0.919679 0.221549 0.135456
1  -0.996571 -0.0684108   0.046545 -0.0657066   0.312404  -0.947674  0.0502904  -0.947483  -0.315828 0.00978873   0.339078   0.152514 0.00246427 0.919679 0.0173013 0.100384
1  -0.994679 -0.0905648  0.0491147 -0.0763068   0.327314  -0.941829  0.0692207  -0.940566  -0.332483 0.00619754   0.336509   0.157898 0.00258326 0.923695 0.0500105 0.081145
1  -0.995829  -0.077046  0.0488736 -0.0712522   0.322115  -0.944016  0.0569898   -0.94356  -0.326261  0.0086038   0.337494   0.155896 0.00253336 0.922356 0.00717064 0.0450339
1  -0.994558 -0.0919992  0.0489026 -0.0766839   0.328615  -0.941346  0.0705329  -0.939973  -0.333881 0.00593027   0.336252   0.158378 0.0025694 0.922356 0.0036786 0.120388
1  -0.992296  -0.111538  0.0539251 -0.0883195   0.331628  -0.939267  0.0868806  -0.936794  -0.338924 0.00241421   0.335559   0.159901 0.00261102 0.922356 0.000228318 0.0245941
1  -0.995122 -0.0862494  0.0478787 -0.0729386   0.316529  -0.945775  0.0664175  -0.944654  -0.321276 0.00670388   0.338317   0.154435 0.00255418 0.926372 0.0208019 0.0532295
1  -0.996353 -0.0713867  0.0467359 -0.0671039   0.317272  -0.945957  0.0527007  -0.945644  -0.320905  0.0093478   0.338308    0.15414 0.00246826 0.919679 0.0493793 0.0400947
1  -0.995016 -0.0876812  0.0474864 -0.0733235   0.320636   -0.94436  0.0675768  -0.943135  -0.325467  0.0065562   0.337665   0.155663 0.00256751 0.926372 0.0576783 0.0670086
1  -0.994544 -0.0921184   0.048954 -0.0767722   0.328609  -0.941341  0.0706281  -0.939963  -0.333888 0.00589766   0.336244   0.158386 0.00257357 0.922356 -0.0075559 0.039145
1  -0.996539  -0.069096  0.0462123 -0.0657164   0.314429  -0.947003  0.0509037  -0.946763  -0.317882 0.00962201   0.338783    0.15316 0.0024679 0.919679 0.0944604 0.11154
1  -0.995166 -0.0860288  0.0473662 -0.0725967   0.319613  -0.944763   0.066138  -0.943635  -0.324313 0.00678782   0.337817   0.155324 0.00258763 0.926372 0.0164935 0.0576368
1  -0.995189 -0.0858423  0.0472324 -0.0724379   0.320028  -0.944635  0.0659739  -0.943511  -0.324707 0.00683758   0.337744   0.155455 0.00259398 0.926372 0.00141545 0.0619508
1  -0.991537  -0.117352  0.0555185 -0.0913475   0.326794  -0.940671  0.0922464  -0.937781  -0.334748 0.00136195   0.336315   0.158594 0.00268123 0.926372 0.0047929 0.0493672
1   -0.99651 -0.0692956  0.0465302 -0.0659265   0.311543  -0.947942   0.051192  -0.947702  -0.315024 0.00950497   0.339248   0.152363 0.00243383 0.919679 0.0950721 0.123899
1  -0.994558 -0.0919991  0.0489026 -0.0766839   0.328615  -0.941346  0.0705329  -0.939973  -0.333881 0.00593027   0.336252   0.158378 0.0025694 0.922356 -0.00960885 0.0455148
1  -0.994994 -0.0878969  0.0475421 -0.0734712   0.320973  -0.944234  0.0677356  -0.943001  -0.325824 0.00651028     0.3376   0.155779 0.00257392 0.926372 -0.0115886 0.0480905
1  -0.998449 -0.0382649  0.0404332 -0.0501144   0.301554  -0.952131  0.0242404  -0.952681  -0.303004  0.0151067   0.340506   0.148528 0.00291009 0.922356 0.0679383 0.0709843
1   -0.99176  -0.115535  0.0553565 -0.0907089   0.328139  -0.940264  0.0904691  -0.937537  -0.335915 0.00175911   0.336098   0.158858 0.00266802 0.925033 0.0029787 0.0198155
1  -0.992407  -0.110006  0.0550252 -0.0892678    0.33639  -0.937482  0.0846184  -0.935276  -0.343656 0.00302452   0.334783   0.161353 0.00258738 0.919679 -0.00890835 0.104614
1  -0.996598 -0.0679665  0.0466246 -0.0656266   0.312121  -0.947773  0.0498643  -0.947608   -0.31552 0.00988717   0.339116   0.152406 0.00248952 0.921017 0.00460489 0.0436409
1  -0.995189 -0.0858423  0.0472324 -0.0724379   0.320028  -0.944635  0.0659739  -0.943511  -0.324707 0.00683758   0.337744   0.155455 0.00259398 0.926372 0.0531512 0.072908
1  -0.994542 -0.0921152  0.0490099  -0.076837   0.328782  -0.941275  0.0705921  -0.939903  -0.334065  0.0059131   0.336217   0.158443 0.00257386 0.922356 0.0145084 0.0486311
1    -0.990312    -0.126793    0.0566172   -0.0963336     0.333674    -0.937753     0.100008    -0.934123    -0.342656 -0.000129527     0.335072     0.161036 0.00261607 0.919679 0.00438213 0.0772774
1  -0.994724 -0.0901812   0.048902 -0.0759039   0.326316  -0.942208  0.0690119  -0.940949  -0.331439 0.00621161   0.336648   0.157609 0.0026118 0.925033 0.0472503 0.115017
1  -0.996571 -0.0684108   0.046545 -0.0657066   0.312404  -0.947674  0.0502903  -0.947483  -0.315828 0.00978873   0.339078   0.152514 0.00246426 0.919679 0.0359369 0.0687012
0   -0.999588 -0.00214209   0.0286191  -0.0280093    0.290146   -0.956573 -0.00625464    -0.95698   -0.290086   0.0214907    0.341757    0.144583 0.00314136 0.886212 0.0635073 0.0750625
1  -0.996519 -0.0692341  0.0464311 -0.0658062   0.311421  -0.947991  0.0511737  -0.947747  -0.314893 0.00950424   0.339269    0.15232 0.00243336 0.919679 0.0351764 0.0999573
1   -0.99654 -0.0690782  0.0462101 -0.0657119   0.314488  -0.946984  0.0508834  -0.946745  -0.317939 0.00962987   0.338773   0.153178 0.00246876 0.919679 0.0300754 0.0765961
1   -0.99651 -0.0692956  0.0465302 -0.0659266   0.311543  -0.947942   0.051192  -0.947702  -0.315024 0.00950497   0.339248   0.152363 0.00243383 0.919679 0.157022 0.118529
1  -0.994724 -0.0901812   0.048902 -0.0759039   0.326316  -0.942208  0.0690119  -0.940949   -0.33144 0.00621161   0.336648   0.157609 0.00261179 0.925033 0.0422167 0.0960154
1  -0.994724 -0.0901812   0.048902 -0.0759039   0.326316  -0.942208   0.069012  -0.940949  -0.331439 0.00621161   0.336648   0.157609 0.0026118 0.925033 -0.0073189 0.114363
1  -0.991475  -0.118082  0.0550891 -0.0911556   0.326471  -0.940801   0.093107  -0.937802  -0.334452  0.0012114   0.336344   0.158349 0.00275081 0.92905 0.0547493 0.0683494
0   -0.999621  0.00135056   0.0275108  -0.0259923     0.28425   -0.958398 -0.00911433   -0.958749   -0.284107   0.0223176    0.342645    0.142562 0.00302884 0.884873 0.141756 0.0810357
