1  -0.994676 -0.0911076   0.048147 -0.0754173   0.325236  -0.942621  0.0702208  -0.941234  -0.330375 0.00595711   0.336843   0.157236 0.00255914 0.923695 0.00032433 0.0477519
1   -0.99649 -0.0693478  0.0468877 -0.0663447   0.312685  -0.947537  0.0510486  -0.947322  -0.316188  0.0096702   0.339028   0.152606 0.0024559 0.919679 0.0200835 0.0731448
1   -0.99153  -0.117362  0.0556256 -0.0914955   0.327231  -0.940504  0.0921769  -0.937628  -0.335197 0.00138516   0.336241   0.158738 0.00264584 0.923695 -0.0145041 0.196532
1  -0.991516  -0.117435  0.0557134 -0.0917335   0.328551  -0.940021  0.0920871  -0.937157  -0.336536 0.00142644   0.336023   0.159166 0.00263433 0.922356 -0.0133052 0.100371
1  -0.994695 -0.0909791  0.0480171  -0.075226   0.324894  -0.942754  0.0701704  -0.941364  -0.330015 0.00597275   0.336905   0.157122 0.00255434 0.923695 -0.017251 0.0343056
1  -0.996534 -0.0688123  0.0467474  -0.066053   0.312903  -0.947485  0.0505712  -0.947289  -0.316364 0.00971349   0.338986   0.152688 0.00247281 0.919679 0.0627714 0.094217
1  -0.996539  -0.069096  0.0462122 -0.0657164   0.314429  -0.947003  0.0509037  -0.946763  -0.317882 0.00962201   0.338783    0.15316 0.00246791 0.919679 0.0683787 0.080778
1  -0.994695 -0.0909791  0.0480171  -0.075226   0.324894  -0.942754  0.0701704  -0.941364  -0.330014 0.00597275   0.336905   0.157122 0.00255434 0.923695 0.0523586 0.0901012
1  -0.996537 -0.0688132  0.0466798 -0.0659841   0.312811  -0.947521     0.0506  -0.947319  -0.316268 0.00971263      0.339   0.152657 0.00247117 0.919679 0.039676 0.0574256
1   -0.99654 -0.0690782  0.0462101 -0.0657119   0.314488  -0.946984  0.0508834  -0.946745  -0.317939 0.00962987   0.338773   0.153178 0.00246876 0.919679 0.0750868 0.072192
1  -0.994296 -0.0947433  0.0489848 -0.0776153   0.327721  -0.941581  0.0731551  -0.940012  -0.333206 0.00536369   0.336452   0.158115 0.00252659 0.925033 0.124256 0.137712
1  -0.994679 -0.0905648  0.0491147 -0.0763068   0.327314  -0.941829  0.0692207  -0.940566  -0.332483 0.00619755   0.336509   0.157898 0.00258326 0.923695 0.0234147 0.0761749
1  -0.994735 -0.0900503  0.0489264 -0.0757527   0.324533  -0.942836  0.0690244  -0.941578  -0.329646  0.0061569   0.336946   0.157134 0.00257097 0.923695 0.00632672 0.0295638
1  -0.991553  -0.117103  0.0557664 -0.0916926   0.328774  -0.939947  0.0917363   -0.93712  -0.336735 0.00151751    0.33597   0.159092 0.00271317 0.926372 0.00236128 0.0864963
1  -0.994724 -0.0901812   0.048902 -0.0759039   0.326316  -0.942208   0.069012  -0.940949   -0.33144 0.00621161   0.336648   0.157609 0.00261179 0.925033 -0.0034925 0.201702
1  -0.995189 -0.0858423  0.0472324 -0.0724379   0.320028  -0.944635  0.0659739  -0.943511  -0.324707 0.00683758   0.337744   0.155455 0.00259398 0.926372 -0.00452389 0.160098
1  -0.991601  -0.116499  0.0561678  -0.091854   0.328638  -0.939979  0.0910477  -0.937243  -0.336579 0.00166333   0.335978     0.1592 0.00258342 0.91834 -0.00765927 0.231134
1  -0.995189 -0.0858423  0.0472324 -0.0724379   0.320028  -0.944635  0.0659739  -0.943511  -0.324707 0.00683758   0.337744   0.155455 0.00259397 0.926372 -0.00962874 0.0553949
0   -0.99954  0.0171499  0.0250165  -0.021117   0.198564   -0.97986 -0.0217719  -0.979938   -0.19811  0.0263513   0.354424   0.113829 0.00267684 0.904953 0.264553 0.0628308
1  -0.994567 -0.0918242  0.0490293 -0.0766457   0.327287  -0.941811  0.0704344  -0.940453  -0.332547 0.00596718   0.336485    0.15793 0.00257284 0.923695 -0.00878675 0.0397095
1   -0.991006   -0.121274   0.0565635  -0.0943554    0.333543   -0.938001   0.0948891   -0.934902   -0.341986 0.000978421    0.335113    0.160908 0.00259029 0.915663 0.0195323 0.0339761
1  -0.992687  -0.106695  0.0564647 -0.0877755   0.316868  -0.944399  0.0828713  -0.942449  -0.323916 0.00308597   0.338293   0.154711 0.00255088 0.935743 0.0363543 0.0815433
1  -0.994724 -0.0901812   0.048902 -0.0759039   0.326316  -0.942208   0.069012  -0.940949  -0.331439 0.00621161   0.336648   0.157609 0.00261178 0.925033 -0.0291081 0.0862122
1  -0.994692 -0.0909975  0.0480287 -0.0752454   0.324925  -0.942742  0.0701814  -0.941352  -0.330048 0.00597364   0.336899   0.157132 0.00255442 0.923695 -0.00195685 0.0486163
1  -0.993691    -0.1002  0.0503782  -0.080966   0.330099  -0.940467  0.0776055  -0.938613  -0.336129 0.00438776   0.336001   0.159026 0.0024958 0.922356 0.0674741 0.0724487
1  -0.994401 -0.0944431  0.0474071 -0.0760532   0.328141  -0.941562  0.0733679  -0.939896  -0.333486 0.00517744   0.336381   0.158438 0.00250933 0.923695 0.135944 0.228078
0 -0.998684 -0.027534 0.0432597 -0.048649  0.242042 -0.969045  0.016211 -0.969875 -0.243064 0.0178485  0.349521  0.128523 0.00265341 0.935743 0.0781056 0.035305
1  -0.994549 -0.0928017  0.0475417 -0.0755913   0.327642  -0.941773  0.0718215  -0.940233  -0.332871 0.00554478   0.336436   0.158241 0.00252342 0.922356 0.0069385 0.0533705
1  -0.994724 -0.0901812   0.048902 -0.0759039   0.326316  -0.942208  0.0690119  -0.940949  -0.331439 0.00621161   0.336648   0.157609 0.00261179 0.925033 0.0342698 0.173617
1   -0.99471 -0.0906912  0.0482376 -0.0753871   0.325539  -0.942518  0.0697749  -0.941169  -0.330654  0.0060588    0.33681   0.157318 0.00255928 0.923695 -0.00278017 0.136195
1   -0.99654 -0.0690782  0.0462101 -0.0657119   0.314488  -0.946984  0.0508834  -0.946745  -0.317939 0.00962987   0.338773   0.153178 0.00246877 0.919679 0.116603 0.0905665
1  -0.997034 -0.0596105  0.0486836 -0.0635009    0.27973  -0.957976  0.0434872  -0.958226  -0.282686  0.0120865   0.344427   0.141609 0.00263149 0.951807 0.0194697 0.202967
1   -0.990622   -0.123941    0.057505  -0.0959623    0.331536   -0.938549   0.0972601   -0.935266   -0.340321 0.000541614    0.335445    0.160139 0.00269093 0.923695 -0.0111167 0.0477513
1  -0.996539  -0.069096  0.0462122 -0.0657164   0.314429  -0.947003  0.0509037  -0.946763  -0.317882 0.00962202   0.338783    0.15316 0.0024679 0.919679 0.0887354 0.0629807
1  -0.994548 -0.0927139  0.0477297  -0.075871   0.329363   -0.94115  0.0715373   -0.93964  -0.334602 0.00564701   0.336156   0.158651 0.00256549 0.923695 0.0130769 0.104251
1  -0.994724 -0.0901812   0.048902 -0.0759039   0.326316  -0.942208   0.069012  -0.940949  -0.331439  0.0062116   0.336648   0.157609 0.00261178 0.925033 0.0388367 0.233831
1  -0.994789 -0.0894358  0.0489575 -0.0754982   0.323431  -0.943235  0.0685246  -0.942016  -0.328497 0.00622055   0.337118   0.156773 0.00256089 0.922356 0.0173446 0.0715001
1  -0.995122 -0.0862494  0.0478787 -0.0729386   0.316529  -0.945775  0.0664175  -0.944654  -0.321276 0.00670389   0.338317   0.154435 0.00255418 0.926372 -0.00127481 0.0808839
1  -0.996565 -0.0685003   0.046539 -0.0657314   0.312444  -0.947659  0.0503742  -0.947463  -0.315873 0.00978706    0.33907    0.15253 0.00246231 0.919679 -0.0244622 0.0479709
1  -0.994432 -0.0935278  0.0485581 -0.0768392   0.328188  -0.941482  0.0721185  -0.939971  -0.333547 0.00558659   0.336337   0.158273 0.00252848 0.922356 0.0201386 0.121877
1  -0.994725 -0.0901714  0.0489083 -0.0758931   0.326131  -0.942273  0.0690156  -0.941014  -0.331254 0.00620992   0.336676   0.157555 0.00261118 0.925033 -0.0121214 0.0294517
1  -0.995955 -0.0753106  0.0490046 -0.0706226    0.31896  -0.945133   0.055548  -0.944771  -0.322988 0.00891696   0.338018   0.154779 0.00254221 0.925033 0.0451797 0.071114
1  -0.991779  -0.116333  0.0532999 -0.0905636   0.343863  -0.934642  0.0904021  -0.931786  -0.351572 0.00192345   0.333307   0.164139 0.00257343 0.904953 0.130922 0.0495365
1  -0.994946 -0.0883055  0.0477941 -0.0736338   0.318059  -0.945207  0.0682656  -0.943949  -0.322954 0.00640189   0.338098   0.154821 0.00255677 0.927711 0.0203126 0.0662025
1  -0.994402 -0.0939629  0.0483249 -0.0768137   0.328824  -0.941262  0.0725533  -0.939705  -0.334201 0.00550443   0.336237   0.158504 0.00253838 0.923695 0.0298033 0.043466
1  -0.996539  -0.069096  0.0462122 -0.0657164    0.31443  -0.947003  0.0509037  -0.946763  -0.317882 0.00962202   0.338783    0.15316 0.00246791 0.919679 0.0575596 0.0870625
1  -0.992687  -0.106696  0.0564647 -0.0877755   0.316868  -0.944399  0.0828713  -0.942449  -0.323916 0.00308597   0.338293   0.154711 0.00255088 0.935743 -0.00598674 0.0727764
1  -0.997031 -0.0600589  0.0481802 -0.0617589   0.250117  -0.966244  0.0459809  -0.966351  -0.253083  0.0110684   0.348722   0.131853 0.00263204 0.955823 0.122651 0.0667795
1  -0.995122 -0.0862494  0.0478787 -0.0729386   0.316529  -0.945775  0.0664176  -0.944654  -0.321276 0.00670387   0.338317   0.154435 0.00255419 0.926372 -0.00704 0.0430627
1  -0.998472 -0.0380007  0.0401287  -0.049648   0.297774  -0.953345  0.0242785   -0.95388  -0.299205  0.0150661   0.341135   0.147268 0.00286971 0.922356 0.1312 0.0973006
1    -0.989798    -0.130022    0.0582535   -0.0990836     0.334381    -0.937215      0.10238    -0.933426    -0.343852 -0.000500061     0.334894     0.161207 0.0026766 0.921017 0.0625352 0.0970672
1  -0.998477 -0.0379866  0.0400147 -0.0495329   0.297698  -0.953374  0.0243032  -0.953904  -0.299126  0.0150549   0.341117   0.147294 0.00289568 0.923695 0.00701199 0.181164
1  -0.994637 -0.0908194  0.0494897 -0.0766686    0.32625  -0.942169  0.0694212  -0.940911  -0.331463 0.00612195    0.33665   0.157712 0.00258294 0.923695 0.0938273 0.0762306
1  -0.994724 -0.0901812   0.048902 -0.0759039   0.326316  -0.942208   0.069012  -0.940949  -0.331439 0.00621161   0.336648   0.157609 0.0026118 0.925033 -0.0319654 0.132381
1   -0.99654 -0.0690782  0.0462101 -0.0657119   0.314488  -0.946984  0.0508834  -0.946745  -0.317939 0.00962986   0.338773   0.153178 0.00246876 0.919679 0.0905396 0.0844523
1  -0.994441 -0.0923237    0.05063 -0.0768812   0.308091  -0.948245  0.0719468  -0.946866  -0.313477 0.00545206   0.339761   0.151521 0.00257317 0.935743 0.0441502 0.0707761
1  -0.995936 -0.0755735  0.0489843 -0.0707771   0.320458  -0.944615  0.0556904  -0.944243  -0.324505 0.00890903    0.33779   0.155265 0.00250834 0.922356 0.0656824 0.0697369
1  -0.995957 -0.0753256  0.0489444 -0.0706348   0.320058  -0.944761  0.0554997  -0.944399  -0.324084 0.00894031   0.337845   0.155137 0.00248961 0.921017 0.0123246 0.0226553
1  -0.994533 -0.0925373   0.048382 -0.0761923   0.326244   -0.94221  0.0714052  -0.940745  -0.331511 0.00570603   0.336653   0.157764 0.00254067 0.923695 -0.00652092 0.0297683
1  -0.996534 -0.0688123  0.0467474  -0.066053   0.312903  -0.947485  0.0505712  -0.947289  -0.316364 0.00971349   0.338986   0.152688 0.00247279 0.919679 0.110602 0.124994
1   -0.99654 -0.0690782  0.0462101 -0.0657119   0.314488  -0.946984  0.0508834  -0.946745  -0.317939 0.00962987   0.338773   0.153178 0.00246877 0.919679 0.181123 0.123057
0   0.992615  -0.114107 -0.0411794  0.0738223   0.298816   0.951451 -0.0962619  -0.947464   0.305033 0.00692555   0.340757  -0.149285 0.00230635 0.941098 0.583026 0.355084
1  -0.994415 -0.0937269  0.0485281 -0.0768795   0.328213   -0.94147  0.0723135  -0.939942  -0.333586 0.00553727   0.336336   0.158286 0.00254397 0.923695 -0.00062714 0.0149766
1   -0.99654 -0.0690782  0.0462101 -0.0657119   0.314488  -0.946984  0.0508835  -0.946745  -0.317939 0.00962986   0.338773   0.153178 0.00246876 0.919679 0.169665 0.131654
1  -0.996539  -0.069096  0.0462122 -0.0657164   0.314429  -0.947003  0.0509037  -0.946763  -0.317882 0.00962201   0.338783    0.15316 0.00246791 0.919679 0.0228574 0.0665875
1  -0.994568 -0.0919457  0.0487992 -0.0765258   0.328052  -0.941555  0.0705632  -0.940174  -0.333306 0.00593857   0.336366   0.158183 0.00257092 0.923695 -0.0129545 0.0856936
1   -0.99654 -0.0690782  0.0462101 -0.0657119   0.314488  -0.946984  0.0508834  -0.946745  -0.317939 0.00962988   0.338773   0.153178 0.00246878 0.919679 0.0793055 0.0995801
1  -0.996539  -0.069096  0.0462122 -0.0657164   0.314429  -0.947003  0.0509037  -0.946763  -0.317882 0.00962201   0.338783    0.15316 0.0024679 0.919679 0.0878259 0.073595
1  -0.998363 -0.0372497  0.0433933 -0.0518624   0.269962  -0.961473     0.0241   -0.96215  -0.271452  0.0151873   0.345484   0.137837 0.00276192 0.927711 0.0180452 0.0802544
1  -0.995016 -0.0876812  0.0474864 -0.0733235   0.320636   -0.94436  0.0675768  -0.943135  -0.325467  0.0065562   0.337665   0.155663 0.00256751 0.926372 0.0238979 0.0433434
1  -0.996542 -0.0691001  0.0461507 -0.0656538   0.314329  -0.947041  0.0509341  -0.946796  -0.317778 0.00961935   0.338794   0.153127 0.0024688 0.919679 -0.00869873 0.0295036
1  -0.996534 -0.0688123  0.0467474  -0.066053   0.312903  -0.947485  0.0505712  -0.947289  -0.316364 0.00971349   0.338986   0.152688 0.00247281 0.919679 0.101608 0.0945475
1  -0.994423 -0.0935879   0.048629 -0.0769045   0.327903  -0.941576  0.0721745  -0.940064  -0.333272 0.00558627   0.336383   0.158201 0.0025419 0.923695 -0.00869413 0.0297306
1  -0.996351 -0.0713093  0.0469017 -0.0672615   0.317724  -0.945794  0.0525421  -0.945498  -0.321361  0.0093378    0.33824   0.154281 0.00247148 0.919679 0.0331835 0.0328391
1  -0.996539  -0.069096  0.0462122 -0.0657164   0.314429  -0.947003  0.0509037  -0.946763  -0.317882 0.00962201   0.338783    0.15316 0.00246791 0.919679 0.124402 0.0873519
1  -0.996571 -0.0684108   0.046545 -0.0657066   0.312404  -0.947674  0.0502904  -0.947483  -0.315828 0.00978873   0.339078   0.152514 0.00246426 0.919679 0.0825645 0.0689023
1  -0.994557 -0.0921778  0.0485679 -0.0763625   0.327757  -0.941671  0.0708828  -0.940255  -0.333012  0.0058494   0.336412   0.158081 0.00256917 0.923695 -0.0178842 0.0391335
1  -0.995189 -0.0858423  0.0472324 -0.0724379   0.320028  -0.944635  0.0659739  -0.943511  -0.324707 0.00683758   0.337744   0.155455 0.00259399 0.926372 -0.000455549 0.0769871
1  -0.995955 -0.0753105  0.0490046 -0.0706226    0.31896  -0.945133   0.055548  -0.944771  -0.322988 0.00891696   0.338018   0.154779 0.00254221 0.925033 -0.0249906 0.0441894
1  -0.995166 -0.0860288  0.0473662 -0.0725967   0.319613  -0.944763   0.066138  -0.943635  -0.324313 0.00678782   0.337817   0.155324 0.00258763 0.926372 0.0129101 0.0500624
1  -0.991553  -0.117103  0.0557664 -0.0916926   0.328774  -0.939947  0.0917363   -0.93712  -0.336735  0.0015175    0.33597   0.159092 0.00271317 0.926372 9.2071e-05 0.0735925
1  -0.994285  -0.095476  0.0477637 -0.0768402   0.329437  -0.941046  0.0741122  -0.939338   -0.33489 0.00509349    0.33616    0.15887 0.00248461 0.922356 0.00161639 0.0337318
1  -0.994724 -0.0901812   0.048902 -0.0759039   0.326316  -0.942208  0.0690119  -0.940949  -0.331439 0.00621162   0.336648   0.157609 0.00261178 0.925033 0.0319033 0.206243
1   -0.99344  -0.100849  0.0539053 -0.0832542    0.31472  -0.945526  0.0783905  -0.943812  -0.321051 0.00407998   0.338684   0.153872 0.00253867 0.937082 0.0427198 0.144706
0  -0.999412  0.0136374  0.0314539 -0.0284021    0.18447  -0.982428 -0.0192001  -0.982744  -0.183974   0.025789   0.356134   0.108892 0.00272093 0.906292 0.528086 0.411714
1   -0.99654 -0.0690782  0.0462101 -0.0657119   0.314488  -0.946984  0.0508834  -0.946745  -0.317939 0.00962987   0.338773   0.153178 0.00246876 0.919679 0.0916094 0.0955723
0   -0.99918  0.0339221  0.0220894 -0.0123567    0.26405   -0.96443 -0.0385482  -0.963912  -0.263415  0.0286865   0.344983   0.135757 0.00342045 0.874163 0.0715729 0.189591
1  -0.995844 -0.0771834  0.0483429 -0.0707885   0.322021  -0.944082  0.0573001  -0.943581  -0.326146 0.00852255   0.337509   0.155884 0.00255378 0.923695 0.106004 0.0802582
1    -0.990205    -0.127662    0.0565344   -0.0968922      0.33678    -0.936585     0.100526    -0.932889    -0.345851 -0.000166438     0.334545     0.161941 0.0026688 0.921017 0.0242732 0.0306823
1  -0.996534 -0.0688123  0.0467474  -0.066053   0.312903  -0.947485  0.0505712  -0.947289  -0.316364  0.0097135   0.338986   0.152688 0.00247279 0.919679 0.113018 0.104481
1   -0.99654 -0.0690782  0.0462101 -0.0657119   0.314488  -0.946984  0.0508835  -0.946745  -0.317939 0.00962986   0.338773   0.153178 0.00246876 0.919679 0.108775 0.109033
1  -0.994294 -0.0948664  0.0487931  -0.077513   0.328207   -0.94142  0.0732949   -0.93983  -0.333688 0.00531189   0.336358   0.158304 0.00253478 0.925033 0.034911 0.117551
1  -0.996539  -0.069096  0.0462122 -0.0657164   0.314429  -0.947003  0.0509037  -0.946763  -0.317882 0.00962201   0.338783    0.15316 0.00246791 0.919679 0.0593406 0.109972
1  -0.996539  -0.069096  0.0462122 -0.0657164   0.314429  -0.947003  0.0509037  -0.946763  -0.317882 0.00962201   0.338783    0.15316 0.00246791 0.919679 0.0488056 0.0954892
1  -0.995189 -0.0858423  0.0472324 -0.0724379   0.320028  -0.944635  0.0659739  -0.943511  -0.324707 0.00683758   0.337744   0.155455 0.00259399 0.926372 -0.0122929 0.086199
1   -0.99654 -0.0690782  0.0462101 -0.0657119   0.314488  -0.946984  0.0508834  -0.946745  -0.317939 0.00962987   0.338773   0.153178 0.00246876 0.919679 0.119665 0.0989578
1   -0.99654 -0.0690782  0.0462101 -0.0657119   0.314488  -0.946984  0.0508834  -0.946745  -0.317939 0.00962987   0.338773   0.153178 0.00246877 0.919679 0.200856 0.12297
1  -0.995166 -0.0860288  0.0473662 -0.0725967   0.319613  -0.944763   0.066138  -0.943635  -0.324313 0.00678782   0.337817   0.155324 0.00258762 0.926372 0.00721399 0.0386021
1  -0.994293 -0.0947612  0.0490152 -0.0776485   0.327702  -0.941585  0.0731634  -0.940017  -0.333189 0.00537027   0.336456    0.15811 0.00252466 0.925033 0.00458366 0.0754242
1  -0.994655 -0.0909153  0.0489483 -0.0762636   0.327274  -0.941847  0.0696088  -0.940546  -0.332458 0.00612102   0.336516   0.157896 0.00259353 0.925033 0.00189529 0.031979
1  -0.994417 -0.0943074  0.0473336 -0.0759225   0.327941  -0.941642  0.0732812  -0.939979   -0.33327 0.00519633   0.336418   0.158371 0.00250714 0.923695 -0.0192837 0.0584251
1  -0.994548 -0.0927139  0.0477297  -0.075871   0.329363   -0.94115  0.0715373   -0.93964  -0.334602 0.00564701   0.336156   0.158651 0.00256548 0.923695 0.0303042 0.0778229
1  -0.991809  -0.115183  0.0552067 -0.0903866   0.327511  -0.940514  0.0902503    -0.9378  -0.335239 0.00176826   0.336231    0.15863 0.00266062 0.926372 -0.0104053 0.0814553
1   -0.99654 -0.0690782  0.0462101 -0.0657119   0.314488  -0.946984  0.0508834  -0.946745  -0.317939 0.00962988   0.338773   0.153178 0.00246876 0.919679 0.0755734 0.0789736
1   -0.99654 -0.0690782  0.0462101 -0.0657119   0.314488  -0.946984  0.0508834  -0.946745  -0.317939 0.00962987   0.338773   0.153178 0.00246877 0.919679 0.0789153 0.112414
1  -0.994678 -0.0906066  0.0490554 -0.0762606   0.327258  -0.941853  0.0692843  -0.940581  -0.332426 0.00619343   0.336521   0.157881 0.00257835 0.923695 -0.0108623 0.0318058
1  -0.996539  -0.069096  0.0462122 -0.0657164   0.314429  -0.947003  0.0509037  -0.946763  -0.317882 0.00962201   0.338783    0.15316 0.0024679 0.919679 0.116943 0.090231
1  -0.991766  -0.115529  0.0552486 -0.0904641   0.326688  -0.940793  0.0906394  -0.938045  -0.334449 0.00166348   0.336366   0.158355 0.00267719 0.927711 0.0201913 0.0858686
1  -0.995166 -0.0860288  0.0473662 -0.0725967   0.319613  -0.944763   0.066138  -0.943635  -0.324313 0.00678781   0.337817   0.155324 0.00258763 0.926372 0.0183819 0.0630959
1   -0.99654 -0.0690782  0.0462101 -0.0657119   0.314488  -0.946984  0.0508834  -0.946745  -0.317939 0.00962987   0.338773   0.153178 0.00246876 0.919679 0.0379907 0.0720529
1  -0.998467 -0.0388408  0.0394333 -0.0493383    0.30166  -0.952138  0.0250864  -0.952624  -0.303113  0.0148344    0.34046   0.148666 0.00290609 0.921017 0.0317987 0.090146
1   -0.990761   -0.122687    0.057804   -0.095735    0.330773   -0.938842   0.0960641   -0.935702   -0.339462 0.000768416    0.335544    0.159948 0.00260261 0.917001 -0.00115457 0.0271436
1  -0.994441 -0.0923237    0.05063 -0.0768812   0.308091  -0.948245  0.0719468  -0.946866  -0.313477 0.00545206   0.339761   0.151521 0.00257318 0.935743 -0.00385539 0.0523357
1   -0.99654 -0.0690782  0.0462101 -0.0657119   0.314488  -0.946984  0.0508834  -0.946745  -0.317939 0.00962987   0.338773   0.153178 0.00246877 0.919679 0.0292806 0.0664099
1  -0.996539  -0.069096  0.0462122 -0.0657164   0.314429  -0.947003  0.0509037  -0.946763  -0.317882 0.00962202   0.338783    0.15316 0.00246791 0.919679 0.0351338 0.0866109
1  -0.996513 -0.0694242  0.0462862 -0.0658829   0.314272  -0.947044  0.0512013  -0.946791   -0.31775 0.00958026   0.338794   0.153124 0.00246509 0.919679 0.00567173 0.0678584
1  -0.994568 -0.0919457  0.0487992 -0.0765258   0.328052  -0.941555  0.0705632  -0.940174  -0.333306 0.00593857   0.336366   0.158183 0.00257092 0.923695 0.00272989 0.0504384
