1  -0.995187 -0.0858546  0.0472416  -0.072445   0.319947  -0.944661  0.0659887  -0.943537  -0.324627  0.0068331   0.337759   0.155429 0.00259232 0.926372 0.00485073 0.0305474
1  -0.994678 -0.0906066  0.0490554 -0.0762606   0.327258  -0.941853  0.0692842  -0.940581  -0.332426 0.00619344   0.336521   0.157881 0.00257836 0.923695 -0.0111316 0.10704
1  -0.994294 -0.0948664  0.0487931  -0.077513   0.328207   -0.94142  0.0732949   -0.93983  -0.333688 0.00531189   0.336358   0.158304 0.00253479 0.925033 -0.00387161 0.0244655
1  -0.994293 -0.0947612  0.0490152 -0.0776485   0.327701  -0.941585  0.0731634  -0.940017  -0.333189 0.00537028   0.336456    0.15811 0.00252464 0.925033 -0.00993697 0.0251535
1  -0.994724 -0.0901812   0.048902 -0.0759039   0.326316  -0.942208  0.0690119  -0.940949   -0.33144 0.00621161   0.336648   0.157609 0.0026118 0.925033 0.015745 0.123113
1  -0.994678 -0.0906066  0.0490554 -0.0762606   0.327258  -0.941853  0.0692843  -0.940581  -0.332426 0.00619343   0.336521   0.157881 0.00257835 0.923695 0.000996934 0.0302951
1  -0.993604 -0.0987807  0.0547061 -0.0809427   0.285274  -0.955022  0.0787316  -0.953342  -0.291445 0.00447728   0.343647   0.144165 0.00267628 0.962517 0.0431583 0.0479939
1  -0.994549 -0.0928017  0.0475417 -0.0755913   0.327642  -0.941773  0.0718215  -0.940233  -0.332871 0.00554477   0.336436   0.158241 0.00252343 0.922356 -0.0135427 0.0581397
1  -0.991338  -0.118684  0.0562465 -0.0928121   0.330041  -0.939393  0.0929272  -0.936476  -0.338197 0.00134874   0.335724   0.159546 0.00266703 0.921017 -0.0189904 0.0756823
1  -0.994425 -0.0935859  0.0485931 -0.0769004     0.3283  -0.941438  0.0721522  -0.939926  -0.333666 0.00559089   0.336319   0.158312 0.00254611 0.923695 0.0027295 0.0203245
1  -0.994718 -0.0899296  0.0494815 -0.0761249   0.322973  -0.943342  0.0688532  -0.942126  -0.328113 0.00623154   0.337192   0.156624 0.00258368 0.925033 -0.00778726 0.0158857
1  -0.994679 -0.0905648  0.0491147 -0.0763068   0.327314  -0.941829  0.0692207  -0.940566  -0.332483 0.00619754   0.336509   0.157898 0.00258326 0.923695 0.00824776 0.0414477
1  -0.996513 -0.0692906  0.0464765 -0.0658723   0.311514  -0.947956  0.0512064  -0.947712  -0.314992 0.00949839   0.339253   0.152351 0.00243407 0.919679 0.0166509 0.0253395
1  -0.996566 -0.0684613  0.0465858  -0.065764   0.312454  -0.947654  0.0503217  -0.947463  -0.315883 0.00980018   0.339068   0.152533 0.00246258 0.919679 0.00809835 0.0441148
1   -0.99654 -0.0690782  0.0462101 -0.0657119   0.314488  -0.946984  0.0508834  -0.946745  -0.317939 0.00962987   0.338773   0.153178 0.00246877 0.919679 -0.00213076 0.0449422
1  -0.994557 -0.0921779  0.0485679 -0.0763625   0.327757  -0.941671  0.0708828  -0.940255  -0.333012  0.0058494   0.336412   0.158081 0.00256917 0.923695 -0.000538148 0.0299164
1  -0.996503 -0.0691962  0.0468457 -0.0662649   0.312838  -0.947492  0.0509078  -0.947283  -0.316329 0.00970614   0.338991    0.15267 0.0024624 0.919679 -0.000135893 0.0245637
1  -0.994566 -0.0918279   0.049061 -0.0766868    0.32742  -0.941762  0.0704164  -0.940406  -0.332683 0.00596499   0.336465   0.157972 0.00257433 0.923695 -0.00600235 0.0197331
1  -0.994552 -0.0927628  0.0475561 -0.0755852   0.327555  -0.941804  0.0717871  -0.940268  -0.332782 0.00555233   0.336449   0.158213 0.00252448 0.922356 0.00422288 0.0218047
1  -0.992644   -0.10877  0.0531725 -0.0874396   0.340293  -0.936245  0.0837415  -0.934007  -0.347301 0.00323618   0.334102   0.162647 0.00255151 0.914324 0.00132241 0.0343932
1  -0.994285  -0.095476  0.0477637 -0.0768402   0.329437  -0.941046  0.0741122  -0.939338   -0.33489 0.00509349    0.33616    0.15887 0.00248462 0.922356 0.00527092 0.0389407
1  -0.994568 -0.0919599  0.0487603 -0.0764924   0.328033  -0.941564  0.0705911  -0.940179  -0.333286 0.00592474   0.336369   0.158177 0.00257174 0.923695 -0.00863022 0.0343685
1  -0.994391 -0.0939605  0.0485599 -0.0770278   0.328728  -0.941278    0.07248  -0.939739  -0.334121 0.00553491   0.336251   0.158453 0.00254017 0.923695 0.0103686 0.0198766
1  -0.991512   -0.11741  0.0558447 -0.0920372   0.330465   -0.93932  0.0918312  -0.936487  -0.338466 0.00153334   0.335672   0.159666 0.00265778 0.921017 0.00104909 0.0263102
1  -0.991809  -0.115183  0.0552067 -0.0903866   0.327511  -0.940514  0.0902503    -0.9378  -0.335239 0.00176827   0.336231    0.15863 0.00266062 0.926372 -0.0140102 0.0863698
1  -0.996539  -0.069096  0.0462122 -0.0657164   0.314429  -0.947003  0.0509037  -0.946763  -0.317882 0.00962202   0.338783    0.15316 0.00246791 0.919679 -0.00606843 0.0349353
1   -0.99654 -0.0690953  0.0461885 -0.0656935   0.314426  -0.947006  0.0509108  -0.946764  -0.317877 0.00962248   0.338781   0.153159 0.00246895 0.919679 -0.000144022 0.0225231
1  -0.991487  -0.117504  0.0560975 -0.0922697   0.330067  -0.939437  0.0918716  -0.936616  -0.338099 0.00153068   0.335739   0.159534 0.00265383 0.921017 0.00508625 0.108305
1  -0.991515   -0.11735  0.0559124 -0.0919312    0.32894  -0.939866  0.0919013  -0.937031  -0.336937 0.00150374   0.335927    0.15933 0.00259084 0.91834 -0.013076 0.0256154
1  -0.996519 -0.0692341  0.0464311 -0.0658062   0.311421  -0.947991  0.0511737  -0.947747  -0.314893 0.00950423   0.339269    0.15232 0.00243336 0.919679 -0.00664386 0.029881
1  -0.994568 -0.0919457  0.0487992 -0.0765258   0.328052  -0.941555  0.0705632  -0.940174  -0.333306 0.00593857   0.336366   0.158183 0.00257092 0.923695 -0.00760429 0.0480742
1  -0.991489  -0.117565  0.0559321 -0.0921873   0.330611  -0.939254  0.0919313  -0.936416  -0.338636 0.00150846   0.335636   0.159722 0.00266369 0.921017 -0.00879992 0.0385364
1  -0.994566 -0.0930519  0.0466945 -0.0750654   0.330146   -0.94094  0.0721402  -0.939332  -0.335337 0.00548813   0.336006   0.158994 0.00252617 0.921017 -0.00207484 0.0339776
1   -0.99654 -0.0690953  0.0461885 -0.0656935   0.314426  -0.947006  0.0509108  -0.946764  -0.317877 0.00962248   0.338781   0.153159 0.00246895 0.919679 -0.00106526 0.0246629
1  -0.994568 -0.0919599  0.0487603 -0.0764924   0.328033  -0.941564  0.0705911  -0.940179  -0.333286 0.00592474   0.336369   0.158177 0.00257175 0.923695 -0.00508549 0.0200019
1  -0.994432 -0.0935278  0.0485582 -0.0768392   0.328188  -0.941482  0.0721185  -0.939971  -0.333547 0.00558658   0.336337   0.158273 0.00252847 0.922356 0.00604753 0.0396687
1   -0.99169  -0.115992  0.0556471 -0.0910078   0.326781  -0.940708  0.0909298  -0.937955  -0.334621 0.00163389   0.336335   0.158426 0.00266777 0.926372 0.0155142 0.0675526
1  -0.992401  -0.110713  0.0536915  -0.087873   0.332248   -0.93909  0.0861305  -0.936672  -0.339452 0.00255346   0.335446   0.160098 0.00261747 0.922356 -0.00362896 0.0379512
1  -0.996317 -0.0711721  0.0478308 -0.0678696   0.313567  -0.947138  0.0524116  -0.946895  -0.317242 0.00940869   0.338898   0.152937 0.00245741 0.921017 0.0113876 0.0335032
1  -0.992375  -0.110602  0.0543997 -0.0888122   0.335605  -0.937807  0.0854662  -0.935487  -0.342869 0.00278472   0.334918    0.16116 0.00257936 0.919679 0.00409581 0.0657889
1  -0.991553  -0.117103  0.0557664 -0.0916926   0.328774  -0.939947  0.0917363   -0.93712  -0.336735 0.00151751    0.33597   0.159092 0.00271317 0.926372 0.00186522 0.0506712
1  -0.996469 -0.0695624  0.0470217 -0.0665299   0.312495  -0.947587  0.0512223  -0.947369  -0.316019 0.00963069   0.339064   0.152547 0.00244973 0.919679 -0.000349311 0.0153826
1  -0.994549 -0.0928017  0.0475417 -0.0755913   0.327642  -0.941773  0.0718215  -0.940233  -0.332871 0.00554478   0.336436   0.158241 0.00252343 0.922356 0.0104477 0.0196686
1  -0.994521 -0.0926495   0.048422  -0.076416   0.328197  -0.941513  0.0713388  -0.940055  -0.333479  0.0057338   0.336353   0.158231 0.00255805 0.923695 -0.0143409 0.0386707
1   -0.99654 -0.0690782  0.0462101 -0.0657119   0.314488  -0.946984  0.0508834  -0.946745  -0.317939 0.00962987   0.338773   0.153178 0.00246876 0.919679 0.0289068 0.0612439
1  -0.996512  -0.069128  0.0467414 -0.0661378    0.31272   -0.94754  0.0508846  -0.947327  -0.316201 0.00970948   0.339009    0.15263 0.00246251 0.919679 -0.00086787 0.025149
1  -0.991553  -0.117103  0.0557664 -0.0916926   0.328774  -0.939947  0.0917363   -0.93712  -0.336735  0.0015175    0.33597   0.159092 0.00271317 0.926372 -0.00205097 0.0678945
1  -0.991499  -0.117382  0.0561378 -0.0922304   0.329701  -0.939569    0.09178   -0.93676  -0.337724 0.00153663   0.335808   0.159405 0.00268431 0.923695 0.021283 0.0295963
1  -0.994571 -0.0923955  0.0478806  -0.075777   0.327655  -0.941754  0.0713256  -0.940269  -0.332877 0.00579154   0.336418   0.158147 0.00250948 0.921017 0.00285798 0.0199832
1  -0.994432 -0.0935278  0.0485581 -0.0768392   0.328188  -0.941482  0.0721185  -0.939971  -0.333547 0.00558658   0.336337   0.158273 0.00252848 0.922356 -0.000760172 0.115116
1  -0.994521 -0.0926495   0.048422  -0.076416   0.328197  -0.941513  0.0713388  -0.940055  -0.333479  0.0057338   0.336353   0.158231 0.00255805 0.923695 -0.0270172 0.10543
1  -0.994544 -0.0921184   0.048954 -0.0767722   0.328609  -0.941341  0.0706281  -0.939963  -0.333888 0.00589766   0.336244   0.158386 0.00257357 0.922356 0.0309315 0.0588127
1  -0.991952  -0.113301   0.056518 -0.0911278   0.328954  -0.939939  0.0879045  -0.937525  -0.336631 0.00221852   0.336095   0.158949 0.00266023 0.930388 -0.00246052 0.076451
1   -0.99654 -0.0690953  0.0461885 -0.0656935   0.314426  -0.947006  0.0509108  -0.946764  -0.317877 0.00962248   0.338781   0.153159 0.00246895 0.919679 -0.00128985 0.0278268
1  -0.996504 -0.0692052  0.0467971 -0.0662194   0.312798  -0.947508  0.0509344  -0.947295  -0.316288 0.00971559    0.33901   0.152648 0.00245458 0.919679 -0.000383933 0.0246026
1  -0.991553  -0.117103  0.0557664 -0.0916926   0.328774  -0.939947  0.0917363   -0.93712  -0.336735 0.00151751    0.33597   0.159092 0.00271317 0.926372 -0.00997033 0.0439452
1  -0.992205  -0.111918  0.0548105 -0.0894347   0.333212  -0.938601  0.0867827  -0.936186  -0.340624 0.00246306   0.335302   0.160387 0.00261685 0.922356 -0.0190991 0.0388078
1   -0.99654 -0.0690953  0.0461885 -0.0656935   0.314426  -0.947006  0.0509108  -0.946764  -0.317877 0.00962248   0.338781   0.153159 0.00246896 0.919679 -0.00279141 0.0247907
1  -0.994521 -0.0934265  0.0468896 -0.0754001   0.330452  -0.940806  0.0724015  -0.939188  -0.335686 0.00546304    0.33596   0.159073 0.00254103 0.922356 0.00932412 0.0295976
1  -0.991499  -0.117382  0.0561378 -0.0922304   0.329701  -0.939569    0.09178   -0.93676  -0.337724 0.00153663   0.335808   0.159405 0.0026843 0.923695 0.0161842 0.0337529
1   -0.99654 -0.0690782  0.0462101 -0.0657119   0.314488  -0.946984  0.0508834  -0.946745  -0.317939 0.00962987   0.338773   0.153178 0.00246876 0.919679 -0.00413016 0.029452
1  -0.996477 -0.0694549  0.0469982 -0.0664776    0.31257  -0.947566  0.0511228  -0.947352  -0.316086 0.00966282   0.339055   0.152567 0.00244885 0.919679 -0.00835717 0.0339699
1  -0.996542 -0.0691001  0.0461507 -0.0656538   0.314329  -0.947041  0.0509341  -0.946796  -0.317778 0.00961935   0.338794   0.153127 0.0024688 0.919679 -0.0143504 0.0290947
1  -0.993604 -0.0987808  0.0547061 -0.0809427   0.285274  -0.955022  0.0787316  -0.953342  -0.291445 0.00447727   0.343647   0.144165 0.00267628 0.962517 0.0337257 0.0434081
1  -0.992838  -0.107911  0.0512597 -0.0856344   0.343652  -0.935184   0.083301  -0.932876  -0.350432 0.00331559   0.333494   0.163765 0.00250045 0.907631 0.0139196 0.0304869
1   -0.99654 -0.0690953  0.0461885 -0.0656935   0.314426  -0.947006  0.0509108  -0.946764  -0.317877 0.00962248   0.338781   0.153159 0.00246895 0.919679 -0.013224 0.0347151
1  -0.994476 -0.0933957  0.0479065 -0.0761773    0.32818  -0.941538  0.0722137  -0.939987  -0.333482 0.00554096   0.336325    0.15834 0.00253039 0.922356 -0.000308893 0.0199883
1  -0.994566 -0.0918279   0.049061 -0.0766868    0.32742  -0.941762  0.0704164  -0.940406  -0.332683 0.00596499   0.336465   0.157972 0.00257433 0.923695 0.00214045 0.0201245
1  -0.994386 -0.0939989  0.0485781 -0.0770525   0.328656  -0.941301  0.0725158   -0.93976  -0.334054 0.00552624   0.336264   0.158432 0.00253846 0.923695 0.00100608 0.0248779
1  -0.991716  -0.115785   0.055617 -0.0909875   0.327589  -0.940429  0.0906679  -0.937699  -0.335411 0.00172047   0.336191   0.158686 0.00268125 0.926372 0.000319283 0.0203564
1  -0.991553  -0.117103  0.0557664 -0.0916926   0.328774  -0.939947  0.0917363   -0.93712  -0.336735  0.0015175    0.33597   0.159092 0.00271318 0.926372 -0.00422986 0.0771633
1  -0.994518  -0.092634  0.0484988 -0.0765027    0.32845  -0.941418  0.0712779  -0.939968  -0.333737 0.00575771   0.336314   0.158312 0.00255818 0.923695 0.025918 0.039591
1  -0.994428 -0.0935817  0.0485382   -0.07684   0.328209  -0.941475  0.0721742  -0.939958  -0.333571 0.00557731   0.336333   0.158279 0.00252793 0.922356 -0.00554954 0.0710503
1  -0.996519 -0.0692341  0.0464311 -0.0658062   0.311421  -0.947991  0.0511737  -0.947747  -0.314893 0.00950423   0.339269    0.15232 0.00243336 0.919679 0.0206005 0.0446576
1  -0.996519 -0.0692341  0.0464311 -0.0658062   0.311421  -0.947991  0.0511737  -0.947747  -0.314893 0.00950423   0.339269    0.15232 0.00243337 0.919679 -0.0025028 0.0349633
1  -0.993604 -0.0987808  0.0547061 -0.0809427   0.285274  -0.955022  0.0787316  -0.953342  -0.291445 0.00447727   0.343647   0.144165 0.00267628 0.962517 0.0457268 0.0443065
1  -0.995016 -0.0876812  0.0474864 -0.0733235   0.320636   -0.94436  0.0675768  -0.943135  -0.325467 0.00655621   0.337665   0.155663 0.00256752 0.926372 0.00429347 0.0455446
1  -0.991813  -0.115193   0.055114 -0.0903212   0.327709  -0.940451  0.0902719   -0.93773  -0.335431 0.00180799   0.336167   0.158712 0.00266834 0.925033 -0.00357868 0.0281477
1  -0.994429 -0.0935246   0.048614 -0.0769042   0.328361  -0.941416  0.0720826  -0.939911  -0.333725   0.005602   0.336309   0.158329 0.00252871 0.922356 0.0089251 0.0244298
1  -0.994718 -0.0899296  0.0494815 -0.0761249   0.322973  -0.943342  0.0688532  -0.942126  -0.328113 0.00623154   0.337192   0.156624 0.00258368 0.925033 0.00225708 0.0315917
1  -0.996946   -0.06109  0.0486408 -0.0627124    0.25519  -0.964855  0.0465303  -0.964959  -0.258242  0.0109859   0.348019   0.133592 0.00268024 0.959839 0.0107124 0.107317
1  -0.991537  -0.117352  0.0555185 -0.0913475   0.326794  -0.940671  0.0922463  -0.937781  -0.334748 0.00136196   0.336315   0.158594 0.00268124 0.926372 0.00832591 0.0562659
1    -0.9966  -0.067942  0.0466107 -0.0656048   0.312105   -0.94778  0.0498466  -0.947615  -0.315501 0.00988942    0.33912   0.152401 0.00248957 0.921017 -0.00227138 0.0339568
1  -0.992708  -0.106554  0.0563701  -0.087651   0.317003  -0.944366  0.0827563   -0.94242  -0.324031 0.00311014   0.338264    0.15476 0.00255419 0.935743 -0.00498593 0.0248375
1   -0.99651 -0.0692955  0.0465302 -0.0659265   0.311543  -0.947942   0.051192  -0.947702  -0.315024 0.00950497   0.339248   0.152363 0.00243383 0.919679 0.0698986 0.108412
1  -0.994568 -0.0919599  0.0487603 -0.0764924   0.328033  -0.941564  0.0705912  -0.940179  -0.333286 0.00592474   0.336369   0.158177 0.00257175 0.923695 -0.0105304 0.0386148
1  -0.996339 -0.0714049  0.0470064 -0.0673309   0.316633  -0.946156  0.0526764  -0.945857  -0.320281 0.00936269   0.338408   0.153925 0.00246327 0.919679 -0.00616624 0.0247864
1  -0.994428 -0.0935817  0.0485382   -0.07684   0.328209  -0.941475  0.0721742  -0.939958  -0.333571 0.00557731   0.336333   0.158278 0.00252794 0.922356 0.00170899 0.103975
1  -0.994285  -0.095476  0.0477637 -0.0768402   0.329437  -0.941046  0.0741122  -0.939338   -0.33489 0.00509349    0.33616    0.15887 0.00248462 0.922356 -0.00546349 0.0472561
1  -0.991486  -0.117438  0.0562412 -0.0923632   0.329863  -0.939499  0.0917807  -0.936696  -0.337902 0.00154427   0.335778   0.159462 0.00268629 0.923695 -0.00287672 0.0528361
1  -0.994567 -0.0918242  0.0490293 -0.0766457   0.327287  -0.941811  0.0704344  -0.940453  -0.332547 0.00596718   0.336485    0.15793 0.00257283 0.923695 0.000450286 0.0348366
1  -0.994678 -0.0906066  0.0490554 -0.0762605   0.327258  -0.941853  0.0692842  -0.940581  -0.332426 0.00619344   0.336521   0.157881 0.00257836 0.923695 0.00841525 0.0938027
1  -0.991785  -0.115342  0.0553022 -0.0905895   0.328117  -0.940283  0.0903083  -0.937569   -0.33587 0.00182269   0.336094    0.15885 0.00267446 0.925033 -0.00226599 0.0293751
0    0.997203  -0.0674113  -0.0322733   0.0505075    0.289543    0.955832  -0.0550893   -0.954788    0.292138 -0.00169153    0.342775   -0.145015 0.00199435 0.933066 0.593193 0.178963
1  -0.994568 -0.0919457  0.0487992 -0.0765258   0.328052  -0.941555  0.0705632  -0.940174  -0.333306 0.00593857   0.336366   0.158183 0.00257093 0.923695 -0.00486176 0.0627696
1  -0.994568 -0.0919457  0.0487992 -0.0765258   0.328052  -0.941555  0.0705632  -0.940174  -0.333306 0.00593857   0.336366   0.158183 0.00257093 0.923695 0.0166973 0.0777112
1  -0.994661 -0.0909333   0.048783 -0.0760849   0.326893  -0.941994  0.0697118  -0.940676  -0.332067 0.00608586   0.336577   0.157769 0.00257259 0.923695 0.0326907 0.0441001
1   -0.99654 -0.0690782  0.0462101 -0.0657119   0.314488  -0.946984  0.0508834  -0.946745  -0.317939 0.00962987   0.338773   0.153178 0.00246876 0.919679 0.00539037 0.0490794
1  -0.994467 -0.0938771  0.0471356 -0.0758025   0.330675  -0.940695  0.0727232  -0.939064  -0.335962 0.00540608    0.33593   0.159132 0.00255513 0.923695 -0.0146909 0.0357269
1  -0.994678 -0.0906066  0.0490554 -0.0762606   0.327258  -0.941853  0.0692842  -0.940581  -0.332426 0.00619343   0.336521   0.157881 0.00257836 0.923695 -0.00427749 0.0199632
1  -0.991553  -0.117103  0.0557664 -0.0916926   0.328774  -0.939947  0.0917363   -0.93712  -0.336735  0.0015175    0.33597   0.159092 0.00271317 0.926372 0.00534977 0.038762
1  -0.991486  -0.117438  0.0562412 -0.0923633   0.329863  -0.939499  0.0917807  -0.936696  -0.337902 0.00154426   0.335778   0.159462 0.00268629 0.923695 0.00177297 0.0436368
1  -0.994424 -0.0936025  0.0485737  -0.076868   0.328044   -0.94153  0.0721952  -0.940014   -0.33341 0.00557908   0.336361    0.15824 0.00254342 0.923695 -0.00200062 0.0393158
1  -0.994549 -0.0928017  0.0475417 -0.0755913   0.327642  -0.941773  0.0718215  -0.940233  -0.332871 0.00554478   0.336436   0.158241 0.00252342 0.922356 -0.00228561 0.0199895
1   -0.99654 -0.0690953  0.0461885 -0.0656935   0.314426  -0.947006  0.0509108  -0.946764  -0.317877 0.00962248   0.338781   0.153159 0.00246895 0.919679 0.0144205 0.0342176
1  -0.995122 -0.0862494  0.0478787 -0.0729386   0.316529  -0.945775  0.0664176  -0.944654  -0.321276 0.00670388   0.338317   0.154435 0.00255418 0.926372 -0.00989028 0.0549023
1  -0.996542 -0.0691001  0.0461507 -0.0656538   0.314329  -0.947041  0.0509341  -0.946796  -0.317778 0.00961935   0.338794   0.153127 0.00246881 0.919679 0.00758195 0.0465446
1  -0.994521 -0.0926495   0.048422  -0.076416   0.328197  -0.941513  0.0713388  -0.940055  -0.333479  0.0057338   0.336353   0.158231 0.00255805 0.923695 -0.00141789 0.0306375
1  -0.991553  -0.117103  0.0557664 -0.0916926   0.328774  -0.939947  0.0917363   -0.93712  -0.336735 0.00151751    0.33597   0.159092 0.00271316 0.926372 -0.00817707 0.0360634
1  -0.994568 -0.0919457  0.0487992 -0.0765258   0.328052  -0.941555  0.0705632  -0.940174  -0.333306 0.00593857   0.336366   0.158183 0.00257092 0.923695 -0.000278015 0.0526519
1  -0.994724 -0.0901812   0.048902 -0.0759039   0.326316  -0.942208  0.0690119  -0.940949  -0.331439 0.00621162   0.336648   0.157609 0.00261179 0.925033 -0.0244886 0.0768836
1  -0.996486 -0.0692865  0.0470725 -0.0665168    0.31298  -0.947428  0.0509112  -0.947229  -0.316489 0.00971974   0.338963   0.152732 0.0024629 0.919679 0.00379287 0.0216988
1  -0.991509  -0.117331  0.0560724 -0.0921412     0.3296  -0.939614  0.0917646  -0.936801  -0.337613 0.00153242   0.335824    0.15937 0.00268434 0.923695 -0.00876066 0.0269067
1  -0.994574 -0.0923076    0.04798 -0.0758219   0.327394  -0.941841  0.0712308  -0.940368  -0.332616 0.00581979   0.336457   0.158061 0.00251046 0.921017 0.000233105 0.0204664
