1  -0.995145 -0.0880788  0.0439156  -0.070262   0.323336  -0.943672   0.068918  -0.942176  -0.327955 0.00615931   0.337093   0.156641 0.00255997 0.919679 0.301929 4.50938
1  -0.996494 -0.0682958   0.048329 -0.0650025   0.268298   -0.96114  0.0526753  -0.960912  -0.271797 0.00920074   0.345657   0.138271 0.00250623 0.934404 0.235814 2.55734
1  -0.991831  -0.112568  0.0599985 -0.0926699   0.312648  -0.945338  0.0876562  -0.943175  -0.320525 0.00259689   0.338669   0.153925 0.00260801 0.931727 0.2865 1.95347
1  -0.991862  -0.114656  0.0553593  -0.090234    0.32627   -0.94096  0.0898245  -0.938298   -0.33396 0.00201946   0.336341   0.158397 0.00259974 0.91834 0.632285 6.16611
1  -0.994718 -0.0905033  0.0484323 -0.0747573   0.315404  -0.946008  0.0703411  -0.944632  -0.320504 0.00590543   0.338435    0.15414 0.00251103 0.925033 0.190031 4.74511
1  -0.997259 -0.0624909  0.0396204 -0.0576744   0.321055  -0.945303  0.0463525  -0.944997  -0.323779  0.0107159   0.337514   0.155463 0.00263842 0.917001 0.133138 3.95149
1  -0.997041 -0.0593789  0.0488131 -0.0638562    0.28633  -0.956001  0.0427897  -0.956289  -0.289274   0.011649    0.34303   0.144001 0.00264905 0.933066 0.170883 3.67643
1  -0.995634 -0.0879824   0.031169  -0.058138   0.323301  -0.944509  0.0730231  -0.942197  -0.327005 0.00441071    0.33723   0.156505 0.00269547 0.921017 0.292961 2.29812
1  -0.996637 -0.0682533  0.0453377 -0.0650307   0.322243  -0.944421  0.0498501  -0.944193  -0.325598 0.00990418   0.337432   0.155689 0.00257327 0.91834 0.269303 2.0317
1  -0.996796 -0.0660491   0.045122 -0.0640458   0.321049  -0.944894  0.0479231  -0.944757  -0.324251  0.0104796   0.337465   0.155308 0.00266918 0.91834 0.25072 4.03756
1  -0.993719 -0.0988423  0.0524632 -0.0829764   0.336291  -0.938096  0.0750807  -0.936557   -0.34238 0.00481447   0.335862     0.1605 0.00288507 0.951807 0.121978 2.04491
1   -0.99508 -0.0858867  0.0493851 -0.0742306   0.316205  -0.945782  0.0656143  -0.944795  -0.321025 0.00718521   0.338163   0.154276 0.00264519 0.925033 0.344018 4.2018
1  -0.994868 -0.0894192  0.0473447 -0.0743696   0.328985  -0.941402  0.0686037  -0.940092  -0.333947 0.00620372   0.336223   0.158554 0.00258734 0.922356 0.220774 2.01376
1   -0.99159  -0.116413  0.0565389 -0.0905151   0.311599  -0.945893  0.0924968  -0.943056  -0.319515  0.0012782   0.338774   0.153584 0.00271959 0.935743 0.25856 1.97861
1  -0.995277 -0.0834528  0.0495972 -0.0740611   0.322417  -0.943696  0.0627631  -0.942912  -0.327075 0.00764332    0.33736   0.156154 0.0026027 0.925033 0.109902 1.64698
1  -0.995652  -0.079435  0.0486611 -0.0697807   0.289925  -0.954502  0.0617128  -0.953747  -0.294207 0.00764316   0.342465   0.145698 0.0025823 0.935743 0.263288 3.46965
1   -0.99214  -0.111609  0.0565868 -0.0913564   0.337007  -0.937059  0.0855144  -0.934864  -0.344554 0.00280342   0.334783   0.161639 0.00256378 0.922356 0.452076 4.41806
1  -0.995315 -0.0843889   0.047177 -0.0714982   0.314021   -0.94672  0.0650781  -0.945658  -0.318583 0.00700656   0.338689    0.15354 0.00256923 0.926372 0.0756503 2.29993
0  -0.998224  0.0488465  0.0341051 -0.0267859    0.14335  -0.989309 -0.0532133  -0.988466  -0.141787  0.0360782    0.35833  0.0961359 0.00363975 0.866131 -0.098592 3.53314
1  -0.994565 -0.0918984  0.0489456 -0.0762933   0.323321  -0.943209  0.0708542  -0.941816  -0.328575 0.00582343   0.337116   0.156707 0.00255043 0.923695 0.373758 2.26832
1   -0.991015   -0.122098   0.0545992  -0.0941342    0.346728    -0.93323   0.0950145   -0.929985   -0.355107 0.000928899     0.33297    0.165051 0.00264189 0.914324 0.265796 3.98126
1  -0.993833  -0.102489  0.0423247 -0.0691668   0.274649  -0.959054  0.0866682  -0.956067  -0.280044 0.00114821   0.344725   0.141063 0.00264712 0.942436 0.304064 2.49534
1  -0.995367 -0.0860453  0.0428977 -0.0661803   0.289516  -0.954883  0.0697436  -0.953298  -0.293869 0.00545619   0.342106   0.146282 0.00253791 0.912985 0.280506 2.52615
1  -0.994869 -0.0900629   0.046094 -0.0729699   0.323158  -0.943528  0.0700812   -0.94205  -0.328071 0.00594336   0.337192   0.156567 0.00254943 0.923695 0.190402 2.00495
1  -0.993887 -0.0986293  0.0496008 -0.0775394   0.303826  -0.949567  0.0785851  -0.947609  -0.309616 0.00408852   0.339742   0.150807 0.00267638 0.917001 0.230444 3.50154
0   -0.99484 -0.0919148  0.0429496 -0.0604636     0.1972  -0.978497  0.0814687  -0.976045   -0.20174 0.00192447   0.354787   0.115625 0.00290413 0.942436 0.28055 2.98962
0  -0.998831 -0.0175516  0.0450483 -0.0478275   0.222529  -0.973752 0.00706636  -0.974768  -0.223108  0.0208479    0.35135   0.122158 0.00287821 0.92905 0.188661 2.83881
1  -0.994496 -0.0932502  0.0477722 -0.0767482   0.337952  -0.938029  0.0713267  -0.936532  -0.343248 0.00574751   0.334767   0.161469 0.00254106 0.919679 0.25804 3.43317
1  -0.996248 -0.0789824  0.0353769 -0.0580465   0.306633  -0.950056  0.0641899  -0.948545  -0.310068 0.00658071   0.339809   0.151141 0.00270447 0.923695 0.116205 3.61091
1  -0.994682 -0.0903809  0.0493938 -0.0743057   0.297606  -0.951793   0.071324  -0.950401  -0.302739 0.00557891   0.341337    0.14819 0.00255219 0.937082 0.325404 4.32861
1  -0.997741 -0.0610923  0.0279426 -0.0455562   0.309599  -0.949775  0.0493729  -0.948903  -0.311682 0.00924769   0.339378   0.151849 0.00279463 0.921017 0.295061 4.2598
1  -0.998411  -0.047754  0.0299265 -0.0409351    0.24953  -0.967502  0.0387345  -0.967189  -0.251088  0.0125782   0.348802   0.131571 0.00268374 0.943775 0.216636 2.05114
1    -0.990181    -0.127647    0.0569895    -0.096352      0.32783    -0.939811     0.101281    -0.936074     -0.33691 -0.000720126     0.336012       0.1591 0.00266135 0.923695 0.17696 4.06243
1   -0.99729 -0.0636629  0.0368729 -0.0550445   0.313146  -0.948108  0.0488127  -0.947569  -0.315802 0.00979879   0.338959   0.152774 0.00270822 0.927711 0.116228 2.30722
1  -0.994245 -0.0959085  0.0477237 -0.0783032    0.34662  -0.934732  0.0731068   -0.93309  -0.352135 0.00530876   0.333279   0.164192 0.00259948 0.91834 0.315598 4.32422
1   -0.99563 -0.0772411  0.0524797 -0.0741932   0.313035  -0.946839  0.0567069  -0.946596  -0.317397 0.00953639   0.338505   0.153112 0.00271731 0.915663 0.0777547 4.03048
1  -0.995202 -0.0857315  0.0471519 -0.0727686   0.326392  -0.942429  0.0654059  -0.941339  -0.331064 0.00691189   0.336696   0.157608 0.00260609 0.923695 0.270053 4.44847
1   -0.99481 -0.0847363  0.0563265 -0.0793802   0.300024  -0.950623   0.063653  -0.950161  -0.305193  0.0076264     0.3409   0.149049 0.00255093 0.930388 0.27304 3.86561
1  -0.996437 -0.0681494  0.0496967 -0.0676072   0.293035  -0.953709  0.0504318   -0.95367  -0.296598 0.00986493   0.341999   0.146404 0.00240351 0.922356 0.244516 2.05891
1  -0.995209 -0.0861044  0.0463113 -0.0693818    0.28826  -0.955035   0.068883  -0.953673  -0.292853 0.00628014   0.342407   0.145413 0.00258045 0.926372 0.218471 1.99484
1  -0.994805    -0.0892  0.0490542 -0.0754926   0.323164  -0.943327  0.0682922   -0.94213  -0.328219 0.00642051   0.337142    0.15662 0.00257991 0.923695 0.222431 3.94061
1  -0.996708 -0.0717731  0.0377183  -0.058494   0.314373  -0.947496  0.0561471  -0.946582  -0.317536 0.00813165   0.338696   0.153369 0.0026625 0.923695 0.196441 4.0075
0  -0.991931  -0.116645  0.0496609 -0.0899764   0.371779   -0.92395  0.0893112  -0.920964  -0.379275 0.00222461   0.328037   0.172741 0.0029611 0.88755 0.219738 3.49767
1  -0.995031 -0.0865558  0.0492151 -0.0721812   0.286588  -0.955331   0.068585  -0.954136  -0.291411 0.00609394   0.342916   0.144664 0.00260978 0.93842 0.250843 2.26443
1  -0.994365 -0.0944651  0.0481129 -0.0774261   0.337129  -0.938269  0.0724134  -0.936707  -0.342544 0.00561445   0.334835   0.161119 0.00261635 0.923695 0.0847366 6.18117
1  -0.996848 -0.0606715  0.0511119 -0.0643664    0.24195  -0.968151  0.0463726   -0.96839  -0.245093  0.0108589    0.34903   0.129923 0.00261864 0.931727 0.283433 2.36176
1  -0.993021  -0.103859  0.0558886 -0.0839327   0.289391  -0.953524  0.0828581   -0.95156  -0.296088 0.00297452   0.342572   0.145904 0.0025357 0.943775 0.292379 4.21551
1  -0.998913 -0.0378256  0.0272433 -0.0371096   0.291587  -0.955824  0.0282109  -0.955796  -0.292674  0.0152342   0.342697   0.145128 0.00299999 0.933066 0.283263 3.09877
1  -0.995219 -0.0849571  0.0481789 -0.0723291   0.309623  -0.948105   0.065631  -0.947057  -0.314287 0.00693131   0.339408   0.152212 0.00253633 0.927711 0.12405 2.11861
0   -0.999378 -0.00571611   0.0347852  -0.0350938    0.254627   -0.966402 -0.00333317   -0.967022   -0.254669   0.0231186    0.346362    0.133341 0.00330307 0.903614 0.20482 2.30332
1   -0.988352   -0.137413   0.0654056   -0.103698    0.293529   -0.950309    0.111387   -0.946022   -0.304359 -0.00269297    0.340834     0.14861 0.00285515 0.91834 0.422439 6.61074
0  -0.998901 -0.0293103  0.0365661 -0.0423384   0.229919  -0.972288  0.0200908  -0.972768  -0.230908  0.0160512   0.350444   0.125219 0.00291613 0.930388 0.207356 2.89757
0  -0.994288 -0.0952359  0.0481824 -0.0798737   0.364523  -0.927762  0.0707927  -0.926311  -0.370048 0.00576231   0.329718   0.170089 0.00285038 0.895582 0.435579 5.08075
1  -0.995304 -0.0832689  0.0493564 -0.0719151   0.294808  -0.952846  0.0647918  -0.951921  -0.299412 0.00721551   0.341549   0.147459 0.0025309 0.926372 0.102718 2.08253
1  -0.997487 -0.0632643  0.0318978  -0.048385   0.279377  -0.958962  0.0517566  -0.958095  -0.281736 0.00859729   0.343898    0.14221 0.00271453 0.926372 0.154277 2.21084
1  -0.994255 -0.0907234  0.0567967  -0.077428   0.243248  -0.966869  0.0739019  -0.965712  -0.248875 0.00477032   0.348788   0.131045 0.00269203 0.935743 0.200472 3.09767
1   -0.99645 -0.0731838  0.0416212 -0.0631094   0.322057  -0.944614  0.0557261  -0.943887  -0.325532 0.00865791   0.337433   0.155784 0.00268467 0.923695 0.272327 5.11248
1  -0.995966  -0.075072  0.0491566 -0.0707067   0.319255  -0.945027  0.0552517  -0.944691  -0.323275 0.00902366   0.337975   0.154877 0.00252067 0.923695 0.270029 1.98871
1  -0.994482 -0.0932117  0.0481316 -0.0759653   0.323444  -0.943193  0.0723487  -0.941645   -0.32874 0.00540363   0.337101   0.156897 0.00252421 0.923695 0.414246 3.81186
1  -0.997373 -0.0611241  0.0388658 -0.0549705   0.289309  -0.955656  0.0471694  -0.955282  -0.291909  0.0103727   0.341649   0.145798 0.00278029 0.894244 0.105809 5.3779
1  -0.998606 -0.0497773  0.0175469 -0.0331556   0.332961  -0.942358  0.0410656  -0.941626  -0.334147  0.0110846    0.33534   0.159422 0.00301482 0.892905 0.145317 2.32467
0   0.995245 -0.0923062 -0.0311021 0.00105908  -0.309033   0.951051 -0.0973994  -0.946561  -0.307466 0.00834826   0.367895  0.0575024 0.00553115 0.597055 -0.505313 2.81583
1  -0.994417 -0.0937127  0.0485085 -0.0768631   0.328302   -0.94144  0.0722995  -0.939913  -0.333672 0.00554177   0.336326   0.158313 0.00254237 0.923695 0.0957289 4.05134
1  -0.998027 -0.0515133  0.0358946 -0.0494614   0.292928  -0.954854  0.0386732  -0.954746  -0.294898  0.0126751   0.341103   0.146732 0.00297321 0.903614 0.318922 4.03122
1   -0.99682 -0.0658524  0.0448638 -0.0619952   0.287232  -0.955853  0.0500589  -0.955595  -0.290401 0.00966449   0.342906   0.144458 0.00252564 0.930388 0.240809 1.97668
1  -0.995124 -0.0903249    0.03961 -0.0673662   0.329147  -0.941873   0.072037  -0.939949  -0.333627 0.00513179   0.336283   0.158516 0.00253804 0.919679 0.245275 3.25956
1   -0.99759 -0.0551682  0.0420838 -0.0565844   0.295784  -0.953578  0.0401595  -0.953661  -0.298192  0.0124667   0.341245   0.147412 0.00268143 0.919679 0.287541 2.34804
1  -0.997323 -0.0573831  0.0453246 -0.0605117    0.29965  -0.952128  0.0410545  -0.952322   -0.30232  0.0125211   0.340989   0.148147 0.00270552 0.934404 0.295866 3.84243
0  -0.998333 -0.0362929  0.0448886 -0.0518924   0.223631  -0.973292  0.0252851  -0.973998  -0.225141  0.0148643   0.351557   0.122877 0.00281267 0.937082 0.18969 2.37065
1  -0.995407 -0.0866899   0.040606 -0.0665916   0.322324  -0.944284  0.0687716  -0.942652  -0.326617 0.00586685   0.337389   0.156139 0.00263037 0.925033 0.248274 4.60708
1  -0.996648 -0.0669576  0.0469958 -0.0655222   0.309446  -0.948657  0.0489771  -0.948557  -0.312796  0.0102698   0.339509   0.151572 0.00244751 0.919679 0.287705 3.47799
1  -0.997879 -0.0524985   0.038493 -0.0526765   0.303755  -0.951293  0.0382491  -0.951303  -0.305876  0.0129556   0.340185   0.149763 0.00275248 0.925033 0.125143 1.99257
1  -0.994459 -0.0931168  0.0487965  -0.076826   0.326867  -0.941942  0.0717607  -0.940472   -0.33221 0.00570308   0.336546   0.157886 0.00251999 0.922356 0.0437732 1.83501
1  -0.996318 -0.0719571  0.0466219 -0.0676408   0.325495  -0.943121  0.0526891  -0.942802  -0.329163 0.00930167   0.336998   0.156734 0.0025563 0.921017 0.220094 2.12393
1  -0.997536 -0.0525929  0.0464416 -0.0598043   0.291195  -0.954793  0.0366918  -0.955217  -0.293622   0.013885   0.342357   0.145116 0.00281855 0.943775 0.184198 2.99632
1  -0.996869  -0.063927  0.0465406 -0.0608318   0.243963  -0.967875  0.0505192  -0.967675  -0.247088 0.00956764   0.348524   0.130885 0.00268603 0.922356 0.248948 5.57538
1  -0.994337 -0.0926383  0.0520807 -0.0793611   0.321315  -0.943641  0.0706829   -0.94243  -0.326848   0.006046   0.337497   0.155985 0.00252403 0.925033 0.255327 2.99955
1   -0.99539 -0.0827911  0.0484092 -0.0719949   0.311577   -0.94749  0.0633605  -0.946607  -0.316101 0.00753049   0.338984   0.152708 0.00259281 0.925033 0.248153 2.27902
1  -0.996035 -0.0734407  0.0502025 -0.0702484   0.303088   -0.95037  0.0545801  -0.950128  -0.307045 0.00920848   0.340322    0.14974 0.00248023 0.919679 0.145289 1.91363
1  -0.995285 -0.0844346  0.0477353 -0.0712234   0.302132  -0.950602  0.0658413  -0.949519  -0.306721 0.00682831   0.340513   0.149682 0.00262147 0.933066 0.217745 5.25919
1  -0.991873  -0.116312   0.051564 -0.0872846   0.327206  -0.940913  0.0925675  -0.937768  -0.334699 0.00105052   0.336206   0.158494 0.00271342 0.923695 0.300127 3.88586
1  -0.994211 -0.0962712  0.0477064 -0.0771994   0.331257  -0.940377  0.0747281  -0.938616  -0.336771 0.00493625   0.335868   0.159459 0.00248864 0.922356 0.308787 2.05922
1  -0.995507 -0.0821493  0.0470806 -0.0722999   0.338457    -0.9382  0.0611377  -0.937389  -0.342876 0.00806413   0.334814   0.161192 0.00269785 0.923695 0.181985 1.73533
1  -0.993649 -0.0974285  0.0562958 -0.0794183   0.252807  -0.964252  0.0797136  -0.962599  -0.258939 0.00348791   0.347922    0.13391 0.00265197 0.957162 0.187627 2.13043
0 -0.958245  0.165158   0.23343 -0.285428 -0.601676    -0.746 0.0172416 -0.781479  0.623694 0.0212327  0.319634 -0.178437 0.00576573 0.452477 -0.342514 4.081
1  -0.997544 -0.0568152  0.0409572 -0.0554809   0.284093   -0.95719  0.0427472  -0.957112  -0.286548  0.0118222   0.342884    0.14366 0.00271773 0.919679 0.184449 5.57603
0  -0.999024  0.0347174  0.0272985 -0.0167778   0.273429  -0.961746 -0.0408535  -0.961265   -0.27258  0.0299068   0.342893   0.139185 0.00368413 0.854083 -0.00842171 2.67944
1  -0.997192  -0.063667  0.0394356 -0.0586895   0.337248  -0.939585   0.046521  -0.939261  -0.340037  0.0118664   0.334554   0.160864 0.00285659 0.903614 0.287284 4.99554
0    -0.990161    -0.129271    0.0535774   -0.0955878     0.345203    -0.933648     0.102199    -0.929583    -0.354163 -0.000777872     0.333097     0.164604 0.00273519 0.919679 0.466282 5.14047
1  -0.997708 -0.0539746   0.040809 -0.0557484   0.313863   -0.94783  0.0383503  -0.947933  -0.316153  0.0129142   0.338516   0.153019 0.00278788 0.919679 0.0804503 4.31127
1  -0.997368 -0.0599691   0.040763 -0.0573467   0.308308  -0.949556  0.0443765  -0.949394  -0.310936   0.011271    0.33915   0.151541 0.00277007 0.914324 0.0552688 2.75175
1  -0.993943 -0.0985705  0.0486015 -0.0789201     0.3324  -0.939831  0.0764844  -0.937973  -0.338166  0.0044524    0.33516   0.160038 0.00262647 0.904953 0.0835401 2.03558
1   -0.99701 -0.0601142   0.048548 -0.0614728   0.236411  -0.969707  0.0468158  -0.969792    -0.2394  0.0106434   0.350249   0.127691 0.0026236 0.950469 0.268578 3.47348
1  -0.996897 -0.0624255   0.047957 -0.0625764   0.258813  -0.963898  0.0477599  -0.963908  -0.261916  0.0103933   0.346963   0.134987 0.00259454 0.941098 0.242355 2.02976
1  -0.995457 -0.0822721  0.0479169 -0.0707079   0.301803  -0.950745  0.0637582  -0.949814  -0.306249 0.00725167   0.340615   0.149573 0.00256249 0.930388 0.377371 5.90656
1  -0.997486 -0.0626498  0.0331071 -0.0523237   0.336152  -0.940353  0.0477839  -0.939722  -0.338585  0.0100213   0.335132   0.160234 0.00280434 0.915663 0.109432 2.30554
1  -0.997808 -0.0505505   0.042701 -0.0555058   0.288067     -0.956  0.0360255  -0.956275  -0.290241  0.0137487   0.341714   0.145028 0.00308927 0.904953 0.291496 3.84205
1   -0.99514 -0.0852211  0.0493418 -0.0728955   0.300623  -0.950953  0.0662081  -0.949928  -0.305374  0.0067589    0.34067   0.149287 0.00260642 0.930388 0.161179 2.22057
1  -0.994207 -0.0968074  0.0467002 -0.0768372   0.336328  -0.938605  0.0751573  -0.936756  -0.341818 0.00486941   0.335174   0.160807 0.00253629 0.926372 0.292908 4.02126
1  -0.994654 -0.0914672  0.0479229 -0.0759133   0.333105  -0.939829  0.0700001  -0.938443  -0.338268 0.00596724     0.3356   0.159747 0.00259845 0.923695 0.364994 4.4784
1  -0.994069 -0.0961702  0.0507693 -0.0800823   0.331516  -0.940045  0.0735734  -0.938535  -0.337252 0.00529675   0.336004   0.159442 0.00245971 0.925033 0.324903 5.09796
1   -0.99511 -0.0881699  0.0445321 -0.0725395   0.346299  -0.935316  0.0670453  -0.933972  -0.351001 0.00714251   0.333418   0.163861 0.00264565 0.919679 0.346179 4.03698
1  -0.992342  -0.111736  0.0526552 -0.0875474    0.33551   -0.93796  0.0871372  -0.935387  -0.342723 0.00249979    0.33491   0.161128 0.00263322 0.919679 0.242486 1.6933
1  -0.997088 -0.0608417  0.0459864 -0.0628598    0.31417  -0.947283  0.0431868  -0.947415   -0.31708  0.0117513   0.338678   0.152965 0.00267059 0.923695 0.191981 2.30603
1  -0.997635 -0.0565616  0.0390567  -0.054533    0.30541  -0.950658  0.0418424   -0.95054  -0.307772  0.0120788   0.339709   0.150569 0.00268028 0.914324 0.249318 2.44273
1  -0.994661 -0.0902525  0.0500432 -0.0768182   0.323711  -0.943033  0.0689116  -0.941842  -0.328915  0.0063641   0.337092   0.156767 0.00255064 0.923695 0.198858 2.02784
1  -0.997595 -0.0604945  0.0338183 -0.0491553   0.273609  -0.960584  0.0488571  -0.959937  -0.275925  0.0093506   0.344862   0.139916 0.00279473 0.93842 0.155965 2.64088
1  -0.992991  -0.104709  0.0548154 -0.0803911   0.258409  -0.962685   0.086637  -0.960344  -0.265016 0.00234797   0.346589   0.136156 0.00273236 0.935743 0.495849 7.31859
1  -0.995178  -0.084119  0.0504442 -0.0719241   0.276166  -0.958415  0.0666899  -0.957422  -0.280885 0.00652042    0.34435   0.141329 0.00263609 0.937082 0.122173 1.87519
1  -0.997005 -0.0631246  0.0446911 -0.0619966   0.306776  -0.949761  0.0462432  -0.949686   -0.30977  0.0108358   0.339946   0.150649 0.00256626 0.926372 0.247716 1.94778
1  -0.999543 -0.0193207  0.0232352 -0.0277018   0.278635  -0.959998  0.0120737  -0.960203  -0.279043   0.018093   0.343269   0.141632 0.00300154 0.89826 0.10398 3.9112
1    -0.99062   -0.123052   0.0594223  -0.0969763    0.326703   -0.940139   0.0962724   -0.937082   -0.335571 0.000781509    0.336187    0.158707 0.00259961 0.91834 0.250015 4.10621
1  -0.994257 -0.0913292  0.0557816 -0.0803408   0.292665  -0.952834  0.0706963  -0.951844  -0.298322 0.00592093   0.342265   0.146517 0.00256329 0.945114 0.248644 2.00006
1  -0.996953 -0.0642913  0.0441644  -0.062386   0.317399  -0.946238  0.0468172   -0.94611  -0.320443  0.0107733    0.33831   0.154009 0.00254323 0.921017 0.248958 2.09244
1  -0.996899 -0.0616221  0.0489416 -0.0633583    0.25966  -0.963619   0.046672  -0.963732  -0.262759  0.0108228   0.346767   0.135497 0.00255777 0.935743 0.143942 4.01655
1  -0.996347 -0.0714696  0.0467311    -0.0673   0.320393  -0.944891  0.0525586  -0.944585  -0.324032  0.0092841   0.338084   0.155101 0.00247916 0.925033 0.30501 1.79136
1  -0.994495 -0.0932622  0.0477773  -0.076495   0.334516   -0.93928  0.0716172  -0.937764  -0.339808 0.00560831   0.335328   0.160278 0.00257796 0.922356 0.272896 2.21962
