1  -0.992907  -0.105963  0.0539228 -0.0860581   0.327585  -0.940894  0.0820359  -0.938861  -0.334381 0.00343861   0.336401   0.158327 0.0025478 0.926372 0.179593 0.164647
1  -0.996539  -0.069096  0.0462122 -0.0657164   0.314429  -0.947003  0.0509037  -0.946763  -0.317882 0.00962201   0.338783    0.15316 0.00246792 0.919679 0.358765 0.124896
1  -0.996539  -0.069096  0.0462122 -0.0657164   0.314429  -0.947003  0.0509037  -0.946763  -0.317882 0.00962201   0.338783    0.15316 0.00246791 0.919679 0.32488 0.112788
1  -0.996539  -0.069096  0.0462122 -0.0657164   0.314429  -0.947003  0.0509037  -0.946763  -0.317882 0.00962201   0.338783    0.15316 0.00246791 0.919679 0.324493 0.375012
0  -0.999685 0.00580509  0.0244305 -0.0219653   0.269309  -0.962803 -0.0121685  -0.963036  -0.269096  0.0231095   0.344825   0.137631 0.00305555 0.89826 0.152411 0.0683441
1   -0.99654 -0.0690782  0.0462101 -0.0657119   0.314488  -0.946984  0.0508834  -0.946745  -0.317939 0.00962987   0.338773   0.153178 0.00246875 0.919679 0.332893 0.262503
1  -0.996539  -0.069096  0.0462122 -0.0657164   0.314429  -0.947003  0.0509037  -0.946763  -0.317882 0.00962201   0.338783    0.15316 0.00246791 0.919679 0.269509 0.123245
0  -0.999518  0.0173574   0.025735 -0.0216263   0.205355  -0.978449 -0.0222681  -0.978534   -0.20488  0.0265903   0.353582   0.115965 0.00268927 0.904953 0.242944 0.376648
1  -0.996539  -0.069096  0.0462122 -0.0657164    0.31443  -0.947003  0.0509037  -0.946763  -0.317882 0.00962201   0.338783    0.15316 0.00246791 0.919679 0.246906 0.180942
1  -0.996539  -0.069096  0.0462122 -0.0657164   0.314429  -0.947003  0.0509037  -0.946763  -0.317882 0.00962201   0.338783    0.15316 0.00246791 0.919679 0.382384 0.149101
1  -0.994568 -0.0930051  0.0467293 -0.0750903   0.330248  -0.940903  0.0720765  -0.939301  -0.335438 0.00550107   0.335991   0.159024 0.00252687 0.921017 0.232422 0.395631
1  -0.996539  -0.069096  0.0462123 -0.0657164   0.314429  -0.947003  0.0509037  -0.946763  -0.317882 0.00962202   0.338783    0.15316 0.00246792 0.919679 0.523315 0.405116
1  -0.996539  -0.069096  0.0462122 -0.0657164    0.31443  -0.947003  0.0509037  -0.946763  -0.317882 0.00962202   0.338783    0.15316 0.00246791 0.919679 0.310655 0.24918
0   0.992806  -0.112621 -0.0406472  0.0726355   0.296639   0.952224  -0.095183  -0.948326   0.302685 0.00664819   0.341151  -0.148494 0.00231141 0.941098 0.419476 1.32012
1   -0.99858 -0.0378656  0.0374751 -0.0473796   0.309586   -0.94969  0.0243588  -0.950117   -0.31094  0.0150272   0.339148   0.151402 0.00299349 0.921017 0.0824616 0.250918
1  -0.996539  -0.069096  0.0462122 -0.0657164   0.314429  -0.947003  0.0509037  -0.946763  -0.317882 0.00962201   0.338783    0.15316 0.00246792 0.919679 0.318395 0.164626
1  -0.996519 -0.0692341  0.0464311 -0.0658062   0.311421  -0.947991  0.0511737  -0.947747  -0.314893 0.00950423   0.339269    0.15232 0.00243337 0.919679 0.349587 0.359696
1  -0.996539  -0.069096  0.0462122 -0.0657164   0.314429  -0.947003  0.0509037  -0.946763  -0.317882 0.00962202   0.338783    0.15316 0.00246791 0.919679 0.316627 0.147835
1   -0.99654 -0.0690782  0.0462101 -0.0657119   0.314488  -0.946984  0.0508834  -0.946745  -0.317939 0.00962987   0.338773   0.153178 0.00246876 0.919679 0.192171 0.0949468
1  -0.998363 -0.0372497  0.0433934 -0.0518624   0.269962  -0.961473     0.0241   -0.96215  -0.271452  0.0151873   0.345484   0.137837 0.00276191 0.927711 0.328339 0.454623
1  -0.996539  -0.069096  0.0462122 -0.0657164   0.314429  -0.947003  0.0509037  -0.946763  -0.317882 0.00962202   0.338783    0.15316 0.00246792 0.919679 0.397846 0.311939
0   0.995469 -0.0894042  -0.032381  0.0576656   0.296845   0.953183 -0.0756064  -0.950731   0.300656 0.00240197   0.341474  -0.147976 0.00220878 0.942436 0.438791 0.80941
0   -0.99968 0.00588458  0.0246008 -0.0221118    0.26901  -0.962884  -0.012284  -0.963119  -0.268794  0.0231524   0.344861   0.137526 0.00305479 0.89826 0.0787272 0.0724084
1   -0.99654 -0.0690782  0.0462101 -0.0657119   0.314488  -0.946984  0.0508834  -0.946745  -0.317939 0.00962987   0.338773   0.153178 0.00246875 0.919679 0.237319 0.0922418
1  -0.998472 -0.0380007  0.0401287  -0.049648   0.297774  -0.953345  0.0242785   -0.95388  -0.299205  0.0150661   0.341135   0.147268 0.00286971 0.922356 0.261759 0.104167
1  -0.998557 -0.0369609  0.0389504 -0.0481539   0.295452  -0.954143   0.023758  -0.954642  -0.296805  0.0151687   0.341478   0.146673 0.00284451 0.922356 0.317963 0.562794
1  -0.992838  -0.107911  0.0512597 -0.0856344   0.343652  -0.935184   0.083301  -0.932876  -0.350432 0.00331559   0.333494   0.163765 0.00250046 0.907631 0.249623 0.0510908
1  -0.994377 -0.0932778  0.0501295  -0.076522   0.305719  -0.949042   0.073199  -0.947542  -0.311138 0.00512266   0.340138   0.150743 0.00254922 0.935743 0.357671 0.208568
1  -0.998474 -0.0378202  0.0402288 -0.0496777   0.297307  -0.953489  0.0241009  -0.954033  -0.298732  0.0151228   0.341192   0.147138 0.00288662 0.923695 0.27045 0.197263
1  -0.994303 -0.0948087  0.0487139 -0.0774188    0.32821  -0.941427   0.073267  -0.939835  -0.333681  0.0053144    0.33636   0.158298 0.00253466 0.925033 0.0634172 0.0846208
0  -0.999634 0.00404737  0.0267332 -0.0245536   0.278102  -0.960238  -0.011321  -0.960543  -0.277901  0.0229783    0.34358   0.140478 0.00304841 0.892905 0.187242 0.100595
1  -0.996534 -0.0688123  0.0467474  -0.066053   0.312903  -0.947485  0.0505712  -0.947289  -0.316364 0.00971349   0.338986   0.152688 0.0024728 0.919679 0.299114 0.159865
1  -0.992716  -0.106577  0.0561764 -0.0874842   0.317114  -0.944344  0.0828312   -0.94238  -0.324128 0.00307561   0.338237   0.154816 0.00255765 0.935743 0.37115 0.41797
1  -0.998598  -0.037997  0.0368465 -0.0466892   0.304467  -0.951378   0.024931  -0.951765  -0.305814  0.0148048   0.339962   0.149841 0.00294994 0.921017 0.191977 0.0915871
1  -0.998363 -0.0372497  0.0433933 -0.0518624   0.269962  -0.961473     0.0241   -0.96215  -0.271452  0.0151873   0.345484   0.137837 0.00276192 0.927711 0.301924 0.190193
1  -0.998475 -0.0361523  0.0417102 -0.0500565   0.274617   -0.96025   0.023261  -0.960874  -0.276008  0.0154037   0.344762   0.139393 0.00275893 0.925033 0.111561 0.111988
1  -0.996539  -0.069096  0.0462122 -0.0657164   0.314429  -0.947003  0.0509037  -0.946763  -0.317882 0.00962201   0.338783    0.15316 0.00246791 0.919679 0.29338 0.149361
1   -0.99654 -0.0690782  0.0462101 -0.0657119   0.314488  -0.946984  0.0508834  -0.946745  -0.317939 0.00962987   0.338773   0.153178 0.00246877 0.919679 0.284159 0.125117
1  -0.998557 -0.0369609  0.0389504 -0.0481539   0.295452  -0.954143   0.023758  -0.954642  -0.296805  0.0151687   0.341478   0.146672 0.0028445 0.922356 0.141507 0.205465
1  -0.998467 -0.0388408  0.0394333 -0.0493383   0.301659  -0.952138  0.0250864  -0.952624  -0.303113  0.0148344    0.34046   0.148666 0.00290611 0.921017 0.127537 0.101471
1  -0.994724 -0.0905648  0.0481849 -0.0752926   0.325505  -0.942538  0.0696764  -0.941193  -0.330607 0.00607549   0.336825   0.157298 0.00255727 0.923695 0.285895 0.189008
0   -0.989389    0.145197 -0.00526667   0.0326913     0.18715   -0.981787   -0.141567   -0.971541    -0.18991   0.0527478     0.35036    0.111226 0.00383004 0.80589 -0.138386 0.107715
1  -0.996542    -0.0691  0.0461507 -0.0656538   0.314329  -0.947041  0.0509341  -0.946796  -0.317778 0.00961935   0.338794   0.153127 0.00246881 0.919679 0.322395 0.73796
1  -0.996534 -0.0688123  0.0467474  -0.066053   0.312903  -0.947485  0.0505712  -0.947289  -0.316364 0.00971349   0.338986   0.152688 0.00247279 0.919679 0.317874 0.150525
1  -0.998475 -0.0361523  0.0417102 -0.0500565   0.274617   -0.96025   0.023261  -0.960874  -0.276008  0.0154037   0.344762   0.139393 0.00275892 0.925033 0.325209 0.223706
1  -0.991306  -0.118751  0.0566687 -0.0937023    0.33476  -0.937633  0.0923748  -0.934791  -0.342976  0.0015255   0.334857   0.161224 0.00260591 0.912985 0.257533 0.133818
0   0.989258  -0.139294 -0.0443339  0.0863297   0.311968   0.946162  -0.117964  -0.939826   0.320642  0.0115441   0.338255  -0.154221 0.0024462 0.933066 0.218727 0.871171
1  -0.994771 -0.0899798  0.0483045 -0.0751963   0.325302  -0.942615  0.0691028  -0.941319  -0.330368 0.00619241   0.336861   0.157225 0.00256319 0.923695 0.241087 1.00841
1    -0.990083    -0.128347    0.0571177   -0.0977628     0.337505    -0.936233     0.100885    -0.932533    -0.346706 -0.000205428     0.334354     0.162262 0.00262425 0.915663 0.139272 0.0926863
1  -0.998504 -0.0369494  0.0403081 -0.0493389   0.291016  -0.955445  0.0235729  -0.956005  -0.292403  0.0152706   0.342143   0.145031 0.00283988 0.922356 0.108578 0.124594
0  -0.994632   0.103352 0.00504138  0.0155394    0.19736  -0.980208  -0.102301  -0.974868  -0.197906  0.0435721   0.351335   0.113945 0.00371839 0.838019 -0.125498 0.236529
1  -0.998475 -0.0361523  0.0417102 -0.0500565   0.274617   -0.96025   0.023261  -0.960874  -0.276008  0.0154037   0.344762   0.139393 0.00275893 0.925033 0.209504 1.00022
1  -0.994294 -0.0948664  0.0487931  -0.077513   0.328207   -0.94142  0.0732949   -0.93983  -0.333687  0.0053119   0.336358   0.158304 0.00253478 0.925033 0.128839 0.140617
0   0.978323  -0.204327 -0.0336832   0.115426   0.402996   0.907894  -0.171933  -0.892101   0.417845  0.0233773   0.319324  -0.186507 0.00291471 0.884873 0.147546 0.487471
1  -0.998504 -0.0369495  0.0403081 -0.0493389   0.291016  -0.955445  0.0235729  -0.956005  -0.292403  0.0152705   0.342143   0.145031 0.00283987 0.922356 0.247052 0.243853
1  -0.991315  -0.118716  0.0565794 -0.0935808   0.334509  -0.937735  0.0923978  -0.934885  -0.342713 0.00151376   0.334899   0.161141 0.00260463 0.912985 0.315757 0.273106
1  -0.996539  -0.069096  0.0462123 -0.0657164   0.314429  -0.947003  0.0509037  -0.946763  -0.317882 0.00962202   0.338783    0.15316 0.00246791 0.919679 0.145041 0.129593
1    -0.989842    -0.129752    0.0581064   -0.0989803      0.33557    -0.936801     0.102053    -0.933037    -0.345004 -0.000399344     0.334675     0.161642 0.00268941 0.921017 0.0334871 0.247847
1  -0.996572 -0.0684208   0.046517 -0.0656793   0.312332    -0.9477  0.0503136  -0.947506  -0.315755 0.00978238   0.339088   0.152491 0.00246436 0.919679 0.272234 0.271594
1   -0.99578 -0.0782508  0.0479435 -0.0705554   0.318728  -0.945217   0.058683  -0.944611  -0.322904 0.00825377   0.338029   0.154847 0.00256312 0.925033 0.233491 0.210805
1  -0.993659  -0.100397  0.0506096 -0.0813123   0.330832   -0.94018  0.0776482  -0.938334  -0.336898 0.00439358   0.335872   0.159269 0.00250493 0.922356 0.177207 0.250584
0   -0.999547  0.00179418   0.0300332  -0.0285436    0.259039   -0.965445 -0.00951198   -0.965865   -0.258871   0.0225357    0.346493    0.133978 0.00297802 0.900937 0.22354 0.146886
1  -0.994964 -0.0879441   0.048095 -0.0737062   0.316723   -0.94565  0.0679315  -0.944432   -0.32161 0.00645644   0.338305   0.154489 0.00252639 0.926372 0.438532 0.300057
1  -0.992315  -0.111289  0.0540897 -0.0883696   0.331405  -0.939341  0.0866127  -0.936902  -0.338693 0.00248268   0.335594   0.159814 0.00260964 0.922356 0.385035 0.41961
1  -0.998477 -0.0379866  0.0400147 -0.0495329   0.297698  -0.953374  0.0243032  -0.953904  -0.299126  0.0150549   0.341117   0.147294 0.00289569 0.923695 0.196385 0.102092
0  -0.999644 0.00401876  0.0263925 -0.0242334   0.278182  -0.960223 -0.0112008   -0.96052  -0.277985  0.0229371   0.343568   0.140526 0.00304916 0.892905 0.053137 0.0867453
1  -0.998586  -0.037795   0.037384 -0.0472685   0.309487  -0.949728  0.0243251  -0.950152  -0.310836  0.0150371   0.339165   0.151367 0.00299146 0.921017 0.112657 0.078138
1  -0.996519 -0.0692341  0.0464311 -0.0658062   0.311421  -0.947991  0.0511737  -0.947747  -0.314893 0.00950423   0.339269    0.15232 0.00243336 0.919679 0.296199 0.143703
1  -0.993367  -0.102782  0.0515482 -0.0828116   0.328484  -0.940872  0.0797717    -0.9389  -0.334817 0.00392905   0.336295   0.158521 0.00249697 0.923695 0.257326 0.202547
1  -0.998475 -0.0361523  0.0417102 -0.0500565   0.274617   -0.96025   0.023261  -0.960874  -0.276008  0.0154037   0.344762   0.139393 0.00275893 0.925033 0.350888 0.621929
1  -0.994518 -0.0928671  0.0480525 -0.0761162   0.327895  -0.941643  0.0716914  -0.940139  -0.333166 0.00566483   0.336366   0.158233 0.00255864 0.923695 0.134551 0.276536
1  -0.998596 -0.0348959   0.039851 -0.0480232    0.27896  -0.959101  0.0223519  -0.959668  -0.280245  0.0155993   0.344078   0.140865 0.00279384 0.925033 0.171308 0.10696
1   -0.99654 -0.0690782  0.0462101 -0.0657119   0.314488  -0.946984  0.0508834  -0.946745  -0.317939 0.00962987   0.338773   0.153178 0.00246876 0.919679 0.304646 0.204047
1   -0.99654 -0.0690953  0.0461885 -0.0656935   0.314426  -0.947006  0.0509108  -0.946764  -0.317877 0.00962248   0.338781   0.153159 0.00246894 0.919679 0.281217 0.106349
0    0.99548 -0.0893797 -0.0321058  0.0572111    0.29454   0.953925  -0.075805   -0.95145   0.298322 0.00247069   0.341838  -0.147243 0.00219646 0.941098 0.332149 0.940497
1   -0.99651 -0.0692956  0.0465302 -0.0659266   0.311543  -0.947942   0.051192  -0.947702  -0.315024 0.00950497   0.339248   0.152363 0.00243383 0.919679 0.288988 0.252497
1   -0.99654 -0.0690782  0.0462101 -0.0657119   0.314488  -0.946984  0.0508834  -0.946745  -0.317939 0.00962987   0.338773   0.153178 0.00246877 0.919679 0.175367 0.11962
1  -0.996539  -0.069096  0.0462122 -0.0657164   0.314429  -0.947003  0.0509037  -0.946763  -0.317882 0.00962202   0.338783    0.15316 0.00246791 0.919679 0.43897 0.580787
1  -0.992418  -0.110615  0.0535753 -0.0877477   0.332446  -0.939031  0.0860599  -0.936613  -0.339632 0.00257354   0.335422   0.160144 0.00261513 0.922356 0.190805 0.148679
1  -0.996539  -0.069096  0.0462123 -0.0657164   0.314429  -0.947003  0.0509037  -0.946763  -0.317882 0.00962201   0.338783    0.15316 0.00246791 0.919679 0.244219 0.115153
1    -0.990074    -0.128318    0.0573355   -0.0978832     0.336811    -0.936471     0.100854    -0.932788    -0.346028 -0.000189899      0.33447     0.162041 0.00263962 0.917001 0.250968 0.503658
1  -0.993357  -0.103397   0.050515 -0.0833201   0.343446  -0.935469  0.0793759  -0.933463  -0.349779 0.00405997   0.333636   0.163489 0.00261107 0.91834 0.287226 0.273297
1  -0.996534 -0.0688123  0.0467474  -0.066053   0.312903  -0.947485  0.0505712  -0.947289  -0.316364  0.0097135   0.338986   0.152688 0.0024728 0.919679 0.19339 0.148804
1  -0.996534 -0.0688123  0.0467474  -0.066053   0.312903  -0.947485  0.0505713  -0.947289  -0.316364 0.00971349   0.338986   0.152688 0.0024728 0.919679 0.159641 0.275926
1  -0.998687 -0.0339551  0.0383528 -0.0463812   0.281635    -0.9584   0.021741  -0.958921   -0.28284  0.0157233   0.343646   0.141791 0.00283622 0.926372 0.160619 0.203335
1  -0.996513 -0.0694242  0.0462862 -0.0658829   0.314272  -0.947044  0.0512013  -0.946791   -0.31775 0.00958026   0.338794   0.153124 0.00246508 0.919679 0.108204 0.263414
1  -0.998437 -0.0385178  0.0404949 -0.0502617   0.302013  -0.951978   0.024438  -0.952525  -0.303477  0.0150467    0.34043   0.148679 0.00289941 0.921017 0.239464 0.14439
1  -0.996571 -0.0684108   0.046545 -0.0657066   0.312404  -0.947674  0.0502903  -0.947483  -0.315828 0.00978873   0.339078   0.152514 0.00246426 0.919679 0.182546 0.129602
1  -0.994568 -0.0919457  0.0487992 -0.0765258   0.328052  -0.941555  0.0705632  -0.940174  -0.333306 0.00593857   0.336366   0.158183 0.00257093 0.923695 0.398942 0.699327
1   -0.99471 -0.0906912  0.0482376 -0.0753871   0.325539  -0.942518  0.0697749  -0.941169  -0.330654  0.0060588    0.33681   0.157318 0.00255927 0.923695 0.353835 0.470041
1  -0.996534 -0.0688123  0.0467474  -0.066053   0.312903  -0.947485  0.0505712  -0.947289  -0.316364  0.0097135   0.338986   0.152688 0.00247281 0.919679 0.302059 0.157133
1  -0.994724 -0.0901812   0.048902 -0.0759039   0.326316  -0.942208   0.069012  -0.940949  -0.331439 0.00621161   0.336648   0.157609 0.00261179 0.925033 0.138748 0.267903
1  -0.998601 -0.0379744  0.0367883 -0.0466659   0.305959    -0.9509  0.0248542  -0.951287  -0.307303  0.0148203   0.339695   0.150366 0.00294309 0.91834 0.146711 0.188189
1  -0.996539  -0.069096  0.0462123 -0.0657164   0.314429  -0.947003  0.0509037  -0.946763  -0.317882 0.00962202   0.338783    0.15316 0.00246791 0.919679 0.304352 0.337862
1   -0.99654 -0.0690782  0.0462101 -0.0657119   0.314488  -0.946984  0.0508834  -0.946745  -0.317939 0.00962987   0.338773   0.153178 0.00246876 0.919679 0.233302 0.226559
1  -0.996534 -0.0688123  0.0467474  -0.066053   0.312903  -0.947485  0.0505713  -0.947289  -0.316364 0.00971349   0.338986   0.152688 0.0024728 0.919679 0.435549 0.263579
1   -0.99654 -0.0690782  0.0462101 -0.0657119   0.314488  -0.946984  0.0508834  -0.946745  -0.317939 0.00962987   0.338773   0.153178 0.00246876 0.919679 0.282394 0.114128
1  -0.996519 -0.0692341  0.0464311 -0.0658062   0.311421  -0.947991  0.0511737  -0.947747  -0.314893 0.00950424   0.339269    0.15232 0.00243337 0.919679 0.399401 0.335717
0  -0.999565  0.0017186  0.0294485 -0.0280147    0.25733  -0.965917  -0.009238  -0.966322   -0.25717  0.0224308   0.346739   0.133407 0.00296551 0.900937 0.0501385 0.101213
1   -0.99654 -0.0690782  0.0462101 -0.0657119   0.314488  -0.946984  0.0508834  -0.946745  -0.317939 0.00962987   0.338773   0.153178 0.00246876 0.919679 0.306844 0.273711
0   -0.999594 -0.00236145   0.0283976  -0.0278554    0.291042   -0.956305 -0.00600664   -0.956707    -0.29099   0.0213703    0.341636    0.144998 0.0031036 0.883534 0.0566544 0.0460273
1  -0.993455  -0.102218  0.0509739 -0.0822794   0.330874  -0.940081  0.0792273  -0.938123  -0.337119 0.00413147    0.33583   0.159331 0.0025346 0.922356 0.129793 0.0745769
1  -0.994549 -0.0928017  0.0475417 -0.0755913   0.327642  -0.941773  0.0718215  -0.940233  -0.332871 0.00554479   0.336436   0.158241 0.00252344 0.922356 0.254967 0.346816
0   0.978323  -0.204327 -0.0336833   0.115426   0.402996   0.907894  -0.171933  -0.892101   0.417844  0.0233773   0.319324  -0.186507 0.00291471 0.884873 0.09079 0.883943
1    -0.990083    -0.128347    0.0571177   -0.0977628     0.337505    -0.936233     0.100885    -0.932533    -0.346706 -0.000205422     0.334354     0.162262 0.00262424 0.915663 0.201673 0.0799784
0  -0.999644 0.00401878  0.0263925 -0.0242334   0.278182  -0.960223 -0.0112008   -0.96052  -0.277985  0.0229371   0.343568   0.140526 0.00304917 0.892905 -0.0048277 0.0971041
1  -0.994724 -0.0901812   0.048902 -0.0759039   0.326316  -0.942208  0.0690119  -0.940949  -0.331439 0.00621161   0.336648   0.157609 0.0026118 0.925033 0.262704 0.253914
0   -0.999543  0.00110135   0.0302051  -0.0289123    0.256496   -0.966113 -0.00881151   -0.966545   -0.256347   0.0223329    0.346913    0.133069 0.00296576 0.902276 0.0749074 0.14355
1  -0.994724 -0.0901812   0.048902 -0.0759039   0.326316  -0.942208  0.0690119  -0.940949  -0.331439 0.00621161   0.336648   0.157609 0.0026118 0.925033 0.0556947 0.228772
1  -0.994294 -0.0948664  0.0487931  -0.077513   0.328207   -0.94142  0.0732949   -0.93983  -0.333688 0.00531189   0.336358   0.158304 0.00253479 0.925033 0.157551 0.242642
1  -0.994724 -0.0901812   0.048902 -0.0759039   0.326316  -0.942208   0.069012  -0.940949   -0.33144  0.0062116   0.336648   0.157609 0.00261179 0.925033 0.299547 0.214066
1  -0.998477 -0.0379866  0.0400147 -0.0495329   0.297698  -0.953374  0.0243032  -0.953904  -0.299126  0.0150548   0.341117   0.147294 0.0028957 0.923695 -0.0253546 0.116635
0   -0.989463    0.144745 -0.00336344   0.0309876    0.189022   -0.981484   -0.141429   -0.971246   -0.191516     0.05284    0.350174    0.111804 0.00373362 0.800536 0.0632472 0.495945
0   -0.997762   0.0646975   0.0168988 0.000816516    0.264487   -0.964389  -0.0668631   -0.962217   -0.263948   0.0346919     0.34386    0.136233 0.00377868 0.832664 -0.104725 0.671356
1  -0.995955 -0.0753105  0.0490046 -0.0706226    0.31896  -0.945133   0.055548  -0.944771  -0.322988 0.00891697   0.338018   0.154779 0.00254223 0.925033 0.377078 0.27522
1  -0.996539  -0.069096  0.0462122 -0.0657164   0.314429  -0.947003  0.0509037  -0.946763  -0.317882 0.00962201   0.338783    0.15316 0.0024679 0.919679 0.359997 0.308403
1  -0.994724 -0.0901812   0.048902 -0.0759039   0.326316  -0.942208  0.0690119  -0.940949  -0.331439 0.00621161   0.336648   0.157609 0.00261179 0.925033 0.282355 0.171253
1  -0.996477 -0.0694549  0.0469982 -0.0664776    0.31257  -0.947566  0.0511228  -0.947352  -0.316086 0.00966282   0.339055   0.152567 0.00244884 0.919679 0.214489 0.106453
1  -0.995189 -0.0858423  0.0472324 -0.0724379   0.320028  -0.944635  0.0659739  -0.943511  -0.324707 0.00683758   0.337744   0.155455 0.00259399 0.926372 0.248658 0.201679
0  -0.999584 0.00382226  0.0285886 -0.0265823   0.262589  -0.964542 -0.0111938    -0.9649  -0.262378  0.0229974   0.345907   0.135188 0.00301261 0.900937 0.254818 0.0934323
1  -0.998687  -0.033955  0.0383528 -0.0463812   0.281635    -0.9584   0.021741  -0.958921   -0.28284  0.0157233   0.343646   0.141791 0.00283621 0.926372 0.226601 0.297517
0   -0.999638  0.00188738   0.0268275   -0.025211    0.281559   -0.959213 -0.00936394   -0.959542    -0.28141   0.0223919    0.343038    0.141712 0.00302382 0.886212 0.0779951 0.142713
1  -0.996519 -0.0692341  0.0464311 -0.0658062   0.311421  -0.947991  0.0511737  -0.947747  -0.314893 0.00950423   0.339269    0.15232 0.00243337 0.919679 0.334279 0.161072
1  -0.996519 -0.0692341  0.0464311 -0.0658062   0.311421  -0.947991  0.0511737  -0.947747  -0.314893 0.00950424   0.339269    0.15232 0.00243337 0.919679 0.5725 0.762052
1  -0.995189 -0.0858422  0.0472324 -0.0724378   0.320028  -0.944635  0.0659739  -0.943511  -0.324707 0.00683759   0.337744   0.155455 0.00259397 0.926372 0.163275 0.939802
1  -0.994724 -0.0901812   0.048902 -0.0759039   0.326316  -0.942208   0.069012  -0.940949  -0.331439 0.00621161   0.336648   0.157609 0.0026118 0.925033 0.141884 0.635323
1   -0.99654 -0.0690953  0.0461885 -0.0656935   0.314426  -0.947006  0.0509108  -0.946764  -0.317877 0.00962248   0.338781   0.153159 0.00246895 0.919679 0.22725 0.162531
1  -0.998472 -0.0380007  0.0401287  -0.049648   0.297774  -0.953345  0.0242785   -0.95388  -0.299205  0.0150661   0.341135   0.147268 0.00286971 0.922356 0.247257 0.149442
1  -0.998477 -0.0379867  0.0400147 -0.0495329   0.297698  -0.953374  0.0243032  -0.953904  -0.299126  0.0150548   0.341117   0.147294 0.00289569 0.923695 0.177748 0.101223
1    -0.990083    -0.128347    0.0571177   -0.0977628     0.337505    -0.936233     0.100885    -0.932533    -0.346706 -0.000205434     0.334354     0.162262 0.00262424 0.915663 0.253296 0.21697
1  -0.996539  -0.069096  0.0462122 -0.0657164    0.31443  -0.947003  0.0509037  -0.946763  -0.317882 0.00962201   0.338783    0.15316 0.00246791 0.919679 0.248934 0.125456
1  -0.994695 -0.0909791  0.0480171  -0.075226   0.324894  -0.942754  0.0701704  -0.941364  -0.330015 0.00597274   0.336905   0.157122 0.00255433 0.923695 0.366551 0.156609
0   -0.999555 -0.00311909   0.0296688  -0.0293484    0.281214   -0.959196 -0.00535147    -0.95964    -0.28118   0.0212632    0.343253    0.141627 0.00301975 0.88755 0.0905466 0.0728811
1  -0.994548 -0.0927139  0.0477297  -0.075871   0.329363   -0.94115  0.0715373   -0.93964  -0.334602 0.00564701   0.336156   0.158651 0.00256549 0.923695 0.300572 0.111099
1  -0.995428 -0.0824484  0.0482309 -0.0720516    0.31662  -0.945812  0.0627098  -0.944962  -0.321113 0.00752289   0.338325    0.15427 0.0025746 0.926372 0.11951 0.0783
1  -0.992838  -0.107911  0.0512597 -0.0856344   0.343652  -0.935184   0.083301  -0.932876  -0.350432 0.00331559   0.333494   0.163765 0.00250045 0.907631 0.204781 0.148997
1  -0.994549 -0.0928017  0.0475417 -0.0755913   0.327642  -0.941773  0.0718215  -0.940233  -0.332871 0.00554478   0.336436   0.158241 0.00252343 0.922356 0.460701 0.219512
1  -0.998472 -0.0380008  0.0401287  -0.049648   0.297774  -0.953345  0.0242785   -0.95388  -0.299205   0.015066   0.341135   0.147268 0.00286971 0.922356 -0.0324552 0.152643
0  -0.968909   0.245756 -0.0286107  0.0392461  0.0384872  -0.998488  -0.244283  -0.968567 -0.0469355  0.0805261   0.356496  0.0619149 0.00306705 0.725569 0.0742693 0.106226
1  -0.998363 -0.0372497  0.0433933 -0.0518624   0.269962  -0.961473     0.0241   -0.96215  -0.271452  0.0151873   0.345484   0.137837 0.00276192 0.927711 0.321828 0.16557
1  -0.996387 -0.0707998  0.0469056 -0.0670249   0.316345  -0.946273  0.0521576  -0.945998  -0.319948 0.00943665   0.338469    0.15382 0.00245843 0.919679 0.370842 0.322029
1  -0.996539  -0.069096  0.0462122 -0.0657164   0.314429  -0.947003  0.0509037  -0.946763  -0.317882 0.00962202   0.338783    0.15316 0.00246791 0.919679 0.351178 0.144091
1  -0.990074  -0.128318  0.0573355 -0.0978832   0.336811  -0.936471   0.100854  -0.932788  -0.346028 -0.0001899    0.33447   0.162041 0.00263963 0.917001 0.251669 0.176557
1  -0.994441 -0.0923237    0.05063 -0.0768812   0.308091  -0.948245  0.0719468  -0.946866  -0.313477 0.00545206   0.339761   0.151521 0.00257318 0.935743 0.182861 0.0970069
1  -0.992375  -0.110602  0.0543997 -0.0888122   0.335605  -0.937807  0.0854662  -0.935487  -0.342869 0.00278471   0.334918    0.16116 0.00257936 0.919679 0.258342 0.378088
1  -0.994293 -0.0947612  0.0490152 -0.0776485   0.327702  -0.941585  0.0731634  -0.940017  -0.333189 0.00537029   0.336456    0.15811 0.00252465 0.925033 0.369236 0.389512
1  -0.998557 -0.0369609  0.0389504 -0.0481539   0.295452  -0.954143   0.023758  -0.954642  -0.296805  0.0151687   0.341478   0.146673 0.0028445 0.922356 0.29532 0.272273
0   -0.986137    0.165922 -0.00166906   0.0163009   0.0868626   -0.996087   -0.165128   -0.982306  -0.0883631    0.061184    0.358761    0.076627 0.00310045 0.789826 0.126014 0.0681124
1  -0.998557 -0.0369609  0.0389504 -0.0481539   0.295452  -0.954143   0.023758  -0.954642  -0.296805  0.0151687   0.341478   0.146673 0.0028445 0.922356 0.293628 0.273342
1  -0.996571 -0.0684108   0.046545 -0.0657066   0.312404  -0.947674  0.0502903  -0.947483  -0.315828 0.00978873   0.339078   0.152514 0.00246427 0.919679 0.194698 0.229537
1  -0.994724 -0.0901812   0.048902 -0.0759039   0.326316  -0.942208  0.0690119  -0.940949  -0.331439 0.00621161   0.336648   0.157609 0.00261178 0.925033 0.142725 0.290113
1  -0.998475 -0.0361523  0.0417102 -0.0500565   0.274617   -0.96025   0.023261  -0.960874  -0.276008  0.0154037   0.344762   0.139393 0.00275892 0.925033 0.304068 0.418026
0  -0.998677 -0.0275772  0.0433908 -0.0487752   0.241353  -0.969211  0.0162557  -0.970046  -0.242379  0.0178503   0.349614   0.128281 0.00265228 0.935743 0.22582 0.189826
1  -0.994551 -0.0932276   0.046648  -0.075087   0.330227   -0.94091  0.0723144  -0.939286  -0.335428 0.00545522   0.335991    0.15903 0.00250434 0.919679 0.289029 0.163077
1  -0.996539  -0.069096  0.0462123 -0.0657164   0.314429  -0.947003  0.0509037  -0.946763  -0.317882 0.00962202   0.338783    0.15316 0.00246791 0.919679 0.194647 0.116207
1  -0.994293 -0.0947612  0.0490152 -0.0776485   0.327701  -0.941585  0.0731634  -0.940017  -0.333189 0.00537028   0.336456    0.15811 0.00252466 0.925033 0.306133 0.228141
1   -0.99471 -0.0906912  0.0482376 -0.0753871   0.325539  -0.942518  0.0697749  -0.941169  -0.330654  0.0060588    0.33681   0.157318 0.00255928 0.923695 0.326182 0.21062
1  -0.994558 -0.0919991  0.0489026 -0.0766839   0.328615  -0.941346  0.0705329  -0.939973  -0.333881 0.00593028   0.336252   0.158378 0.00256939 0.922356 0.127958 0.655705
1  -0.996519 -0.0692341  0.0464311 -0.0658063   0.311421  -0.947991  0.0511737  -0.947747  -0.314893 0.00950423   0.339269    0.15232 0.00243336 0.919679 0.318434 0.308464
1  -0.996539  -0.069096  0.0462122 -0.0657164   0.314429  -0.947003  0.0509037  -0.946763  -0.317882 0.00962201   0.338783    0.15316 0.00246791 0.919679 0.532572 0.404131
1  -0.996534 -0.0688123  0.0467474  -0.066053   0.312903  -0.947485  0.0505712  -0.947289  -0.316364 0.00971349   0.338986   0.152688 0.0024728 0.919679 0.222737 0.134341
1  -0.993711  -0.100047  0.0502907 -0.0808456   0.330272  -0.940417  0.0774767  -0.938569  -0.336283 0.00442323   0.335969   0.159079 0.00249912 0.922356 0.243101 0.064375
1  -0.996534 -0.0688123  0.0467474  -0.066053   0.312903  -0.947485  0.0505712  -0.947289  -0.316364  0.0097135   0.338986   0.152688 0.0024728 0.919679 0.254714 0.342727
1  -0.996539  -0.069096  0.0462122 -0.0657164   0.314429  -0.947003  0.0509037  -0.946763  -0.317882 0.00962201   0.338783    0.15316 0.00246792 0.919679 0.255168 0.214748
1    -0.990074    -0.128317    0.0573355   -0.0978832     0.336811    -0.936471     0.100854    -0.932788    -0.346028 -0.000189881      0.33447     0.162041 0.00263964 0.917001 0.304444 0.416442
1  -0.994558 -0.0919991  0.0489026 -0.0766839   0.328615  -0.941346  0.0705329  -0.939973  -0.333881 0.00593027   0.336252   0.158378 0.00256939 0.922356 0.262439 0.253663
1  -0.994724 -0.0901812   0.048902 -0.0759039   0.326316  -0.942208  0.0690119  -0.940949  -0.331439 0.00621161   0.336648   0.157609 0.00261179 0.925033 0.0863312 0.846028
1  -0.998363 -0.0372497  0.0433934 -0.0518624   0.269962  -0.961473     0.0241   -0.96215  -0.271452  0.0151873   0.345484   0.137837 0.00276192 0.927711 0.244225 0.188846
1  -0.996539  -0.069096  0.0462123 -0.0657164   0.314429  -0.947003  0.0509037  -0.946763  -0.317882 0.00962202   0.338783    0.15316 0.0024679 0.919679 0.311297 0.260275
0  -0.998483  0.0502312  0.0225479 -0.0136317   0.171241  -0.985135 -0.0533457  -0.983948  -0.170296  0.0336631   0.356515   0.104498 0.00296532 0.88755 0.291545 0.12512
1  -0.996519 -0.0692341  0.0464311 -0.0658062   0.311421  -0.947991  0.0511737  -0.947747  -0.314893 0.00950423   0.339269    0.15232 0.00243337 0.919679 0.159609 0.119966
0   -0.997344   0.0702606   0.0192054 -0.00416542    0.208224   -0.978072   -0.072719   -0.975554   -0.207378   0.0369526    0.351339    0.116846 0.00357384 0.860776 0.139636 0.150785
1  -0.991644   -0.11454  0.0593474 -0.0937895   0.324269  -0.941304  0.0885726  -0.939005  -0.332302 0.00208694   0.336884   0.157392 0.00267917 0.934404 0.458038 0.33404
0   -0.99453   0.104343 0.00482502   0.016204    0.19975  -0.979713   -0.10319  -0.974275  -0.200348  0.0438276   0.350916   0.114709 0.0037563 0.838019 -0.0210144 0.19853
1  -0.994684 -0.0901803  0.0497078 -0.0764284   0.323057  -0.943288  0.0690076  -0.942073  -0.328232 0.00622023   0.337192   0.156634 0.00257502 0.925033 0.490105 0.216592
1  -0.996534 -0.0688123  0.0467474  -0.066053   0.312903  -0.947485  0.0505712  -0.947289  -0.316364 0.00971349   0.338986   0.152688 0.00247279 0.919679 0.123319 0.140496
1  -0.994441 -0.0923237    0.05063 -0.0768812   0.308091  -0.948245  0.0719468  -0.946866  -0.313477 0.00545205   0.339761   0.151521 0.00257317 0.935743 0.198318 0.107504
0   -0.99968 0.00588459  0.0246008 -0.0221118    0.26901  -0.962884  -0.012284  -0.963119  -0.268794  0.0231524   0.344861   0.137526 0.00305481 0.89826 0.0927263 0.0720801
1  -0.994377 -0.0932778  0.0501295  -0.076522   0.305719  -0.949042   0.073199  -0.947542  -0.311138 0.00512266   0.340138   0.150743 0.00254921 0.935743 0.309045 0.27695
1   -0.99471 -0.0906912  0.0482376 -0.0753871   0.325539  -0.942518  0.0697749  -0.941169  -0.330654  0.0060588    0.33681   0.157318 0.00255927 0.923695 0.258852 0.124802
1  -0.996519 -0.0692341  0.0464311 -0.0658062   0.311421  -0.947991  0.0511737  -0.947747  -0.314893 0.00950423   0.339269    0.15232 0.00243336 0.919679 0.435329 0.283302
1  -0.994441 -0.0923237    0.05063 -0.0768812   0.308091  -0.948245  0.0719468  -0.946866  -0.313477 0.00545205   0.339761   0.151521 0.00257317 0.935743 0.413973 0.221646
1  -0.994724 -0.0901812   0.048902 -0.0759039   0.326316  -0.942208  0.0690119  -0.940949  -0.331439 0.00621161   0.336648   0.157609 0.00261179 0.925033 0.160002 0.330116
0  -0.999643 0.00426998  0.0263871  -0.024153    0.27863  -0.960095 -0.0114518  -0.960389  -0.278428  0.0230011   0.343491   0.140676 0.00307512 0.894244 0.128225 0.0820877
0   0.992617   -0.11411  -0.041115   0.073758   0.298781   0.951467 -0.0962875  -0.947475   0.304992 0.00693724    0.34076  -0.149267 0.00230546 0.941098 0.372565 0.96255
1  -0.996534 -0.0688123  0.0467474  -0.066053   0.312903  -0.947485  0.0505712  -0.947289  -0.316364  0.0097135   0.338986   0.152688 0.00247279 0.919679 0.120479 0.433168
1   -0.99654 -0.0690782  0.0462101 -0.0657119   0.314488  -0.946984  0.0508834  -0.946745  -0.317939 0.00962987   0.338773   0.153178 0.00246876 0.919679 0.434478 0.328008
1  -0.998504 -0.0369495  0.0403081 -0.0493389   0.291016  -0.955445  0.0235729  -0.956005  -0.292403  0.0152705   0.342143   0.145031 0.00283987 0.922356 0.146353 0.178062
1  -0.996539  -0.069096  0.0462122 -0.0657164   0.314429  -0.947003  0.0509037  -0.946763  -0.317882 0.00962201   0.338783    0.15316 0.00246791 0.919679 0.26613 0.299184
1  -0.998504 -0.0369495  0.0403081 -0.0493389   0.291016  -0.955445  0.0235729  -0.956005  -0.292403  0.0152705   0.342143   0.145031 0.00283988 0.922356 0.245439 0.143847
1  -0.994553 -0.0931747   0.046723 -0.0751258   0.330041  -0.940972  0.0722544  -0.939357  -0.335243 0.00547532    0.33602   0.158969 0.00250452 0.919679 0.274168 0.297657
0  -0.999543 0.00110134  0.0302051 -0.0289123   0.256496  -0.966113 -0.0088115  -0.966545  -0.256347  0.0223329   0.346913   0.133069 0.00296576 0.902276 0.145586 0.0688205
1  -0.996539  -0.069096  0.0462123 -0.0657164   0.314429  -0.947003  0.0509037  -0.946763  -0.317882 0.00962201   0.338783    0.15316 0.00246791 0.919679 0.294701 0.238578
1  -0.998687  -0.033955  0.0383528 -0.0463812   0.281635    -0.9584   0.021741  -0.958921   -0.28284  0.0157233   0.343646   0.141791 0.00283621 0.926372 0.314406 0.234011
1  -0.996534 -0.0688123  0.0467474  -0.066053   0.312903  -0.947485  0.0505712  -0.947289  -0.316364  0.0097135   0.338986   0.152688 0.00247279 0.919679 0.214042 0.152968
1  -0.995405 -0.0829065  0.0479163 -0.0719865   0.317904  -0.945386  0.0631459  -0.944491  -0.322412 0.00743012    0.33812   0.154692 0.00260177 0.927711 0.0127438 0.0732555
1  -0.995955 -0.0753105  0.0490046 -0.0706226    0.31896  -0.945133   0.055548  -0.944771  -0.322988 0.00891697   0.338018   0.154779 0.00254223 0.925033 0.224389 0.165954
0   -0.999603 0.000690825   0.0281609  -0.0268134    0.283091   -0.958718 -0.00863439   -0.959093    -0.28296   0.0222121    0.342857    0.142156 0.00302436 0.886212 0.124628 0.102627
1  -0.996539  -0.069096  0.0462122 -0.0657164   0.314429  -0.947003  0.0509037  -0.946763  -0.317882 0.00962202   0.338783    0.15316 0.00246792 0.919679 0.256418 0.291847
1   -0.99471 -0.0906912  0.0482376 -0.0753871   0.325539  -0.942518  0.0697749  -0.941169  -0.330654 0.00605881    0.33681   0.157318 0.00255929 0.923695 0.244924 0.159515
1  -0.995016 -0.0876812  0.0474864 -0.0733235   0.320636   -0.94436  0.0675768  -0.943135  -0.325467  0.0065562   0.337665   0.155663 0.00256751 0.926372 0.255487 0.118652
1  -0.996539  -0.069096  0.0462122 -0.0657164   0.314429  -0.947003  0.0509037  -0.946763  -0.317882 0.00962201   0.338783    0.15316 0.00246791 0.919679 0.149534 0.112059
1   -0.99654 -0.0690782  0.0462101 -0.0657119   0.314488  -0.946984  0.0508834  -0.946745  -0.317939 0.00962987   0.338773   0.153178 0.00246876 0.919679 0.213094 0.167979
1  -0.996539 -0.0690961  0.0462122 -0.0657164   0.314429  -0.947003  0.0509037  -0.946763  -0.317882   0.009622   0.338783    0.15316 0.00246791 0.919679 0.292288 0.29086
0  -0.999112  0.0366103  0.0208319 -0.0108965   0.253087  -0.967382 -0.0406885  -0.966751  -0.252463  0.0292743   0.346522   0.132148 0.00335935 0.879518 0.0669488 0.187081
1  -0.994294 -0.0948664  0.0487931  -0.077513   0.328207   -0.94142  0.0732948   -0.93983  -0.333688  0.0053119   0.336358   0.158304 0.00253478 0.925033 0.231429 0.164282
1  -0.995189 -0.0858423  0.0472324 -0.0724379   0.320028  -0.944635  0.0659739  -0.943511  -0.324707 0.00683757   0.337744   0.155455 0.00259398 0.926372 0.205389 0.18999
0   -0.88437  0.0792717   0.460007  -0.371078  -0.717241  -0.589802   0.283181  -0.692302   0.663722 -0.0388582   0.288223  -0.224616 0.00383653 0.572959 0.106688 0.0701669
1   -0.99471 -0.0906912  0.0482376 -0.0753871   0.325539  -0.942518  0.0697749  -0.941169  -0.330654  0.0060588    0.33681   0.157318 0.00255927 0.923695 0.394575 0.256639
0    -0.989367     0.145441 -0.000920148    0.0256687     0.168378    -0.985388    -0.143161    -0.974934    -0.170321    0.0535056      0.35242     0.104558 0.00380978 0.809906 -0.0428153 0.255621
1  -0.993238  -0.104327  0.0509234 -0.0839314   0.342262  -0.935849  0.0802055  -0.933795  -0.348704  0.0039635   0.333803   0.163121 0.00260253 0.917001 0.350672 1.18161
1    -0.989824    -0.130083    0.0576857   -0.0987667     0.336196    -0.936599     0.102442    -0.932765    -0.345622 -0.000535465      0.33459     0.161796 0.00268715 0.921017 0.475656 0.350073
1  -0.996572 -0.0684207  0.0465169 -0.0656793   0.312332    -0.9477  0.0503136  -0.947506  -0.315755 0.00978238   0.339088   0.152491 0.00246438 0.919679 0.187152 0.293516
1  -0.998472 -0.0380007  0.0401287  -0.049648   0.297774  -0.953345  0.0242785   -0.95388  -0.299205  0.0150661   0.341136   0.147268 0.00286971 0.922356 0.0212888 0.106761
1  -0.994551 -0.0932277   0.046648  -0.075087   0.330227   -0.94091  0.0723144  -0.939286  -0.335428 0.00545521   0.335991    0.15903 0.00250435 0.919679 0.12615 0.0504613
1  -0.998475 -0.0361523  0.0417102 -0.0500565   0.274617   -0.96025   0.023261  -0.960874  -0.276008  0.0154037   0.344762   0.139393 0.00275893 0.925033 0.23085 0.111214
1  -0.998504 -0.0369495  0.0403081 -0.0493389   0.291016  -0.955445  0.0235729  -0.956005  -0.292403  0.0152705   0.342143   0.145031 0.00283987 0.922356 0.170713 0.144228
1  -0.994551 -0.0932276   0.046648 -0.0750869   0.330227   -0.94091  0.0723144  -0.939286  -0.335428 0.00545522   0.335991    0.15903 0.00250435 0.919679 0.322474 0.453215
1  -0.996539  -0.069096  0.0462122 -0.0657164   0.314429  -0.947003  0.0509037  -0.946763  -0.317882 0.00962201   0.338783    0.15316 0.00246791 0.919679 0.216272 0.0970236
1  -0.996519 -0.0692341  0.0464311 -0.0658062   0.311421  -0.947991  0.0511737  -0.947747  -0.314893 0.00950423   0.339269    0.15232 0.00243336 0.919679 0.421056 0.321481
1   -0.99654 -0.0690782  0.0462101 -0.0657119   0.314488  -0.946984  0.0508834  -0.946745  -0.317939 0.00962988   0.338773   0.153178 0.00246876 0.919679 0.205482 0.131365
1  -0.994568 -0.0919457  0.0487992 -0.0765258   0.328052  -0.941555  0.0705632  -0.940174  -0.333306 0.00593857   0.336366   0.158183 0.00257093 0.923695 0.28325 0.703385
1  -0.996539  -0.069096  0.0462122 -0.0657164   0.314429  -0.947003  0.0509037  -0.946763  -0.317882 0.00962201   0.338783    0.15316 0.00246792 0.919679 0.215152 0.218912
1  -0.994637 -0.0908194  0.0494897 -0.0766686    0.32625  -0.942169  0.0694212  -0.940911  -0.331463 0.00612195    0.33665   0.157712 0.00258294 0.923695 0.29108 0.366928
1  -0.992717  -0.106504  0.0563074 -0.0875624   0.316857  -0.944423  0.0827435  -0.942475  -0.323875 0.00311184   0.338289   0.154711 0.00255267 0.935743 0.369158 0.30186
1  -0.991491  -0.117246   0.056554 -0.0927574   0.331534  -0.938872  0.0913296  -0.936129  -0.339589 0.00174785   0.335449   0.160118 0.00259692 0.915663 0.252928 0.112145
1  -0.998504 -0.0369495  0.0403081 -0.0493389   0.291016  -0.955445  0.0235729  -0.956005  -0.292403  0.0152706   0.342143   0.145031 0.00283988 0.922356 0.14076 0.15786
1  -0.998687 -0.0339551  0.0383528 -0.0463812   0.281635    -0.9584   0.021741  -0.958921   -0.28284  0.0157233   0.343646   0.141791 0.00283621 0.926372 0.205647 0.106464
1   -0.99471 -0.0906912  0.0482376 -0.0753872   0.325539  -0.942518  0.0697749  -0.941169  -0.330654  0.0060588    0.33681   0.157318 0.00255929 0.923695 0.196143 0.168576
1  -0.998504 -0.0369495  0.0403081 -0.0493389   0.291016  -0.955445  0.0235729  -0.956005  -0.292403  0.0152705   0.342143   0.145031 0.00283988 0.922356 0.142327 0.127286
