1  -0.995249 -0.0857778  0.0460542 -0.0711855   0.318422  -0.945272  0.0664187   -0.94406  -0.323016 0.00660955   0.337982   0.154933 0.00260496 0.926372 0.238139 6.58671
1   -0.99504 -0.0872137  0.0478451 -0.0736543   0.322658  -0.943646  0.0668612  -0.942489  -0.327481 0.00668853   0.337324   0.156363 0.00254997 0.923695 0.302388 5.94265
1  -0.994305  -0.094685  0.0489091 -0.0774269   0.326473   -0.94203  0.0732287  -0.940452  -0.331945 0.00534371   0.336635   0.157763 0.00252501 0.925033 0.205322 3.78103
1  -0.994255  -0.095239  0.0488461 -0.0775184    0.32604  -0.942172  0.0738058  -0.940546   -0.33155 0.00515976   0.336739   0.157636 0.0024998 0.925033 0.328631 4.96203
1  -0.995044 -0.0861075  0.0497346 -0.0754174   0.327522  -0.941829  0.0648094  -0.940912  -0.332393 0.00721103    0.33644   0.157912 0.00265358 0.923695 0.263455 3.18204
1  -0.994712 -0.0904068  0.0487399 -0.0759061   0.327409  -0.941829  0.0691898  -0.940548   -0.33254  0.0062152   0.336537   0.157901 0.00258092 0.925033 0.323856 6.52522
1  -0.993851 -0.0962448  0.0547401 -0.0793434   0.274233  -0.958385   0.077228  -0.956835  -0.280183 0.00499374   0.345374   0.140442 0.00279699 0.970549 0.126694 11.2389
1  -0.994498 -0.0936537  0.0469298 -0.0758728   0.335089  -0.939127   0.072227   -0.93752  -0.340351 0.00545202   0.335244   0.160625 0.00248972 0.91834 0.400501 7.60086
1  -0.990721   -0.12275  0.0583414 -0.0961028   0.329184  -0.939362  0.0961016  -0.936253  -0.337927 0.00060176   0.335798   0.159454 0.00261732 0.91834 0.29473 5.44581
1  -0.994381 -0.0939853  0.0487114 -0.0771178   0.327927   -0.94155  0.0725181  -0.940016  -0.333333 0.00548199   0.336362   0.158203 0.00255308 0.923695 0.477509 6.27328
1  -0.994718  -0.089985  0.0493906 -0.0760167   0.322423  -0.943539  0.0689797  -0.942309   -0.32756 0.00619068   0.337275   0.156459 0.00256371 0.923695 0.360718 7.1232
1  -0.994695 -0.0902569  0.0493516 -0.0764763   0.327973  -0.941587  0.0687987  -0.940366  -0.333135 0.00628216   0.336376   0.158144 0.00260474 0.923695 0.2044 5.89739
1  -0.996542 -0.0688912  0.0464644 -0.0659905   0.316298  -0.946362  0.0504994  -0.946155  -0.319751 0.00972946   0.338493   0.153803 0.00247529 0.919679 0.287451 7.30444
1  -0.996643 -0.0680963  0.0454387 -0.0645975   0.313206  -0.947486  0.0502886  -0.947241  -0.316553 0.00974277   0.338945   0.152763 0.00248268 0.919679 0.294975 2.94844
1  -0.996561 -0.0684632  0.0466691 -0.0659392   0.314249  -0.947048  0.0501722  -0.946869  -0.317683  0.0098525   0.338812    0.15309 0.00246352 0.919679 0.438017 3.10665
1  -0.994514 -0.0927389  0.0483831 -0.0764412   0.328619  -0.941364  0.0714014  -0.939898  -0.333906 0.00569685   0.336286   0.158334 0.00256779 0.923695 0.214401 8.64921
1    -0.9965 -0.0691945  0.0469017 -0.0662988   0.312488  -0.947605  0.0509129  -0.947398  -0.315982 0.00968574   0.339045   0.152567 0.00246206 0.919679 0.170705 3.04795
1  -0.994542 -0.0920892  0.0490435 -0.0767171   0.326879  -0.941947  0.0707119  -0.940569   -0.33216 0.00585765   0.336575   0.157813 0.00255897 0.923695 0.302504 2.91104
1  -0.994521 -0.0929602  0.0478084 -0.0757362   0.325541   -0.94249  0.0720505  -0.940947  -0.330797 0.00547075   0.336769   0.157589 0.00253518 0.923695 0.217632 6.40973
1  -0.992693  -0.108682  0.0524297 -0.0873216   0.347139   -0.93374  0.0832806  -0.931495  -0.354093 0.00338192   0.332939    0.16475 0.00255489 0.910308 0.416264 7.1209
1  -0.994217 -0.0965978  0.0469251 -0.0764163   0.329328  -0.941118  0.0754562  -0.939262  -0.334805 0.00465209   0.336151   0.158877 0.00249779 0.922356 0.490577 7.40059
1  -0.994585 -0.0921908  0.0479767 -0.0757869   0.327489  -0.941811  0.0711144  -0.940347  -0.332702 0.00570432   0.336454   0.158065 0.00254974 0.922356 0.363999 6.56383
1    -0.9944 -0.0940769  0.0481558 -0.0766798   0.328667  -0.941328    0.07273  -0.939749   -0.33404 0.00544288   0.336222   0.158432 0.00256679 0.923695 0.322016 3.58132
1   -0.99152  -0.117348  0.0558357 -0.0919793   0.330177  -0.939427  0.0918046  -0.936596  -0.338171  0.0015445   0.335711    0.15958 0.00266057 0.921017 0.201801 2.7432
1  -0.992233  -0.112051  0.0540272 -0.0884165   0.329749  -0.939919  0.0875031  -0.937395  -0.337095 0.00240261   0.335757     0.1594 0.00262386 0.91834 0.21978 3.39863
1  -0.996515 -0.0688118  0.0471403 -0.0663825   0.312079  -0.947734  0.0505038  -0.947561  -0.315559 0.00976092   0.339147   0.152377 0.00245303 0.919679 0.343837 2.66438
1  -0.996546 -0.0689246   0.046313 -0.0657461   0.314217  -0.947072  0.0507242  -0.946846  -0.317664 0.00968506   0.338807   0.153095 0.00246859 0.919679 0.250334 2.86375
1  -0.991251  -0.119489  0.0560616 -0.0932035   0.332951  -0.938327   0.093454  -0.935343  -0.341175 0.00120334   0.335234   0.160492 0.00266739 0.919679 0.272078 5.18873
1  -0.991589  -0.116772  0.0558242 -0.0914868   0.327261  -0.940495  0.0915543  -0.937691  -0.335191 0.00158727   0.336213    0.15879 0.0025574 0.917001 0.391182 4.86525
1  -0.996523  -0.069346  0.0461891 -0.0656197   0.311573  -0.947954  0.0513455  -0.947688   -0.31504 0.00945519   0.339284   0.152364 0.0024173 0.919679 0.295869 4.23331
1  -0.994703 -0.0914096  0.0470179 -0.0745994    0.32725  -0.941988  0.0707202  -0.940506  -0.332336  0.0058633   0.336519   0.157943 0.00255152 0.923695 0.203057 3.57649
1  -0.991478  -0.117949  0.0553042 -0.0925876   0.339378  -0.936082  0.0916412  -0.933226  -0.347406 0.00160274   0.334126   0.162498 0.00264046 0.912985 0.294947 5.56436
1  -0.994752 -0.0923155  0.0441146 -0.0722583    0.32862  -0.941694  0.0724361   -0.93994  -0.333566 0.00526251   0.336288   0.158475 0.00252094 0.921017 0.213833 4.28528
1  -0.996542 -0.0690321   0.046244 -0.0656647   0.313285  -0.947386  0.0509125  -0.947147  -0.316735 0.00961475   0.338952   0.152791 0.00246632 0.919679 0.177868 2.95804
1  -0.994569 -0.0919563  0.0487429 -0.0763979   0.327011  -0.941927  0.0706767  -0.940536   -0.33226 0.00589491   0.336544   0.157866 0.00255874 0.923695 0.312827 6.08684
1  -0.994593 -0.0918797   0.048413 -0.0760967   0.327502  -0.941781  0.0706752  -0.940373  -0.332723 0.00600823   0.336462   0.158032 0.00254386 0.923695 0.234639 3.26121
1  -0.991952  -0.114199  0.0546762 -0.0881556    0.31297  -0.945663  0.0908815  -0.942872  -0.320519 0.00154828   0.338554   0.153921 0.00270981 0.934404 0.29868 5.81126
1  -0.992595  -0.108968  0.0536837 -0.0870124   0.329422  -0.940165  0.0847634  -0.937874  -0.336465 0.00291672   0.335897   0.159191 0.002608 0.922356 0.315209 4.25676
1  -0.996281  -0.072547  0.0464971   -0.06747   0.321122  -0.944632   0.053599  -0.944255  -0.324822 0.00903701   0.337721   0.155391 0.00248571 0.919679 0.310942 2.76073
1  -0.992465  -0.109863  0.0542597 -0.0885454   0.336942  -0.937352  0.0846984  -0.935094  -0.344131 0.00298172   0.334696   0.161539 0.00258997 0.919679 0.0509377 2.60316
1  -0.991543  -0.117303  0.0555176 -0.0913821   0.327323  -0.940483  0.0921491  -0.937603  -0.335275 0.00140541   0.336185   0.158656 0.00271824 0.926372 0.260897 2.78238
1  -0.996453 -0.0697261  0.0471206 -0.0666528   0.312068  -0.947719  0.0513759  -0.947498  -0.315608 0.00958428   0.339126   0.152413 0.00244888 0.919679 0.1917 2.57728
1  -0.994546 -0.0927321  0.0477316 -0.0758389   0.328839  -0.941336  0.0715961  -0.939822  -0.334078 0.00562093   0.336246   0.158592 0.00255007 0.923695 0.488279 6.66082
1  -0.994538 -0.0928762  0.0476161  -0.075654   0.327215  -0.941917   0.071901  -0.940375  -0.332454  0.0055434   0.336563   0.157936 0.00252189 0.923695 0.341888 7.21973
1  -0.996957 -0.0650575   0.042935 -0.0611034   0.310278   -0.94868   0.048397  -0.948417  -0.313309   0.010169   0.339335   0.151894 0.00254225 0.921017 0.224929 6.38467
1  -0.996524 -0.0691663  0.0464371 -0.0657681   0.311005   -0.94813  0.0511365  -0.947888  -0.314473 0.00960871   0.339263   0.152107 0.00246038 0.919679 0.391493 13.1444
1  -0.991707   -0.11604  0.0552476 -0.0903479   0.323722  -0.941829  0.0914052  -0.939009  -0.331522 0.00159706   0.336796   0.157448 0.00270761 0.927711 0.285619 4.42537
1  -0.991482   -0.11791  0.0553288 -0.0921112   0.334435  -0.937907  0.0920848  -0.935014  -0.342447 0.00143573   0.335096   0.160894 0.00274268 0.927711 0.235975 6.20716
1  -0.994602 -0.0923315    0.04734 -0.0752363   0.327557  -0.941831  0.0714541  -0.940309  -0.332736 0.00572002   0.336429     0.1581 0.00251668 0.921017 0.242436 3.46328
1  -0.994687  -0.090714  0.0486657 -0.0752747   0.318456  -0.944944  0.0702218  -0.943587  -0.323593 0.00600472   0.337904   0.155099 0.00252656 0.923695 0.302918 2.59044
1  -0.994789 -0.0912312  0.0455076 -0.0727689   0.322752  -0.943682  0.0714056  -0.942077  -0.327709 0.00566417   0.337386   0.156384 0.00249075 0.925033 0.284401 3.45948
1  -0.994722 -0.0901431  0.0490072 -0.0757771   0.323402  -0.943223  0.0691761  -0.941958  -0.328526 0.00621279   0.336733   0.156825 0.00265572 0.910308 0.110874 2.8654
1  -0.991943  -0.112201  0.0588266 -0.0929901   0.329492  -0.939568  0.0860372  -0.937468  -0.337271 0.00267734   0.336059   0.159041 0.0026537 0.931727 0.252728 5.4086
1  -0.996573 -0.0688518  0.0458544 -0.0652855   0.314189  -0.947113  0.0508035   -0.94686  -0.317607 0.00963668   0.338826   0.153084 0.00246577 0.919679 0.263642 5.03473
1  -0.996558 -0.0688105  0.0462371  -0.065563   0.312822  -0.947546  0.0507371  -0.947316  -0.316257 0.00975238   0.339016   0.152653 0.00245364 0.919679 0.246817 4.59083
1  -0.991591  -0.116923  0.0554568 -0.0908402   0.323696   -0.94179  0.0921661  -0.938909  -0.331596 0.00133123   0.336783   0.157499 0.00268638 0.926372 0.168327 4.93336
1  -0.992133  -0.111829  0.0562717 -0.0907763   0.333105   -0.93851  0.0862079  -0.936235  -0.340635 0.00268067    0.33532   0.160378 0.00256781 0.919679 0.438009 4.67284
1  -0.996547 -0.0688601  0.0463983 -0.0656825   0.311899  -0.947842   0.050797  -0.947617  -0.315345 0.00965033   0.339152   0.152364 0.00246208 0.919679 0.293613 6.81739
1  -0.994531 -0.0936733  0.0461784 -0.0750839   0.333977  -0.939586  0.0725916  -0.937915  -0.339184 0.00539755   0.335352   0.160181 0.00256495 0.921017 0.300253 2.42562
1   -0.99144  -0.118184  0.0554967 -0.0921363   0.332123  -0.938725  0.0925103  -0.935803  -0.340168 0.00130885   0.335435   0.160181 0.00272846 0.926372 0.25748 3.93179
1  -0.996544 -0.0688134  0.0465288 -0.0658895   0.313727  -0.947224  0.0505844  -0.947016  -0.317177 0.00972007   0.338896   0.152944 0.00245861 0.919679 0.254341 4.3895
1  -0.996509 -0.0690091  0.0469872 -0.0662239   0.310669  -0.948208  0.0508375   -0.94801  -0.314155 0.00972441   0.339372   0.151964 0.00242855 0.919679 0.221993 2.80791
1  -0.996591 -0.0686082  0.0458107 -0.0649355   0.309876  -0.948557  0.0508832  -0.948298  -0.313275 0.00960644   0.339506   0.151714 0.00243387 0.919679 0.355345 5.2388
1  -0.993897 -0.0964764   0.053491 -0.0787958   0.281528  -0.956312  0.0772023  -0.954691  -0.287412 0.00496167   0.344341   0.142822 0.00276969 0.967871 0.39246 9.97184
1  -0.992792  -0.108509   0.050886 -0.0857036   0.345981  -0.934319  0.0837767  -0.931946  -0.352787 0.00319528    0.33308   0.164487 0.00253574 0.907631 0.277847 2.57499
1  -0.996519   -0.06905  0.0467184 -0.0659548   0.310183  -0.948386  0.0509948  -0.948166  -0.313657 0.00961346   0.339444   0.151804 0.00243673 0.919679 0.269898 5.35349
1  -0.994481 -0.0934424  0.0477036 -0.0760142   0.328354  -0.941491  0.0723116  -0.939921  -0.333645 0.00549679   0.336299    0.15842 0.00252961 0.922356 0.325274 5.24834
1  -0.994566  -0.091846  0.0490172 -0.0766119   0.326893  -0.941951   0.070491  -0.940588  -0.332153 0.00592219   0.336545   0.157784 0.00257985 0.923695 0.0596511 6.28121
1  -0.994363 -0.0941961  0.0486752 -0.0771827   0.328293  -0.941417  0.0726981  -0.939867  -0.333713 0.00547452   0.336311   0.158332 0.00254102 0.923695 0.220665 4.31395
1  -0.991693  -0.115874  0.0558453 -0.0912465   0.327716   -0.94036  0.0906621  -0.937644  -0.335566 0.00172072   0.336167   0.158724 0.0026821 0.926372 0.2856 2.86386
1  -0.991753  -0.116392  0.0536543 -0.0886858   0.321008  -0.942915  0.0925248  -0.939897  -0.328683 0.00113398   0.337222   0.156586 0.00270175 0.927711 0.402988 5.96357
1  -0.994473 -0.0938332  0.0471142 -0.0763647   0.338414  -0.937894  0.0720615  -0.936307  -0.343709 0.00550331   0.334687   0.161446 0.00262624 0.923695 0.348989 5.61941
1  -0.995018 -0.0893261  0.0442657 -0.0706561   0.318633  -0.945241  0.0703302   -0.94366  -0.323358  0.0058622   0.337952   0.155111 0.00251398 0.923695 0.145994 2.23927
1   -0.99671 -0.0676008  0.0447237 -0.0638914    0.31569  -0.946709  0.0498794  -0.946451   -0.31897 0.00977384   0.338602   0.153647 0.00248454 0.919679 0.324634 3.66967
1  -0.996574 -0.0688103  0.0458807 -0.0650937   0.310397  -0.948376  0.0510168  -0.948113  -0.313813 0.00949917   0.339446   0.151974 0.00242729 0.919679 0.0467267 3.94439
1  -0.993933 -0.0960615  0.0535623 -0.0784412   0.277765  -0.957441  0.0770955  -0.955834  -0.283615 0.00498915   0.344886   0.141591 0.00280452 0.970549 0.186141 4.15258
1  -0.995309 -0.0863288  0.0436665 -0.0689901   0.316937  -0.945934  0.0678218  -0.944509  -0.321407 0.00623207   0.338266   0.154443 0.00257859 0.926372 0.28436 3.24077
1  -0.991953  -0.114049  0.0549743 -0.0896864   0.326507   -0.94093  0.0893624  -0.938289  -0.334108 0.00209303   0.336377   0.158303 0.00265883 0.925033 0.128189 2.91541
1  -0.994476 -0.0932601  0.0481585 -0.0763932   0.328479  -0.941417  0.0719776  -0.939896  -0.333789  0.0056023   0.336263   0.158359 0.00255148 0.922356 0.215333 6.18262
1   -0.99471 -0.0899332  0.0496298 -0.0764328    0.32525  -0.942534  0.0686231  -0.941342  -0.330403 0.00629884   0.336848   0.157314 0.00258952 0.925033 0.245072 3.01795
1  -0.997322 -0.0558877  0.0471819 -0.0594214   0.242995  -0.968206  0.0426458  -0.968416  -0.245666  0.0121469   0.349776   0.129323 0.00270926 0.958501 0.43979 6.54984
1    -0.99179   -0.116268   0.0532373  -0.0877714    0.316175   -0.944632   0.0929983   -0.941549   -0.323784 0.000986787     0.33811    0.155108 0.00270376 0.934404 0.251441 6.49871
1  -0.996617 -0.0669776  0.0476309 -0.0661616   0.310002  -0.948431   0.048758  -0.948374  -0.313385  0.0102231   0.339428   0.151722 0.00248393 0.921017 0.282513 6.40276
1   -0.99271  -0.106429  0.0565629 -0.0875951   0.314738  -0.945128  0.0827868  -0.943193  -0.321766 0.00310408    0.33862   0.154049 0.00254151 0.935743 0.279455 4.99268
1  -0.997215 -0.0633428  0.0393659 -0.0576527   0.319914  -0.945691   0.047309  -0.945327  -0.322675  0.0104275   0.337663   0.155288 0.00261673 0.915663 0.374791 3.51166
1  -0.994604  -0.091827  0.0482693 -0.0755297   0.322014  -0.943717  0.0711153  -0.942271  -0.327213 0.00572732   0.337322   0.156289 0.00254495 0.923695 0.229948 5.62913
1 -0.996334 -0.071395 0.0471236 -0.067308   0.31428 -0.946941 0.0527969 -0.946642 -0.317933 0.0093286  0.338744  0.153169 0.00244818 0.91834 0.153839 4.02023
1  -0.994391 -0.0926384  0.0510408 -0.0768801   0.301646  -0.950315  0.0726394  -0.948909  -0.307076 0.00533582   0.340747   0.149592 0.00253227 0.937082 0.117509 5.12763
1  -0.994192 -0.0960848  0.0484845 -0.0775544   0.327249   -0.94175  0.0746214   -0.94004    -0.3328 0.00502059   0.336502   0.158181 0.00247112 0.922356 0.415831 5.93706
1  -0.991265  -0.118341  0.0582072 -0.0945574   0.330089  -0.939202  0.0919329  -0.936502  -0.338395  0.0015974   0.335694   0.159611 0.00267859 0.922356 0.228778 4.52805
1  -0.994599 -0.0917025  0.0486105 -0.0759434   0.323757  -0.943088  0.0707456  -0.941686  -0.328972 0.00583799   0.337018   0.156829 0.00257399 0.923695 0.0629126 2.96646
1  -0.994839 -0.0890843  0.0485755 -0.0748916   0.321665  -0.943887  0.0684605  -0.942654  -0.326676 0.00627456     0.3374   0.156072 0.00260024 0.925033 0.159896 7.88055
1  -0.991942  -0.113969  0.0553448 -0.0901803   0.328291  -0.940262  0.0889915  -0.937676  -0.335923 0.00224096   0.336058   0.158889 0.00266842 0.923695 0.190711 5.75228
0   0.998745 -0.0226802 -0.0446563   0.043833 -0.0355833   0.998405 -0.0242331  -0.999109 -0.0345445 -0.0117375   0.371465 -0.0369464 0.00490245 0.788487 -0.426308 5.29356
1  -0.994646 -0.0923556  0.0463638 -0.0744762   0.329606  -0.941177  0.0716411  -0.939591  -0.334719 0.00553354   0.336106   0.158761 0.00255849 0.922356 0.267026 2.71862
1  -0.994676 -0.0922098    0.04602 -0.0750496   0.342098  -0.936662  0.0706261  -0.935129  -0.347197 0.00590252   0.334066    0.16269 0.00261459 0.921017 0.384475 4.77717
1  -0.994711 -0.0889594  0.0513443 -0.0746121   0.282266   -0.95643  0.0705907  -0.955203  -0.287411 0.00573631   0.342933   0.143816 0.00265954 0.911647 0.314043 6.00119
1  -0.996517 -0.0688341  0.0470816 -0.0663289   0.311988  -0.947768  0.0505499  -0.947589  -0.315467 0.00971843   0.339143   0.152368 0.00248213 0.921017 0.363038 7.20316
1  -0.994473 -0.0945655  0.0456151 -0.0745921   0.330613  -0.940814  0.0738877  -0.939017  -0.335839 0.00503391   0.335958   0.159159 0.00251814 0.922356 0.161363 3.49353
1  -0.994627 -0.0911645  0.0490517 -0.0764092   0.326792  -0.942003  0.0698475  -0.940689  -0.332002 0.00600547   0.336612   0.157747 0.00256737 0.923695 0.221379 2.95626
1   -0.99155  -0.117287   0.055425 -0.0912179   0.326601   -0.94075  0.0922357  -0.937857   -0.33454 0.00134893   0.336314   0.158395 0.00272776 0.927711 0.0442692 5.95388
1  -0.991451  -0.118117  0.0554407 -0.0922754   0.334301  -0.937938  0.0922526  -0.935035  -0.342342 0.00140367   0.335064   0.160882 0.00269106 0.922356 0.307529 2.42834
1  -0.994504 -0.0930343  0.0480166 -0.0760673   0.326966   -0.94197  0.0719357  -0.940446  -0.332246 0.00563829   0.336538   0.157895 0.00253835 0.923695 0.183851 3.89671
1  -0.994607 -0.0922378  0.0474167 -0.0752392   0.327053  -0.942006  0.0713808  -0.940494  -0.332229 0.00567582    0.33654   0.158031 0.00251767 0.922356 0.383362 8.94646
1   -0.99659 -0.0688854  0.0454296 -0.0651935   0.319796  -0.945241  0.0505851  -0.944979  -0.323196 0.00972081   0.337943   0.154865 0.00250508 0.919679 0.30285 3.55075
1  -0.995285  -0.084658  0.0473338 -0.0708519   0.301314  -0.950889   0.066238  -0.949759  -0.305892 0.00665694    0.34061   0.149607 0.00252917 0.926372 0.296547 4.51434
1  -0.996924 -0.0663975  0.0416452 -0.0602462   0.309311  -0.949051  0.0501333   -0.94864  -0.312359 0.00964777   0.339602   0.151582 0.00248767 0.921017 0.393865 4.61821
1  -0.994519 -0.0928881   0.048007 -0.0761732   0.329115  -0.941213  0.0716276   -0.93971  -0.334386 0.00563642   0.336221   0.158525 0.00255443 0.923695 0.372865 7.68717
1  -0.991547  -0.117097  0.0558819  -0.091769   0.328459  -0.940049  0.0917219  -0.937232  -0.336429 0.00153648   0.336021   0.159007 0.00269116 0.925033 0.300406 8.92069
1  -0.994652 -0.0917998   0.047326 -0.0752779   0.330649  -0.940747  0.0707121  -0.939279  -0.335791 0.00585513   0.335937   0.159038 0.00257021 0.922356 0.227435 3.84617
1  -0.995015 -0.0874975  0.0478421 -0.0736419   0.321212   -0.94414  0.0672424  -0.942957  -0.326054 0.00659505   0.337536   0.155899 0.00254936 0.923695 0.168812 3.00233
1  -0.996456  -0.069458  0.0474491 -0.0670318   0.314885   -0.94676   0.050819  -0.946585  -0.318425 0.00976192    0.33867   0.153326 0.00247228 0.919679 0.232888 3.29398
1  -0.991526  -0.116331  0.0578225 -0.0931146    0.32604  -0.940759  0.0905869  -0.938171  -0.334109 0.00192818   0.336424   0.158254 0.00266103 0.925033 0.228934 7.878
1  -0.994595 -0.0919401   0.048244 -0.0759496   0.327406  -0.941827  0.0707963    -0.9404  -0.332619 0.00598444   0.336453   0.158055 0.00251105 0.921017 0.168767 3.7594
