1  -0.991819  -0.115109  0.0551777 -0.0894422   0.318267  -0.943772  0.0910753  -0.940987  -0.325959 0.00159409   0.337177   0.155946 0.00272285 0.904953 0.123223 1.73512
1  -0.996872 -0.0643824  0.0458444 -0.0629712   0.296444  -0.952972  0.0477644  -0.952878  -0.299571  0.0104215   0.341939   0.147111 0.00264576 0.946452 0.312556 2.35541
1  -0.991869  -0.111987  0.0604605 -0.0914114   0.296364  -0.950691  0.0885469  -0.948487  -0.304191 0.00195806   0.341354   0.148332 0.00269339 0.947791 0.263196 1.90146
1  -0.997886 -0.0520236  0.0389578 -0.0538361   0.325812  -0.943901  0.0364122  -0.944002  -0.327924  0.0137111   0.336577   0.156789 0.00289176 0.91834 0.20848 4.02371
1  -0.993686 -0.0987365  0.0532922 -0.0809773   0.302334  -0.949756  0.0776636  -0.948075   -0.30842  0.0044469    0.34085   0.149781 0.00258959 0.950469 0.281668 1.61636
1   -0.99706 -0.0651928  0.0402628 -0.0589163   0.316312  -0.946824  0.0489905  -0.946413  -0.319223 0.00980586   0.338405    0.15383 0.00263841 0.922356 0.287048 3.70871
1  -0.997335 -0.0585281  0.0435544 -0.0596873   0.311299  -0.948436  0.0419517  -0.948508  -0.313962  0.0119863   0.339291    0.15192 0.0027044 0.930388 0.199511 1.99921
1  -0.993978  -0.095001    0.05462  -0.078706    0.27209  -0.959048  0.0762489  -0.957571  -0.277929 0.00524595   0.345675   0.139733 0.00279411 0.970549 0.213431 1.99815
1  -0.997012 -0.0617564   0.046404  -0.062764   0.297434  -0.952677  0.0450318  -0.952743  -0.300421  0.0112824   0.341258   0.147575 0.00260125 0.927711 0.206217 2.98782
1  -0.996654 -0.0653048  0.0491504 -0.0648403   0.265611  -0.961897  0.0497617  -0.961866  -0.268957 0.00992294   0.346006   0.137316 0.00256532 0.93842 0.358006 1.87563
1  -0.992883  -0.106845  0.0526122 -0.0854564   0.331454  -0.939593  0.0829521  -0.937402  -0.338225 0.00335714    0.33562   0.159703 0.0025792 0.921017 0.216528 3.18734
1  -0.996455 -0.0683879   0.048987 -0.0673676   0.299971  -0.951567   0.050381  -0.951494  -0.303515 0.00989636   0.340683   0.148592 0.00256841 0.91834 0.28518 3.28134
1  -0.994099 -0.0957272  0.0510212 -0.0794688   0.322541  -0.943214  0.0738347  -0.941702  -0.328245 0.00525434   0.337351   0.156452 0.00245497 0.925033 0.35142 4.66942
0   0.992826  -0.113228 -0.0384306   0.041708  0.0267191   0.998773  -0.112062   -0.99321  0.0312499 0.00921597   0.368745 -0.0597166 0.00508012 0.796519 -0.275905 6.28538
1  -0.997079 -0.0595571  0.0478066 -0.0622063   0.270201  -0.960792  0.0443046   -0.96096  -0.273117  0.0114288   0.345374   0.138826 0.00260722 0.939759 0.200859 4.024
1  -0.995489 -0.0816812  0.0482731 -0.0718214   0.316275  -0.945945  0.0619984  -0.945145  -0.320715 0.00783336   0.338222   0.154125 0.00265824 0.925033 0.265832 2.05467
1  -0.994976  -0.086161  0.0509838 -0.0729609   0.275327  -0.958578  0.0685548  -0.957482   -0.28023 0.00602128    0.34431    0.14137 0.00257291 0.926372 0.312287 3.91312
1  -0.993146  -0.102101  0.0568872 -0.0861331   0.310347  -0.946713  0.0790058  -0.945124  -0.317014 0.00404849   0.339422   0.152537 0.00255271 0.942436 0.293147 2.62033
1  -0.997479 -0.0655785  0.0271309 -0.0473145   0.329563  -0.942947  0.0528958  -0.941853  -0.331834  0.0083001   0.336646    0.15797 0.00297905 0.931727 0.0251927 1.59766
1  -0.997479 -0.0512824  0.0490438 -0.0613607   0.276254  -0.959124  0.0356376  -0.959715  -0.278704  0.0141516   0.343901   0.140556 0.00301973 0.927711 0.265641 4.8213
1  -0.994714 -0.0897907  0.0498263 -0.0770981   0.332514  -0.939942    0.06783  -0.938814  -0.337679 0.00661744   0.335725   0.159461 0.0026244 0.925033 0.359665 3.7478
0     0.998532    -0.030661   -0.0446534    0.0397012    -0.146533     0.988409   -0.0368488    -0.988731    -0.145101  -0.00814997     0.373339 -0.000290741 0.00553748 0.680054 -0.406971 3.00002
1  -0.996903 -0.0621448  0.0481881  -0.064615   0.298054   -0.95236  0.0448215  -0.952524  -0.301146  0.0113301   0.341173    0.14782 0.00253753 0.923695 0.234724 2.31742
1  -0.994999 -0.0884084  0.0464951 -0.0712809    0.30234  -0.950531  0.0699777  -0.949092  -0.307129 0.00572672   0.340498   0.149843 0.00255375 0.930388 0.211059 1.83431
1  -0.996152 -0.0773644  0.0411797 -0.0606228   0.268929   -0.96125  0.0632922  -0.960048  -0.272584 0.00693281   0.345217   0.139049 0.00272942 0.92905 0.297849 1.92924
0   -0.99948 -0.0137133  0.0291821 -0.0316742   0.248251  -0.968178 0.00603248  -0.968599  -0.248556  0.0196731   0.347788   0.131461 0.00298837 0.911647 0.283467 4.94477
1   -0.99187  -0.114558  0.0554071 -0.0905171   0.329105  -0.939945  0.0894437  -0.937319  -0.336799 0.00207283   0.335981   0.159124 0.00269178 0.927711 0.192209 1.77395
1  -0.994268 -0.0953035  0.0484667 -0.0780711   0.337409  -0.938115  0.0730526  -0.936521  -0.342915 0.00543085   0.334886   0.161149 0.00256529 0.923695 0.353621 4.00173
1  -0.994994 -0.0879223  0.0475067 -0.0739514   0.328027  -0.941769   0.067219  -0.940568  -0.332886 0.00664535   0.335437   0.158552 0.00305205 0.891566 0.228639 3.94409
1  -0.993631  -0.101468  0.0490063 -0.0771586   0.295715  -0.952155  0.0821214  -0.949872  -0.301661 0.00272546    0.34154   0.147976 0.00248796 0.934404 0.0806724 2.37003
1  -0.997425 -0.0533066  0.0479795 -0.0592463   0.235421  -0.970086  0.0404166   -0.97043  -0.237973  0.0125708   0.349926   0.127126 0.00280351 0.946452 0.252538 2.16885
1  -0.994811 -0.0892373  0.0488676 -0.0749039   0.317336   -0.94535  0.0688531  -0.944105  -0.322373 0.00633353   0.337772   0.154865 0.00263765 0.915663 0.252389 2.20156
1  -0.992811  -0.103025  0.0609283 -0.0858565   0.258303  -0.962241  0.0833965  -0.960555  -0.265291 0.00286514   0.347076   0.135632 0.00259956 0.951807 0.360845 4.12966
1  -0.996666 -0.0659278  0.0480757  -0.065216   0.289545   -0.95494   0.049037  -0.954891  -0.292879  0.0101927   0.342643   0.145079 0.00252508 0.934404 0.308351 2.7314
1  -0.999388 -0.0167586  0.0306964 -0.0341295   0.275727   -0.96063 0.00763498   -0.96109  -0.276131  0.0192787   0.343832   0.140464 0.0030347 0.904953 0.23298 2.94119
1   -0.992903   -0.106359   0.0532095  -0.0778532    0.243077   -0.966878   0.0899025   -0.964158   -0.249632 0.000487484    0.349242    0.130888 0.00264551 0.951807 0.148087 3.14131
1  -0.995549 -0.0827868  0.0450467 -0.0713218   0.349301  -0.934292  0.0616122  -0.933346   -0.35365 0.00780757   0.333147   0.164594 0.0028471 0.92905 0.184807 2.7825
1  -0.997503 -0.0589217  0.0389292 -0.0554185   0.311429  -0.948652  0.0437725  -0.948441  -0.313917  0.0114363    0.33837   0.152652 0.00278734 0.896921 0.191785 1.98467
1  -0.997406 -0.0568072   0.044197 -0.0571311   0.251369  -0.966204  0.0437775  -0.966223  -0.253962  0.0112971   0.348291   0.132472 0.00258836 0.946452 0.21881 3.41728
1  -0.998761 -0.0335117  0.0367796 -0.0445202   0.271777   -0.96133    0.02222  -0.961777  -0.272932  0.0155709   0.343861   0.139502 0.00343126 0.902276 -0.0301217 1.77625
1  -0.995402 -0.0822594   0.049071 -0.0690977   0.261894   -0.96262  0.0663331  -0.961585  -0.266374 0.00632958   0.346611   0.136616 0.00265056 0.945114 0.259845 2.49275
0   -0.99951 -0.0158159  0.0270144 -0.0307496   0.334403  -0.941928 0.00586379  -0.942297  -0.334726  0.0200272    0.33392   0.159516 0.00403527 0.888889 -0.199386 2.75809
1  -0.997342 -0.0605605  0.0405049 -0.0571449    0.30535  -0.950524   0.045196  -0.950312  -0.307999  0.0110847   0.339828   0.150594 0.00262524 0.917001 0.27946 6.20809
1  -0.995128 -0.0843159  0.0510993 -0.0751271    0.31286  -0.946823  0.0638453  -0.946049   -0.31767   0.007347    0.33868   0.153269 0.00264157 0.923695 0.271316 1.72513
1  -0.994779  -0.089658  0.0487448 -0.0747625   0.315142  -0.946095  0.0694635    -0.9448  -0.320199 0.00610052    0.33847    0.15397 0.00257121 0.927711 0.37112 3.67138
1  -0.994539 -0.0927689  0.0478105 -0.0759074   0.328594  -0.941416  0.0716239  -0.939904  -0.333841 0.00571507   0.336252   0.158435 0.00252296 0.921017 0.281167 1.93509
1   -0.999115  -0.0121228   0.0402854  -0.0420694    0.283631    -0.95801 0.000187554   -0.958857    -0.28389   0.0223309    0.342588     0.14248 0.0031307 0.902276 0.286641 3.88628
1  -0.994899 -0.0912464  0.0430238 -0.0710685   0.331263  -0.940858  0.0715977  -0.939116  -0.336058 0.00540335   0.335931   0.159198 0.00255735 0.922356 0.242815 5.70813
1   -0.990539   -0.124923   0.0568074  -0.0954866    0.330082    -0.93911    0.098565    -0.93565   -0.338888 7.80105e-05    0.335489    0.159796 0.00266983 0.915663 0.124322 2.18989
1   -0.99355  -0.102848  0.0477533 -0.0800199   0.337546  -0.937902  0.0803421  -0.935674  -0.343598 0.00361088   0.334957   0.161341 0.00257229 0.927711 0.192574 2.08647
1  -0.997278 -0.0618187  0.0401874 -0.0541119   0.243398  -0.968416  0.0500847  -0.967954  -0.246081 0.00935787   0.348923    0.13075 0.00262797 0.930388 0.204556 3.08712
1  -0.997868 -0.0497715  0.0422223 -0.0557507   0.313608  -0.947915  0.0339379  -0.948247  -0.315714  0.0135613   0.338531   0.152754 0.00295946 0.917001 0.152046 5.85519
1  -0.993223  -0.104658  0.0505415 -0.0838789   0.344473  -0.935042  0.0804499  -0.932944  -0.350917 0.00392593   0.333501    0.16384 0.00259316 0.91834 0.108775 2.74883
0   0.995803 -0.0892303  0.0203422  0.0427972   0.650489   0.758309 -0.0808966  -0.754256   0.651578 0.00183152   0.255353  -0.259412 0.00576139 0.654619 -0.685013 3.90508
1   -0.991618   -0.117659   0.0533865  -0.0885978    0.318462   -0.943786    0.094043   -0.940605   -0.326217 0.000812511    0.337797    0.155696 0.00271565 0.935743 0.279987 4.46175
1  -0.992601  -0.108563  0.0543841 -0.0874278   0.328191  -0.940557  0.0842616  -0.938352  -0.335254 0.00315901   0.336189   0.158733 0.00256976 0.923695 0.324918 2.96534
1   -0.99537 -0.0831753  0.0481784 -0.0716923   0.308539  -0.948506  0.0640274  -0.947568  -0.313073 0.00727701   0.339594   0.151722 0.00255991 0.92905 0.113171 2.08843
1  -0.994447 -0.0943924  0.0465318 -0.0757741   0.335396  -0.939025  0.0730303  -0.937337  -0.340686 0.00526165   0.335204   0.160575 0.00256978 0.923695 0.455408 3.37197
1  -0.995323 -0.0849907   0.045913 -0.0709125   0.320103  -0.944725  0.0655959  -0.943563  -0.324633 0.00675952   0.337855   0.155397 0.00260564 0.92905 0.220776 4.02426
1  -0.994489 -0.0927022  0.0489627 -0.0771097   0.330367  -0.940698  0.0710291  -0.939289  -0.335694 0.00595607   0.335998   0.158895 0.00254167 0.922356 0.165137 3.09267
1  -0.997701 -0.0573316  0.0361348 -0.0528946   0.325459  -0.944075  0.0423649  -0.943816  -0.327744  0.0117208   0.337055   0.156694 0.00280736 0.927711 0.268037 4.15581
1   -0.990755   -0.123206   0.0567822  -0.0954559    0.335714   -0.937115   0.0963959   -0.933872   -0.344371 0.000628411    0.334759    0.161635 0.00258418 0.915663 0.425687 3.64767
1  -0.993201  -0.104158  0.0519836 -0.0817212    0.30584  -0.948569  0.0829021  -0.946368  -0.312272 0.00351638   0.339017   0.151739 0.00284794 0.899598 0.328878 5.87653
1  -0.993968 -0.0969463  0.0512712 -0.0804611   0.326971  -0.941603  0.0745207  -0.940049  -0.332799 0.00503877   0.336564   0.157926 0.00251562 0.925033 0.301863 2.09023
1  -0.996804 -0.0676227   0.042534 -0.0615849   0.311327  -0.948305   0.050885  -0.947894  -0.314497 0.00944682   0.339254   0.152241 0.00250458 0.921017 0.222248 3.38545
1  -0.999057 -0.0264029  0.0344755 -0.0407114    0.29328   -0.95516  0.0151081  -0.955662  -0.294078  0.0176778     0.3408   0.146306 0.00334151 0.902276 0.00882151 2.26681
1  -0.996607 -0.0690833  0.0447508 -0.0644204   0.316217  -0.946497  0.0512362  -0.946168  -0.319595 0.00941852   0.338547   0.153828 0.00246799 0.919679 0.286181 2.0397
1  -0.992229   -0.11008  0.0579915 -0.0905924   0.319693   -0.94318  0.0852861  -0.941105  -0.327181  0.0028384   0.337901   0.155726 0.00267363 0.946452 0.204781 1.85119
1  -0.992195  -0.113029  0.0526693 -0.0864173   0.318756  -0.943889  0.0898986  -0.941073  -0.326036 0.00176173   0.337729   0.155749 0.00269607 0.934404 0.365678 4.99362
1  -0.994531 -0.0918051    0.04979 -0.0768824   0.320907  -0.943985  0.0706847  -0.942651   -0.32621 0.00598069   0.337469   0.155968 0.00253953 0.923695 0.141015 3.40701
1  -0.998889 -0.0344531  0.0321633 -0.0414279   0.316361  -0.947734  0.0224772  -0.948013  -0.317436  0.0153854   0.338132   0.153485 0.00304056 0.91834 0.0981272 4.71877
1   -0.99648 -0.0689181  0.0477189 -0.0657531   0.289543  -0.954904  0.0519934  -0.954681  -0.293056 0.00944971    0.34262   0.145256 0.00244678 0.92905 0.310835 4.12432
1  -0.994776 -0.0901751  0.0478525 -0.0747753   0.324521  -0.942918  0.0694986   -0.94157  -0.329568  0.0060603   0.337017   0.156982 0.00256143 0.925033 0.254292 1.79233
1  -0.996609 -0.0676291  0.0468609 -0.0654847    0.30716  -0.949402  0.0498134  -0.949252  -0.310547 0.00992112    0.33985   0.150835 0.00245374 0.919679 0.264558 3.84264
1   -0.991221   -0.121525   0.0520876  -0.0899571    0.331146   -0.939282   0.0968975   -0.935721   -0.339171 1.78669e-05    0.335496    0.160018 0.00268548 0.919679 0.344671 3.51497
1   -0.99654 -0.0691744  0.0460712 -0.0656115   0.314506  -0.946985  0.0510175  -0.946732  -0.317956 0.00961364   0.338769   0.153184 0.00246644 0.919679 0.176144 1.81049
0  -0.997887 -0.0590585  0.0270729 -0.0476308   0.381651  -0.923078  0.0441832  -0.922418  -0.383658  0.0111269   0.326768   0.174992 0.00292096 0.870147 0.200433 4.02591
1  -0.993958 -0.0987591   0.047897 -0.0772096   0.318943  -0.944624  0.0780138  -0.942615  -0.324641 0.00409562   0.337891   0.155417 0.0024823 0.927711 0.231905 3.16109
1  -0.992373  -0.110851  0.0539309 -0.0880855   0.331579  -0.939306  0.0862408  -0.936892  -0.338815 0.00259243   0.335608   0.159804 0.00261111 0.923695 0.200364 3.11829
0   -0.988454   -0.138949   0.0604252   -0.106013    0.349282   -0.931001    0.108257   -0.926658    -0.35998 -0.00168206     0.33203     0.16632 0.00277507 0.908969 0.212531 3.82492
0  -0.991802  -0.116438  0.0526387 -0.0908161   0.352499  -0.931395  0.0898945   -0.92854  -0.360184 0.00208079   0.331841   0.166779 0.00262964 0.903614 0.282159 3.31838
1  -0.995085 -0.0865977  0.0480382 -0.0734599   0.320174  -0.944506  0.0664115  -0.943392  -0.324962 0.00673304   0.337019   0.155864 0.00282394 0.903614 0.0788525 2.16887
1  -0.995536 -0.0816504  0.0473423    -0.0684   0.278518  -0.957992  0.0650348  -0.956954  -0.282859 0.00682139   0.343714   0.142199 0.00262564 0.919679 0.107702 4.20981
1  -0.995029 -0.0851572  0.0516369 -0.0761399   0.316277  -0.945607  0.0641937  -0.944837  -0.321188 0.00731823   0.337704   0.154504 0.00278537 0.904953 0.254406 3.51542
1  -0.996668 -0.0685212  0.0442395 -0.0618502   0.281378  -0.957602   0.053168  -0.957147  -0.284679  0.0088797   0.343689   0.142614 0.00255528 0.930388 0.0755713 3.45814
1  -0.997737 -0.0538431  0.0402826 -0.0546334   0.299823  -0.952429  0.0392041  -0.952474  -0.302086  0.0128308   0.339731   0.148953 0.00317137 0.888889 0.168126 2.4846
1  -0.996755 -0.0632947   0.049732 -0.0652404   0.273337  -0.959704  0.0471505  -0.959834  -0.276579  0.0106687   0.345127    0.13981 0.00250765 0.939759 0.168152 2.23776
1  -0.994719 -0.0884404  0.0520788 -0.0773074   0.311869  -0.946975  0.0675091     -0.946  -0.317059 0.00665034   0.338653   0.153041 0.00271925 0.922356 0.364266 6.29009
1  -0.995711 -0.0780923  0.0496203 -0.0726841   0.328358  -0.941753  0.0572504  -0.941319  -0.332626 0.00865612   0.336502   0.157875 0.00255165 0.921017 0.355758 3.86746
1  -0.995176 -0.0873109  0.0447394 -0.0709424   0.325454  -0.942893  0.0677642  -0.941518  -0.330078 0.00646285   0.337001   0.157166 0.00257888 0.927711 0.27212 2.44603
1  -0.992318  -0.111377  0.0538625 -0.0881916   0.331482  -0.939331  0.0867649  -0.936865  -0.338758 0.00245815   0.335583   0.159848 0.00261162 0.922356 0.138805 2.0258
1  -0.995303 -0.0848021  0.0467035  -0.071688    0.32136   -0.94424  0.0650649  -0.943152  -0.325929 0.00710105   0.337562   0.155761 0.00260844 0.926372 0.243737 5.28785
1  -0.996356 -0.0727848  0.0444726 -0.0661147    0.32959  -0.941806  0.0538915  -0.941314  -0.333201 0.00894286   0.336357   0.158014 0.00259647 0.921017 0.268115 3.92257
1  -0.995918 -0.0828701  0.0357699 -0.0573924   0.275543  -0.959574  0.0696639   -0.95771  -0.279174 0.00513442   0.344424    0.14134 0.00272467 0.931727 0.153825 3.39227
1  -0.994599 -0.0911028  0.0497232 -0.0766983   0.322388  -0.943495  0.0699249  -0.942214  -0.327634 0.00610928   0.337163    0.15643 0.00255427 0.919679 0.416953 3.37868
1  -0.997471   -0.05416   0.046022 -0.0578566    0.24268   -0.96838  0.0412788  -0.968593    -0.2452  0.0122854   0.349187   0.129593 0.00272534 0.950469 0.207814 2.96864
1  -0.995191 -0.0848242   0.048994 -0.0712017   0.282894  -0.956505  0.0672747  -0.955393  -0.287573 0.00634958   0.343383   0.143577 0.00263103 0.937082 0.207934 4.85615
1  -0.995149 -0.0854337  0.0487841 -0.0742526   0.326941  -0.942123  0.0645395  -0.941175  -0.331699  0.0072879   0.336641   0.157631 0.00259766 0.923695 0.167962 2.47171
1  -0.991739  -0.116507  0.0536607 -0.0885475   0.319159  -0.943555  0.0928042  -0.940512  -0.326839 0.00103288   0.337567   0.156121 0.00269415 0.930388 0.25173 3.45303
1  -0.997416 -0.0627304  0.0350052    -0.0538   0.329396  -0.942658  0.0476027  -0.942106   -0.33192  0.0101749   0.336074   0.158385 0.00268953 0.910308 0.182513 3.42194
1  -0.994557 -0.0912836  0.0502284 -0.0773154   0.323443  -0.943084  0.0698421  -0.941834   -0.32874 0.00616268   0.337112   0.156727 0.00254494 0.923695 0.126242 2.2535
1  -0.995052 -0.0871601  0.0476924 -0.0730067   0.315837     -0.946  0.0673905  -0.944802  -0.320638 0.00650465   0.338395   0.154156 0.00254443 0.925033 0.376372 4.95244
1  -0.999349 -0.0162099  0.0322188 -0.0354467   0.276481  -0.960365 0.00665953  -0.960883  -0.276876  0.0199767     0.3434   0.140805 0.0031222 0.899598 0.182841 4.2421
1  -0.991776  -0.115419  0.0552998  -0.090768   0.329721  -0.939705  0.0902263  -0.936997  -0.337486 0.00184248   0.335847   0.159352 0.00267599 0.925033 0.185932 1.68708
1  -0.993229  -0.105163  0.0493702 -0.0831896   0.347171  -0.934105   0.081093  -0.931887  -0.353568 0.00380484   0.332901   0.164766 0.00256454 0.908969 0.154879 2.55734
1   -0.99676  -0.066251  0.0456031 -0.0636993   0.304098  -0.950509  0.0491043  -0.950334  -0.307333  0.0099739   0.340317   0.149863 0.00250103 0.922356 0.293974 3.87245
1  -0.996104 -0.0820577  0.0323151 -0.0551014   0.292976  -0.954531  0.0688591  -0.952592  -0.296356 0.00500956   0.341978   0.146858 0.0027396 0.92905 0.145452 2.65654
1  -0.994541 -0.0913108  0.0504972 -0.0772062   0.318418  -0.944801  0.0701913  -0.943542   -0.32373 0.00596922   0.337597   0.155289 0.00261175 0.914324 0.0557119 4.03163
0    -0.989622    -0.131508    0.0579091    -0.100002     0.340919    -0.934759     0.103186    -0.930849    -0.350532 -0.000796685     0.333664     0.163531 0.00262758 0.911647 0.367809 4.16006
1   -0.99497 -0.0870805  0.0495063 -0.0752627   0.323753  -0.943143  0.0661016  -0.942126  -0.328679 0.00677385   0.336591   0.156902 0.00274133 0.906292 0.264806 2.27403
1  -0.996741 -0.0651297   0.047606 -0.0641273   0.281609  -0.957384  0.0489479  -0.957316  -0.284867  0.0101724   0.343709   0.142516 0.00255612 0.934404 0.0948901 2.49623
0  -0.999573  0.0138639  0.0257344 -0.0203673   0.301168  -0.953354 -0.0209676   -0.95347  -0.300757  0.0258879   0.339372   0.148346 0.00335439 0.870147 0.158394 2.13293
1  -0.996835 -0.0624033   0.049256 -0.0639453   0.261233  -0.963156  0.0472368  -0.963257  -0.264396  0.0105901   0.346489   0.136141 0.00252207 0.92905 0.262652 4.24673
1  -0.996976 -0.0618202  0.0470773  -0.063673   0.302678  -0.950963  0.0445394  -0.951086    -0.3057  0.0114991    0.34059    0.14921 0.00254531 0.927711 0.260472 4.00018
1  -0.997219 -0.0631754  0.0395376 -0.0594914   0.355233  -0.932883  0.0448901   -0.93264  -0.358004  0.0112584   0.331727   0.166264 0.00288718 0.904953 0.39785 4.48197
1  -0.995181 -0.0862823  0.0465929  -0.073838    0.34671  -0.935061   0.064525  -0.933995   -0.35141 0.00745187   0.333297   0.163988 0.00272691 0.919679 0.250724 2.08771
1  -0.995137 -0.0858969  0.0482052 -0.0736755   0.324292  -0.943084  0.0653755  -0.942049  -0.329043 0.00707473   0.336979   0.156886 0.00259283 0.922356 0.168303 1.74489
0   -0.992096   -0.117728   0.0434212  -0.0825185    0.351428   -0.932571   0.0945303   -0.928783   -0.358365 0.000646063    0.332588    0.166131 0.00291014 0.92905 0.157085 2.75568
0    -0.999808    0.0196137 -0.000399273   0.00631303     0.302403    -0.953159   -0.0185743    -0.952978    -0.302469     0.024043     0.338909     0.149778 0.00352911 0.850067 0.127059 2.88348
