1  0.953511 -0.108186 -0.281268 -0.236629 -0.846731   -0.4765 -0.186608  0.520905 -0.832968 0.0771271 -0.167978  0.224695 0.0025734 0.939542 0.519529 5.12479 0.0167427
1  0.953992 -0.109152 -0.279259  -0.23644 -0.846611 -0.476809 -0.184379    0.5209 -0.833467 0.0764854 -0.167964  0.224752 0.00253452 0.936616 0.451081 4.85035 0.0162909
1  0.954407 -0.109457 -0.277717 -0.236089 -0.846112 -0.477866 -0.182674  0.521645 -0.833377 0.0758184  -0.16826  0.224928 0.0025604 0.938567 0.474372 5.53735 0.0162887
1  0.953928 -0.107933 -0.279949 -0.235925 -0.846288 -0.477636 -0.185365  0.521677 -0.832762 0.0766728 -0.168338  0.224661 0.00257316 0.939054 0.425005 4.44652 0.0167517
1  0.953608 -0.110159 -0.280173 -0.237795 -0.846349 -0.476599 -0.184623  0.521112 -0.833281 0.0764679 -0.168202  0.224831 0.00258746 0.940029 0.438636 4.73344 0.0164795
1  0.953333 -0.109347 -0.281425 -0.237829 -0.846191 -0.476863 -0.185996   0.52154 -0.832707  0.076895 -0.168307  0.224578 0.00257249 0.939054 0.417873 4.84465 0.0169636
1  0.953964 -0.107678 -0.279924 -0.235699 -0.846317 -0.477697 -0.185467  0.521683 -0.832736 0.0767065 -0.168306  0.224654 0.00256482 0.938567 0.421136 4.68924 0.0167636
1  0.953991 -0.108223 -0.279622 -0.236015 -0.846227   -0.4777 -0.184925  0.521716 -0.832835 0.0765403 -0.168351   0.22469 0.0025591 0.938079 0.469937 4.64958 0.0166684
1  0.954509 -0.106824 -0.278391 -0.234015 -0.846973 -0.477361 -0.184796  0.520793 -0.833442 0.0765271 -0.167913  0.224953 0.0025881 0.940517 0.445126 4.93901 0.0163372
1  0.953931    -0.111 -0.278737 -0.237869 -0.846009 -0.477166 -0.182848  0.521486 -0.833438  0.075875   -0.1683  0.224909 0.00255733 0.938079 0.319426 4.24475 0.0163843
1  0.953964 -0.107678 -0.279924 -0.235699 -0.846317 -0.477697 -0.185467  0.521683 -0.832736 0.0767065 -0.168306  0.224654 0.00256482 0.938567 0.500556 5.69555 0.0167635
1  0.953955 -0.107708 -0.279945 -0.235735 -0.846311 -0.477689  -0.18547  0.521687 -0.832733 0.0767066  -0.16831  0.224653 0.002565 0.938567 0.450474 5.50637 0.0167663
1  0.953964 -0.107678 -0.279924 -0.235699 -0.846317 -0.477697 -0.185467  0.521683 -0.832736 0.0767065 -0.168306  0.224654 0.00256482 0.938567 0.426167 5.7457 0.0167636
1  0.954131 -0.108535 -0.279022 -0.235966 -0.846223 -0.477731 -0.184265  0.521658 -0.833019 0.0763375 -0.168341  0.224767 0.00256614 0.938567 0.349341 7.38671 0.0165254
1  0.954391 -0.110112 -0.277513 -0.236497 -0.846151 -0.477595 -0.182229  0.521444   -0.8336 0.0756604 -0.168249  0.225019 0.0025701 0.939054 0.435513 7.29716 0.0162223
1  0.954302  -0.10861 -0.278409   -0.2356 -0.846563  -0.47731  -0.18385  0.521091 -0.833465 0.0763274 -0.168017  0.224788 0.00253422 0.936616 0.396183 6.02196 0.0162651
1  0.953964 -0.107678 -0.279924 -0.235699 -0.846317 -0.477697 -0.185467  0.521683 -0.832736 0.0767065 -0.168306  0.224654 0.00256483 0.938567 0.523265 5.26728 0.0167636
1  0.954054  -0.10728 -0.279771 -0.235281 -0.846381 -0.477789 -0.185535  0.521662 -0.832734 0.0767442 -0.168204   0.22466 0.00256083 0.938567 0.532965 9.23271 0.0167321
1  0.953986 -0.107828 -0.279793 -0.235778 -0.846247 -0.477781 -0.185256  0.521765 -0.832731 0.0766401 -0.168375  0.224658 0.00258082 0.939542 0.423548 8.89436 0.0167695
1  0.953428 -0.109577 -0.281011 -0.237814 -0.846167 -0.476913 -0.185524   0.52153 -0.832819 0.0767457 -0.168317  0.224626 0.00257327 0.939054 0.413675 6.17278 0.0168397
1  0.953372 -0.109362 -0.281286 -0.237773 -0.846188 -0.476897 -0.185867  0.521542 -0.832735 0.0768539 -0.168308   0.22459 0.00257242 0.939054 0.519813 12.8697 0.0169232
1  0.953305 -0.109328 -0.281526  -0.23785 -0.846229 -0.476785 -0.186109  0.521483 -0.832718 0.0769279 -0.168284  0.224582 0.00257925 0.939542 0.365559 5.86325 0.0169719
1  0.954136 -0.108652 -0.278961  -0.23604 -0.846192 -0.477749 -0.184146  0.521683 -0.833029 0.0763009 -0.168345  0.224771 0.00256606 0.938567 0.299739 5.71055 0.0165129
1  0.954407 -0.106407   -0.2789 -0.234153 -0.846365 -0.478371 -0.185149  0.521866 -0.832692 0.0766156 -0.168265  0.224677 0.0025746 0.939542 0.432669 5.50684 0.0168383
1  0.954427  -0.10617 -0.278921 -0.234016 -0.846244 -0.478651 -0.185217   0.52211 -0.832524 0.0766528 -0.168433  0.224609 0.00257754 0.939542 0.340351 5.28501 0.0170479
1  0.954024 -0.110794 -0.278502 -0.237579  -0.84603 -0.477273 -0.182742  0.521496 -0.833455 0.0758321 -0.168299  0.224926 0.00255745 0.938079 0.44281 11.1102 0.0163482
1  0.954115 -0.109306 -0.278778 -0.236519 -0.846056 -0.477754 -0.183641  0.521768 -0.833087 0.0761302 -0.168357  0.224792 0.00255806 0.938079 0.443972 4.57678 0.016467
1  0.953991 -0.108223 -0.279622 -0.236015 -0.846227   -0.4777 -0.184926  0.521716 -0.832835 0.0765403 -0.168351   0.22469 0.0025591 0.938079 0.407695 5.83601 0.0166684
1  0.954024 -0.110794 -0.278502 -0.237579  -0.84603 -0.477273 -0.182742  0.521496 -0.833455 0.0758321 -0.168299  0.224926 0.00255745 0.938079 0.479463 6.01635 0.0163482
1  0.953989 -0.107807 -0.279792 -0.235761 -0.846246 -0.477791 -0.185263  0.521772 -0.832726 0.0766417  -0.16838  0.224656 0.00258097 0.939542 0.291429 4.72784 0.0167765
1  0.954392  -0.10956 -0.277726 -0.236148 -0.846191 -0.477697 -0.182673  0.521495 -0.833471 0.0758108 -0.168225  0.224968 0.00256751 0.939054 0.359725 9.65204 0.0162334
1  0.954535 -0.108883 -0.277501 -0.235472 -0.846255 -0.477918   -0.1828  0.521533 -0.833419 0.0758357 -0.168215  0.224955 0.00256089 0.938567 0.468235 11.0271 0.0162679
1  0.954296 -0.108686   -0.2784 -0.235666 -0.846531 -0.477332 -0.183795  0.521125 -0.833455 0.0763065  -0.16803  0.224785 0.00253456 0.936616 0.492228 5.06207 0.0162696
1  0.953426 -0.109328 -0.281118 -0.237589 -0.846389 -0.476631 -0.185826  0.521222 -0.832944 0.0768447 -0.168093  0.224664 0.00255926 0.938567 0.450767 6.19764 0.0167101
1  0.953428 -0.109577 -0.281011 -0.237814 -0.846167 -0.476913 -0.185524  0.521531 -0.832819 0.0767457 -0.168317  0.224626 0.00257327 0.939054 0.412669 11.039 0.0168397
1  0.954351 -0.106228 -0.279159 -0.234068 -0.846565 -0.478058 -0.185544  0.521578 -0.832785 0.0767347 -0.168149  0.224703 0.00259496 0.941004 0.47318 9.65232 0.0168025
1  0.953415 -0.109518  -0.28108 -0.237794 -0.846188 -0.476886 -0.185619  0.521509 -0.832811 0.0767793  -0.16831  0.224622 0.002573 0.939054 0.451266 6.03371 0.0168537
1  0.954227 -0.107559 -0.279072 -0.235157 -0.846374 -0.477863 -0.184801  0.521616 -0.832926 0.0765082 -0.168387  0.224754 0.00259677 0.940517 0.636318 13.035 0.0166699
1  0.954876 -0.106921  -0.27709 -0.233571 -0.846608 -0.478224 -0.183454  0.521366  -0.83338 0.0761944 -0.167993  0.224833 0.0025676 0.939054 0.44243 6.05783 0.0164493
1  0.953368 -0.109391 -0.281289 -0.237799 -0.846183 -0.476893 -0.185854  0.521544 -0.832736  0.076849 -0.168312  0.224591 0.00257264 0.939054 0.441376 6.5144 0.016925
1   0.95456 -0.106026 -0.278522 -0.233724 -0.846179  -0.47891 -0.184902  0.522245 -0.832509 0.0765271   -0.1685  0.224562 0.00256563 0.938567 0.397224 11.9625 0.0171472
1  0.954643 -0.108368 -0.277332 -0.234934 -0.846369  -0.47798 -0.182927  0.521455  -0.83344 0.0758861 -0.168096  0.224963 0.00257846 0.940029 0.539392 6.39362 0.0162284
1  0.953964 -0.107678 -0.279924 -0.235699 -0.846317 -0.477697 -0.185467  0.521683 -0.832736 0.0767065 -0.168306  0.224654 0.00256482 0.938567 0.551511 7.6732 0.0167636
1  0.953998 -0.110753 -0.278607 -0.237604 -0.846017 -0.477283 -0.182846  0.521526 -0.833414 0.0758643 -0.168303  0.224909 0.00255729 0.938079 0.369071 9.67586 0.0163648
1  0.954684 -0.107157 -0.277661 -0.234036 -0.846635 -0.477951 -0.183861  0.521275 -0.833347  0.076311 -0.167993  0.224794 0.00255456 0.938079 0.43017 4.92247 0.0164152
1  0.954182 -0.106895 -0.279482 -0.234797  -0.84647  -0.47787 -0.185491  0.521596 -0.832785  0.076711 -0.168198   0.22469 0.00256147 0.938567 0.420965 7.30782 0.01674
1  0.954643 -0.108368 -0.277332 -0.234934 -0.846369  -0.47798 -0.182927  0.521455  -0.83344 0.0758861 -0.168096  0.224963 0.00257846 0.940029 0.486143 7.6355 0.0162284
1  0.953986 -0.107828 -0.279793 -0.235778 -0.846247 -0.477781 -0.185256  0.521765 -0.832731 0.0766401 -0.168375  0.224658 0.00258082 0.939542 0.491561 5.92034 0.0167695
1  0.954275 -0.108647 -0.278488 -0.235675 -0.846543 -0.477308 -0.183894  0.521115  -0.83344  0.076349 -0.168027  0.224775 0.00254082 0.937104 0.461696 9.76867 0.01628
1   0.95452 -0.104825 -0.279113 -0.232734 -0.847095 -0.477772 -0.186353  0.521001 -0.832965 0.0770415 -0.167953  0.224767 0.00259761 0.941004 0.481897 5.63058 0.0170177
1  0.953701 -0.110407  -0.27976 -0.237892 -0.846051  -0.47708 -0.184018  0.521544 -0.833144 0.0762894 -0.168301  0.224772 0.00256391 0.938567 0.44566 7.49731 0.0165295
1  0.953928 -0.107933 -0.279949 -0.235925 -0.846288 -0.477636 -0.185365  0.521677 -0.832762 0.0766728 -0.168338  0.224661 0.00257316 0.939054 0.295842 5.13094 0.0167516
1  0.953945  -0.10787 -0.279916 -0.235863 -0.846276 -0.477687 -0.185358  0.521709 -0.832744  0.076669 -0.168385  0.224658 0.00258197 0.939542 0.427293 9.71536 0.0167858
1  0.954086 -0.109217 -0.278913 -0.236503 -0.846091 -0.477699 -0.183813   0.52173 -0.833073 0.0761899 -0.168356  0.224786 0.00256586 0.938567 0.488346 4.71263 0.01648
1  0.954636 -0.106593 -0.278045  -0.23366 -0.846966 -0.477548 -0.184592  0.520852  -0.83345 0.0764748 -0.167828  0.224962 0.00259305 0.941004 0.523586 7.34582 0.0163124
1  0.953428 -0.109577 -0.281011 -0.237814 -0.846167 -0.476913 -0.185524   0.52153 -0.832819 0.0767457 -0.168317  0.224626 0.00257327 0.939054 0.441791 5.86054 0.0168397
1  0.954643 -0.108368 -0.277332 -0.234934 -0.846369  -0.47798 -0.182927  0.521455  -0.83344 0.0758861 -0.168096  0.224963 0.00257846 0.940029 0.331765 6.42293 0.0162284
1  0.954483 -0.109568 -0.277413 -0.235971 -0.846265 -0.477654 -0.182429  0.521373   -0.8336 0.0757172  -0.16813  0.225016 0.00257288 0.939542 0.336898 7.25428 0.0161499
1  0.953377 -0.109493 -0.281219 -0.237839   -0.8462 -0.476842 -0.185756  0.521495 -0.832789 0.0768179 -0.168304  0.224611 0.00257306 0.939054 0.40513 4.2331 0.0168889
1  0.953309 -0.109511 -0.281443  -0.23797 -0.846185 -0.476803 -0.185938  0.521515 -0.832736 0.0768814 -0.168276   0.22459 0.00257149 0.939054 0.416216 5.4032 0.0169366
1  0.953987 -0.107812 -0.279794 -0.235765 -0.846249 -0.477785 -0.185264  0.521766 -0.832729 0.0766426 -0.168377  0.224658 0.00258085 0.939542 0.434807 6.21391 0.0167728
1  0.954303 -0.109908 -0.277895 -0.236541 -0.846105 -0.477656  -0.18263  0.521562 -0.833438 0.0757932 -0.168286  0.224956 0.00257017 0.939054 0.391337 6.94599 0.0162799
1   0.95416 -0.110402 -0.278189 -0.237094 -0.846076 -0.477432  -0.18266  0.521504 -0.833468 0.0758081 -0.168296  0.224942 0.00256415 0.938567 0.50277 10.2251 0.0163069
1  0.954899 -0.108599 -0.276358 -0.234653 -0.846306  -0.47823 -0.181949   0.52151  -0.83362 0.0755707 -0.168174  0.225021 0.00257417 0.939542 0.32314 10.9823 0.016305
1  0.954296 -0.105685 -0.279553 -0.233822 -0.846592 -0.478131 -0.186136  0.521644 -0.832611 0.0769426 -0.168267  0.224644 0.00258508 0.940029 0.3911 6.19164 0.0170769
1  0.953964 -0.107678 -0.279924 -0.235699 -0.846317 -0.477697 -0.185467  0.521683 -0.832736 0.0767065 -0.168306  0.224654 0.00256482 0.938567 0.448125 6.91516 0.0167636
1  0.953309 -0.109511 -0.281443  -0.23797 -0.846185 -0.476803 -0.185938  0.521515 -0.832736 0.0768814 -0.168276   0.22459 0.00257149 0.939054 0.429 11.9149 0.0169366
1  0.954463 -0.105253 -0.279145 -0.233104  -0.84706 -0.477653 -0.186178  0.520972 -0.833022 0.0769882 -0.167929   0.22478 0.00259633 0.941004 0.487913 6.12561 0.0168742
1  0.954024 -0.110794 -0.278502  -0.23758  -0.84603 -0.477273 -0.182742  0.521496 -0.833455 0.0758321 -0.168299  0.224926 0.00255745 0.938079 0.525847 8.44265 0.0163482
1  0.953751 -0.109601 -0.279906 -0.237125 -0.846606 -0.476476 -0.184748  0.520812 -0.833441 0.0766087 -0.167904  0.224731 0.00254115 0.937104 0.522731 6.25868 0.0163362
1  0.953415 -0.109518  -0.28108 -0.237794 -0.846188 -0.476886 -0.185619  0.521509 -0.832811 0.0767793  -0.16831  0.224622 0.002573 0.939054 0.408966 6.66461 0.0168537
1  0.953998 -0.110753 -0.278607 -0.237604 -0.846017 -0.477283 -0.182846  0.521526 -0.833414 0.0758643 -0.168303  0.224909 0.0025573 0.938079 0.444058 9.78059 0.0163648
1  0.954193 -0.110086 -0.278204 -0.236855 -0.846057 -0.477585 -0.182801  0.521602 -0.833376 0.0758466 -0.168311  0.224916 0.00256384 0.938567 0.338873 5.02661 0.0163283
1  0.954876 -0.106921  -0.27709 -0.233571 -0.846608 -0.478224 -0.183454  0.521366  -0.83338 0.0761944 -0.167993  0.224833 0.0025676 0.939054 0.466205 7.61635 0.0164492
1  0.953372 -0.109362 -0.281286 -0.237773 -0.846188 -0.476896 -0.185867  0.521542 -0.832735 0.0768539 -0.168308   0.22459 0.00257242 0.939054 0.349324 7.26414 0.0169233
1  0.954163 -0.108482 -0.278934 -0.235871 -0.846246 -0.477737 -0.184221  0.521632 -0.833044 0.0763261 -0.168333  0.224777 0.00256586 0.938567 0.414388 6.1812 0.0165112
1  0.953372 -0.109362 -0.281286 -0.237773 -0.846188 -0.476897 -0.185866  0.521542 -0.832735 0.0768539 -0.168308   0.22459 0.00257242 0.939054 0.541495 6.37638 0.0169232
1  0.953305 -0.109398 -0.281499   -0.2379  -0.84621 -0.476793 -0.186047  0.521498 -0.832722 0.0769161 -0.168278  0.224585 0.00257174 0.939054 0.425488 6.36658 0.0169575
1  0.954466 -0.109585 -0.277462 -0.236033 -0.846198 -0.477742 -0.182434  0.521479 -0.833533 0.0757308 -0.168177  0.224992 0.00255868 0.938567 0.4001 4.75099 0.0161937
1  0.954094 -0.107887 -0.279403 -0.235692  -0.84607 -0.478136  -0.18481  0.522039 -0.832659 0.0765062 -0.168462  0.224638 0.00256717 0.938567 0.433665 5.41234 0.0167969
1  0.953305 -0.109328 -0.281526  -0.23785 -0.846229 -0.476785 -0.186109  0.521483 -0.832718 0.0769278 -0.168284  0.224582 0.00257925 0.939542 0.504402 7.13738 0.0169719
1  0.953917 -0.107804 -0.280038 -0.235867 -0.846287 -0.477666 -0.185499  0.521705 -0.832715  0.076718 -0.168317  0.224644 0.0025721 0.939054 0.44913 7.3858 0.0167774
1  0.953964 -0.107678 -0.279924 -0.235699 -0.846317 -0.477696 -0.185467  0.521683 -0.832736 0.0767065 -0.168306  0.224654 0.00256482 0.938567 0.439554 5.2379 0.0167636
1  0.954079 -0.110675  -0.27836 -0.237409 -0.846042 -0.477335 -0.182675  0.521501 -0.833467 0.0758134 -0.168296  0.224937 0.00255728 0.938079 0.426766 6.50806 0.0163273
1  0.954188 -0.107714 -0.279145 -0.235308 -0.846402 -0.477739  -0.18481  0.521538 -0.832973 0.0765114  -0.16833  0.224765 0.00258122 0.939542 0.473201 6.22771 0.0166105
1  0.954048 -0.110751 -0.278435 -0.237518 -0.846013 -0.477333 -0.182694  0.521532 -0.833443 0.0758206 -0.168308  0.224927 0.00255746 0.938079 0.429819 5.33587 0.0163488
1  0.953985 -0.107799 -0.279808 -0.235762 -0.846246  -0.47779 -0.185281  0.521773 -0.832721 0.0766476 -0.168377  0.224654 0.00258079 0.939542 0.387136 6.2913 0.0167792
1  0.954356 -0.110025 -0.277668 -0.236492 -0.846187 -0.477534 -0.182419  0.521404 -0.833584 0.0757217 -0.168229  0.225009 0.00256925 0.939054 0.403098 5.48493 0.0162094
1  0.953844 -0.110815 -0.279108 -0.237921 -0.845971 -0.477208 -0.183235  0.521587 -0.833289 0.0760065  -0.16833  0.224841 0.0025575 0.938079 0.425704 5.08572 0.016462
1  0.953353  -0.10951 -0.281291 -0.237882  -0.84622 -0.476785 -0.185822  0.521458 -0.832797 0.0768343 -0.168291  0.224615 0.00258005 0.939542 0.390201 10.3177 0.0168947
1  0.954643 -0.108368 -0.277332 -0.234934 -0.846369  -0.47798 -0.182927  0.521455  -0.83344 0.0758861 -0.168096  0.224963 0.00257846 0.940029 0.352261 9.95485 0.0162284
1  0.953989 -0.107807 -0.279792 -0.235761 -0.846246 -0.477791 -0.185263  0.521772 -0.832726 0.0766417  -0.16838  0.224656 0.00258097 0.939542 0.461926 4.53152 0.0167765
1  0.953309 -0.109511 -0.281443  -0.23797 -0.846185 -0.476803 -0.185938  0.521515 -0.832736 0.0768814 -0.168276   0.22459 0.00257149 0.939054 0.508816 5.81587 0.0169366
1  0.953989 -0.107807 -0.279792 -0.235761 -0.846246 -0.477791 -0.185263  0.521772 -0.832726 0.0766418  -0.16838  0.224656 0.00258097 0.939542 0.411409 10.2374 0.0167765
1  0.953333 -0.109347 -0.281425 -0.237829 -0.846191 -0.476863 -0.185996   0.52154 -0.832707  0.076895 -0.168307  0.224578 0.00257249 0.939054 0.459606 5.29701 0.0169636
1  0.953928 -0.107933 -0.279949 -0.235925 -0.846288 -0.477636 -0.185365  0.521677 -0.832762 0.0766728 -0.168338  0.224661 0.00257315 0.939054 0.238636 5.19934 0.0167517
1  0.954292 -0.109943 -0.277921 -0.236589 -0.846085 -0.477667 -0.182629  0.521587 -0.833423 0.0757909   -0.1683   0.22495 0.00257066 0.939054 0.405615 6.66584 0.0162938
1   0.95446 -0.106173 -0.278808 -0.233811 -0.846671 -0.477996 -0.185308  0.521416 -0.832938 0.0766944 -0.168106   0.22478 0.00258823 0.940517 0.504211 11.4769 0.0167075
1  0.953965 -0.107678 -0.279924 -0.235699 -0.846317 -0.477697 -0.185467  0.521683 -0.832736 0.0767065 -0.168306  0.224654 0.00256482 0.938567 0.422749 6.34565 0.0167635
1  0.953964 -0.107678 -0.279924 -0.235699 -0.846317 -0.477697 -0.185467  0.521683 -0.832736 0.0767065 -0.168306  0.224654 0.00256482 0.938567 0.529789 5.59464 0.0167636
1  0.953964 -0.107678 -0.279924 -0.235699 -0.846317 -0.477696 -0.185467  0.521683 -0.832736 0.0767065 -0.168306  0.224654 0.00256482 0.938567 0.399984 6.12184 0.0167636
1  0.954275 -0.108647 -0.278488 -0.235675 -0.846543 -0.477308 -0.183894  0.521116  -0.83344  0.076349 -0.168027  0.224775 0.00254082 0.937104 0.43158 5.53541 0.01628
1  0.953428 -0.109577 -0.281011 -0.237814 -0.846167 -0.476913 -0.185524  0.521531 -0.832819 0.0767457 -0.168317  0.224626 0.00257327 0.939054 0.401696 4.82601 0.0168397
1  0.953429 -0.109587 -0.281005 -0.237819 -0.846167  -0.47691 -0.185514  0.521528 -0.832822 0.0767424 -0.168317  0.224628 0.00257333 0.939054 0.377687 5.3623 0.0168371
1  0.953381 -0.109122 -0.281347 -0.237582 -0.846271 -0.476845 -0.186062  0.521458 -0.832744 0.0769215 -0.168218  0.224594 0.00256882 0.939054 0.419204 8.13205 0.0168881
1  0.954091 -0.110616 -0.278341 -0.237353 -0.846041 -0.477366 -0.182683  0.521516 -0.833455 0.0758132 -0.168304  0.224936 0.00255762 0.938079 0.581798 5.48646 0.0163299
1  0.953429 -0.109587 -0.281005 -0.237819 -0.846167  -0.47691 -0.185514  0.521528 -0.832822 0.0767424 -0.168317  0.224628 0.00257333 0.939054 0.38565 5.65821 0.0168371
1  0.954407 -0.106407   -0.2789 -0.234153 -0.846365 -0.478371 -0.185149  0.521866 -0.832692 0.0766155 -0.168265  0.224677 0.0025746 0.939542 0.322769 5.98932 0.0168383
1  0.953415 -0.109518  -0.28108 -0.237794 -0.846188 -0.476886 -0.185619  0.521509 -0.832811 0.0767793  -0.16831  0.224622 0.002573 0.939054 0.386955 11.5318 0.0168537
1  0.953963  -0.10775 -0.279901 -0.235763 -0.846266 -0.477756 -0.185392  0.521752 -0.832709 0.0766772  -0.16838   0.22465 0.00258137 0.939542 0.360076 9.8669 0.0168018
1  0.954964 -0.106712  -0.27687 -0.233313 -0.846552 -0.478449 -0.183328  0.521499 -0.833324 0.0761585 -0.168023  0.224829 0.0025673 0.939054 0.434326 5.40013 0.0165256
1  0.953964 -0.107678 -0.279924 -0.235699 -0.846317 -0.477697 -0.185467  0.521683 -0.832736 0.0767065 -0.168306  0.224654 0.00256482 0.938567 0.347923 6.62515 0.0167636
1  0.954222  -0.11014  -0.27808 -0.236831 -0.846071 -0.477572 -0.182676  0.521568 -0.833424 0.0758073 -0.168306  0.224938 0.00256408 0.938567 0.410067 10.0537 0.0163086
1  0.954177 -0.108475 -0.278889 -0.235798 -0.846373 -0.477548 -0.184242  0.521427 -0.833168 0.0763354 -0.168309  0.224839 0.00258226 0.939542 0.483532 5.9811 0.0164467
1  0.953825 -0.107271 -0.280554 -0.235456 -0.846969  -0.47666 -0.186488  0.520708 -0.833118 0.0770767 -0.167839  0.224774 0.00259409 0.941004 0.406466 5.92736 0.0165889
1  0.953328 -0.109518 -0.281375 -0.237939 -0.846193 -0.476804 -0.185879  0.521501 -0.832758 0.0768639 -0.168273  0.224597 0.00257132 0.939054 0.563025 6.02303 0.0169134
1  0.953928 -0.107933 -0.279949 -0.235925 -0.846288 -0.477636 -0.185365  0.521677 -0.832762 0.0766728 -0.168338  0.224661 0.00257316 0.939054 0.517554 10.3314 0.0167517
1  0.953333 -0.109347 -0.281425 -0.237829 -0.846191 -0.476863 -0.185996   0.52154 -0.832707  0.076895 -0.168307  0.224578 0.00257249 0.939054 0.508818 5.82644 0.0169636
