1  0.950367 -0.117637 -0.288034 -0.247179 -0.847709 -0.469352 -0.188956  0.517253 -0.834712 0.0775579 -0.167322  0.225012 0.00264594 0.940517 0.505985 4.79202 0.0213429
1  0.953191 -0.109349 -0.281905 -0.237774 -0.847017 -0.475422 -0.186791  0.520197 -0.833369 0.0771449 -0.167889  0.224814 0.00259448 0.940517 0.438095 4.60049 0.0167625
1  0.954139 -0.111015 -0.278018 -0.237593 -0.845805 -0.477665 -0.182121  0.521814 -0.833392 0.0753649 -0.168281  0.225404 0.0027476 0.94198 0.435942 5.10507 0.0160472
1   0.95377 -0.108304 -0.280346 -0.236693 -0.845523  -0.47861 -0.185203  0.522839 -0.832069 0.0766153 -0.168823  0.224574 0.00264735 0.94198 0.408425 4.21156 0.017192
1  0.952571 -0.111363 -0.283208 -0.239954 -0.847234 -0.473937 -0.187164  0.519416 -0.833773 0.0770431 -0.167847  0.225065 0.00264001 0.940517 0.427234 4.56212 0.017177
1  0.951281 -0.107148 -0.289109 -0.239721 -0.846725 -0.474965 -0.193904   0.52113 -0.831158    0.0791 -0.168513  0.223854 0.00266772 0.941492 0.396324 4.46562 0.0211974
1  0.953877 -0.106302 -0.280746 -0.235331  -0.84542 -0.479463 -0.186381  0.523417 -0.831442 0.0769421 -0.169111  0.224296 0.00263728 0.941004 0.404782 4.22212 0.0179754
1  0.953859 -0.108271 -0.280055 -0.236407 -0.845843 -0.478185 -0.185109  0.522328 -0.832411 0.0765355 -0.168584  0.224699 0.00262556 0.941004 0.456172 4.47465 0.0168798
1   0.95362 -0.108343 -0.280838 -0.236284 -0.847447 -0.475399 -0.186489  0.519707 -0.833742 0.0769661 -0.167912  0.225091 0.00261455 0.939542 0.439455 4.69033 0.0164566
1  0.953941 -0.111759   -0.2784 -0.237908 -0.847148 -0.475121 -0.182747  0.519471 -0.834718 0.0758623 -0.167845  0.225456 0.00262454 0.941004 0.301539 4.12458 0.0158965
1  0.954981 -0.103486 -0.278033 -0.231776 -0.845251 -0.481488 -0.185181  0.524253 -0.831184 0.0767311 -0.169274  0.224343 0.00265177 0.941004 0.483625 5.18356 0.0187179
1   0.955403 -0.0974349  -0.278768  -0.227649  -0.844304  -0.485105  -0.188099   0.526932  -0.828831   0.077489  -0.169791   0.223701 0.00272759 0.942467 0.415642 4.9671 0.0227855
1  0.953665 -0.103178 -0.282625 -0.233631 -0.845839 -0.479554 -0.189577  0.523364 -0.830753 0.0779054 -0.169032  0.223909 0.00260706 0.939054 0.416718 5.22999 0.0194429
1  0.954027 -0.109384 -0.279046 -0.236653 -0.846233 -0.477373 -0.183921  0.521464 -0.833216 0.0762349 -0.168393  0.224939 0.00262533 0.941492 0.334332 7.26353 0.0163878
1  0.954503 -0.111691 -0.276493   -0.2371 -0.846586 -0.476525 -0.180852  0.520401 -0.834551 0.0751361 -0.168252  0.225552 0.00266667 0.941492 0.414304 7.09861 0.0160639
1  0.953595 -0.106837 -0.281499 -0.235655 -0.846765 -0.476923  -0.18741  0.521128 -0.832648 0.0773216 -0.168312  0.224632 0.00258116 0.938567 0.384997 5.63436 0.017222
1   0.954765 -0.0929852  -0.282448  -0.227574  -0.839867  -0.492782  -0.191397   0.534769  -0.823037  0.0782135  -0.171814   0.221712 0.00294387 0.941492 0.452811 4.64524 0.0308953
1  0.954803 -0.104516 -0.278258 -0.232812 -0.844968 -0.481485 -0.184796  0.524505 -0.831111 0.0766266 -0.169037  0.224364 0.00263111 0.940517 0.520147 8.81845 0.0182867
1  0.953906 -0.107374  -0.28024 -0.235634 -0.846259 -0.477831 -0.185849   0.52184 -0.832552 0.0768503 -0.168538  0.224673 0.00262004 0.941004 0.414787 8.69676 0.0169774
1  0.953123 -0.110876 -0.281536  -0.23914 -0.846093 -0.476381 -0.185387  0.521376 -0.832946 0.0765956 -0.168407  0.224765 0.00260672 0.940029 0.406053 6.02767 0.0169575
1  0.952787 -0.106827 -0.284226 -0.237245 -0.846119 -0.477281 -0.189502  0.522179 -0.831516 0.0778736 -0.168619   0.22421 0.00259328 0.938567 0.515919 12.5658 0.0185309
1  0.953432 -0.109329 -0.281095 -0.237801 -0.845765 -0.477631 -0.185522  0.522234 -0.832378 0.0768496 -0.168524  0.224624 0.00262508 0.941004 0.354286 5.76972 0.0169915
1  0.955321 -0.106817 -0.275595  -0.23309   -0.8456  -0.48024 -0.181745  0.523021 -0.832717 0.0756677 -0.168769  0.224942 0.00264573 0.94198 0.277997 5.30255 0.0171685
1  0.955689 -0.102783 -0.275853 -0.229987 -0.845612 -0.481712 -0.183753  0.523809 -0.831781 0.0762225 -0.168829  0.224802 0.00270199 0.942467 0.404598 5.24255 0.018504
1    0.95705 -0.0949553  -0.273934  -0.222577  -0.846096  -0.484336  -0.185784   0.524505   -0.83089  0.0766681  -0.169036   0.224465 0.00270936 0.94198 0.306616 4.89939 0.0234112
1  0.953779 -0.114339 -0.277906 -0.240156 -0.845914 -0.476187 -0.180638  0.520918 -0.834275 0.0751017 -0.168297  0.225358 0.00264001 0.941492 0.424821 10.8024 0.0166709
1  0.953842 -0.109626 -0.279584 -0.237039 -0.846451 -0.476795 -0.184385  0.521059 -0.833366 0.0763031 -0.168191  0.225022 0.00262768 0.941492 0.428841 4.38067 0.0162598
1  0.955118 -0.106738 -0.276326 -0.233248 -0.846018 -0.479426 -0.182603  0.522361 -0.832944 0.0759013 -0.168658  0.224961 0.00263348 0.941492 0.390479 5.41329 0.0169166
1    0.9533 -0.113575 -0.279856 -0.240719 -0.845344 -0.476914 -0.182409  0.522009 -0.833207  0.075627 -0.168572  0.224951 0.00263184 0.941004 0.464322 5.73505 0.0170601
1   0.955697 -0.0955282   -0.27842   -0.22529  -0.846136   -0.48301   -0.18944   0.524336  -0.830171  0.0774524  -0.169172   0.224091 0.00269868 0.939542 0.259111 4.22394 0.0228287
1  0.953962 -0.108906 -0.279456 -0.236512  -0.84613 -0.477625  -0.18444  0.521731 -0.832934  0.076142 -0.168288  0.224922 0.00263164 0.941492 0.343732 9.37608 0.0164171
1   0.95469 -0.108497  -0.27712 -0.235216 -0.845556  -0.47928  -0.18232  0.522746 -0.832764 0.0757219 -0.168534  0.225009 0.002636 0.940517 0.452637 10.8778 0.0165539
1  0.953688 -0.107712 -0.280851 -0.235877 -0.847191 -0.476056 -0.186658  0.520255 -0.833363 0.0771402 -0.168118  0.224832 0.00257902 0.938567 0.483321 4.76323 0.0167578
1  0.953392 -0.110377 -0.280822  -0.23834 -0.846219 -0.476559 -0.185036  0.521278 -0.833085 0.0766373 -0.168124  0.224868 0.00261436 0.941004 0.438943 6.07803 0.0165131
1  0.953322 -0.109859 -0.281261 -0.238166  -0.84616  -0.47675 -0.185616  0.521483 -0.832828 0.0767378 -0.168343  0.224767 0.00262107 0.941004 0.40176 10.9177 0.0168067
1   0.95426 -0.104273 -0.280206 -0.233165 -0.846189 -0.479164 -0.187144  0.522581 -0.831797 0.0772146 -0.168345   0.22454 0.00263336 0.941492 0.465384 9.53411 0.0176963
1  0.953338 -0.108964 -0.281554 -0.237616 -0.846112  -0.47711 -0.186239  0.521749 -0.832522 0.0769175 -0.168417  0.224675 0.0026181 0.940517 0.441649 5.87562 0.0170049
1  0.953865 -0.106912 -0.280555 -0.235426 -0.846253 -0.477944 -0.186323  0.521944 -0.832381 0.0768826 -0.168522  0.224665 0.00263382 0.941492 0.63113 12.9397 0.0171047
1   0.95421 -0.105621 -0.279869 -0.233809 -0.846928 -0.477541 -0.186591  0.521111 -0.832843 0.0770779 -0.168263  0.224748 0.00259175 0.939542 0.437187 5.65603 0.0170711
1  0.951587 -0.110134 -0.286971  -0.24165 -0.845032 -0.476998 -0.189966  0.523251 -0.830735 0.0778641  -0.16898  0.224011 0.00267388 0.940517 0.419393 6.34335 0.0199161
1  0.955073  -0.10571 -0.276878 -0.232795 -0.845754 -0.480111 -0.183418  0.522996 -0.832366 0.0762106 -0.168803  0.224706 0.00261007 0.940517 0.386783 11.8445 0.0174029
1  0.957242 -0.107614 -0.268528 -0.229624 -0.847235 -0.479025 -0.175957  0.520203  -0.83572 0.0741134 -0.167636  0.226196 0.00266083 0.941492 0.524677 6.14466 0.0181373
1  0.953734 -0.106457 -0.281171 -0.235593 -0.845634 -0.478956  -0.18678  0.523039 -0.831591 0.0770863 -0.169004  0.224332 0.00263618 0.941004 0.539034 7.21173 0.0178873
1  0.953507 -0.113191 -0.279305 -0.240056 -0.845575  -0.47684 -0.182199   0.52172 -0.833434 0.0756304 -0.168476  0.224976 0.00260991 0.940517 0.356089 9.4252 0.0168191
1  0.953822 -0.106496  -0.28086 -0.234995 -0.846954 -0.476914 -0.187086  0.520892 -0.832869 0.0772746  -0.16827  0.224681 0.00257173 0.938079 0.42634 4.57232 0.0170999
1   0.958491 -0.0949223   -0.26886  -0.221721  -0.840997  -0.493522  -0.179264   0.532648  -0.827134  0.0749818  -0.170755   0.223555 0.00292051 0.94198 0.339801 6.7978 0.0293398
1  0.958097 -0.106195  -0.26603  -0.22757 -0.846223 -0.481787 -0.173958  0.522139 -0.834931    0.0735 -0.168233  0.225977 0.00266164 0.940517 0.469566 7.37014 0.0204962
1  0.953131 -0.108072 -0.282599 -0.237586 -0.845665 -0.477916 -0.187335  0.522658 -0.831706 0.0771217 -0.168828   0.22434 0.00262655 0.940517 0.482552 5.68371 0.0178696
1   0.95298 -0.107296   -0.2834 -0.236591 -0.847813 -0.474592 -0.189349  0.519327 -0.833335 0.0778746 -0.167818  0.224761 0.00261104 0.940029 0.44682 9.51714 0.0176128
1  0.953769 -0.104565 -0.281765 -0.233616 -0.847749 -0.476178 -0.189074  0.519989 -0.832984  0.077808 -0.167863  0.224806 0.00261244 0.939542 0.478939 5.44317 0.0176003
1  0.950801  -0.11889  -0.28608 -0.248527 -0.844036 -0.475224 -0.184962  0.522942 -0.832058  0.076171 -0.169248  0.224176 0.00267126 0.939542 0.422451 7.15743 0.0216674
1  0.953841  -0.10726 -0.280505  -0.23569 -0.846222  -0.47787 -0.186113  0.521924 -0.832441 0.0768686 -0.168539  0.224625 0.00263089 0.94198 0.280042 4.88808 0.0170773
1  0.952931 -0.108445 -0.283129  -0.23801 -0.846056 -0.477013 -0.187814  0.521948 -0.832044 0.0772483 -0.168544  0.224466 0.00261199 0.939542 0.420634 9.60952 0.0177227
1  0.953975 -0.109493 -0.279183 -0.236953 -0.845825 -0.477947 -0.183808  0.522103  -0.83284 0.0761851 -0.168509  0.224826 0.00261681 0.941004 0.478186 4.57989 0.0165711
1  0.953963 -0.105666 -0.280694 -0.234165 -0.847186  -0.47691 -0.187407  0.520683 -0.832927 0.0772126 -0.168075  0.224865 0.00263107 0.941004 0.516601 6.79434 0.0170341
1  0.953627 -0.109505 -0.280364 -0.237445 -0.846131  -0.47716 -0.184973  0.521604 -0.832895 0.0765761 -0.168391  0.224799 0.00261088 0.940517 0.433632 5.70129 0.0166389
1  0.959952 -0.110495 -0.257456 -0.227159 -0.844844 -0.484394 -0.163987  0.523478 -0.836109 0.0704384 -0.168337   0.22696 0.00288109 0.941004 0.253333 5.97461 0.027033
1  0.957231 -0.110044  -0.26758 -0.231289 -0.846681 -0.479204 -0.173822  0.520597 -0.835921 0.0734314 -0.167911  0.226222 0.00264095 0.940517 0.319356 7.00641 0.0187425
1  0.953045 -0.109504 -0.282336 -0.238386 -0.846255 -0.476471 -0.186753  0.521404 -0.832623 0.0770842 -0.168339  0.224602 0.00259181 0.939542 0.400796 4.11314 0.0172069
1  0.951141 -0.112847 -0.287398 -0.243487 -0.846503 -0.473441 -0.189857  0.520286  -0.83262 0.0781725 -0.168137  0.224402 0.00265197 0.941004 0.397944 5.12981 0.019783
1  0.954787 -0.107275 -0.277262 -0.233917 -0.846674 -0.477939 -0.183479  0.521186 -0.833487 0.0762245 -0.168285  0.225045 0.00261164 0.941004 0.428064 6.08191 0.0164031
1   0.95701  -0.10079 -0.271981 -0.225978 -0.846934 -0.481287 -0.181841  0.522058   -0.8333 0.0747779 -0.168568    0.2253 0.00281621 0.942955 0.333072 6.457 0.0198172
1  0.954016 -0.110303 -0.278723 -0.237265 -0.846122 -0.477266 -0.183189   0.52145 -0.833385 0.0759689 -0.168293  0.225005 0.00260279 0.940517 0.495278 10.1324 0.0162674
1  0.956198 -0.108336 -0.271935 -0.232551 -0.845353 -0.480934 -0.177779  0.523107 -0.833519   0.07422 -0.168496  0.225707 0.00280313 0.942467 0.262936 10.7326 0.0174624
1  0.954959 -0.099476 -0.279567 -0.229319 -0.845324 -0.482535 -0.188324  0.524911 -0.830062 0.0774233 -0.169229  0.223996 0.00267796 0.94198 0.369223 5.84891 0.0207865
1  0.955384 -0.103461 -0.276655 -0.231359 -0.844399  -0.48318 -0.183617  0.525629 -0.830662 0.0762664 -0.169705  0.224245 0.00268068 0.941492 0.423197 6.37566 0.0194724
1  0.950995 -0.112511 -0.288011 -0.242607 -0.848995 -0.469414 -0.191705  0.516284 -0.834686 0.0785442  -0.16715  0.224985 0.00265008 0.939542 0.41155 11.6477 0.0203746
1  0.953084 -0.105838 -0.283599 -0.235651 -0.847469 -0.475673 -0.189998  0.520187  -0.83265 0.0780498 -0.167905  0.224625 0.00262698 0.941004 0.481868 5.86557 0.0179551
1  0.955105 -0.113593 -0.273624 -0.237583 -0.845434 -0.478326 -0.176997   0.52186 -0.834466 0.0744136 -0.168541  0.225617 0.00270613 0.942955 0.49828 8.20604 0.0170934
1  0.952187  -0.11271 -0.283966 -0.241121 -0.848024 -0.471927 -0.187619  0.517833 -0.834654 0.0778024 -0.167427  0.224984 0.00263776 0.939542 0.504586 5.91466 0.0178425
1  0.953541 -0.108319 -0.281115 -0.236864 -0.846159 -0.477399 -0.186157  0.521806 -0.832505 0.0769115 -0.168418  0.224687 0.00261752 0.940517 0.39874 6.45525 0.0169414
1  0.953601  -0.11205 -0.279445 -0.239202 -0.845609 -0.477208  -0.18283   0.52191 -0.833176 0.0758491 -0.168455  0.224945 0.00261364 0.940517 0.43181 9.62179 0.0166375
1  0.953916 -0.109741 -0.279289 -0.237205  -0.84582  -0.47783  -0.18379  0.522058 -0.832872 0.0761013  -0.16849  0.224882 0.00261619 0.940517 0.325372 4.88163 0.0165319
1  0.954189 -0.107794 -0.279114 -0.235081 -0.847176 -0.476477 -0.185098  0.520263 -0.833705 0.0765745 -0.168082  0.225018 0.00258456 0.939054 0.46268 7.26006 0.0163345
1  0.953831 -0.107354 -0.280504 -0.235688 -0.846434 -0.477494 -0.186167   0.52156 -0.832656 0.0770494 -0.168517   0.22466 0.00259553 0.939054 0.343477 6.93628 0.0170133
1  0.954847 -0.108278 -0.276665 -0.234525 -0.846379 -0.478164 -0.182389  0.521458 -0.833556 0.0758702 -0.168365  0.225137 0.00262115 0.941004 0.401771 6.04859 0.0163051
1   0.95023 -0.104229 -0.293597 -0.239891 -0.846067 -0.476049 -0.198784  0.522787 -0.828962  0.080421 -0.169012  0.223109 0.00270842 0.940029 0.517255 5.83712 0.0252822
1   0.95268 -0.109994 -0.283376 -0.239626  -0.84534 -0.477473 -0.187029  0.522783 -0.831696 0.0771773 -0.168682  0.224298 0.00260135 0.939542 0.418874 6.261 0.0179782
1  0.961063 -0.102632 -0.256562 -0.219945  -0.84617 -0.485407 -0.167277  0.522936 -0.835797 0.0714785 -0.168387  0.226777 0.00283457 0.940029 0.335416 4.32828 0.0285797
1  0.954521 -0.108307 -0.277774 -0.235201   -0.8461 -0.478326 -0.183219  0.521905 -0.833094 0.0760751 -0.168579  0.224979 0.00264519 0.94198 0.416453 5.28066 0.0165093
1  0.952153 -0.108355 -0.285768 -0.239313 -0.845904 -0.476629 -0.190087  0.522212 -0.831361   0.07814 -0.168568  0.224115 0.00261532 0.939542 0.497471 6.92759 0.0190422
1  0.954057 -0.107765 -0.279576 -0.235666 -0.846113 -0.478073 -0.185034  0.521995 -0.832637 0.0766348   -0.1684  0.224717 0.00260075 0.940517 0.442994 7.30554 0.0167224
1  0.954321 -0.104271 -0.279999 -0.233171 -0.845877 -0.479711 -0.186825  0.523086 -0.831551  0.077083 -0.169056  0.224356 0.00264527 0.941004 0.421974 4.73012 0.018266
1  0.954438 -0.117497 -0.274303  -0.24102 -0.845516 -0.476458 -0.175945  0.520862 -0.835312 0.0739167 -0.168199  0.225716 0.00263041 0.940517 0.410375 6.11664 0.0179645
1  0.954329 -0.106991 -0.278944 -0.234913 -0.845596 -0.479358 -0.184587  0.522993  -0.83211 0.0763708 -0.168794  0.224738 0.00267081 0.94198 0.454917 6.00026 0.0170994
1  0.954017 -0.112335 -0.277906 -0.238628 -0.845702 -0.477331 -0.181405  0.521698 -0.833621 0.0754164 -0.168551  0.225106 0.00261811 0.940517 0.416297 5.1334 0.0165583
1  0.953733 -0.106049 -0.281332 -0.235586 -0.844967 -0.480136 -0.186798  0.524199 -0.830856 0.0770643 -0.169195  0.224144 0.00264128 0.941004 0.372771 5.97262 0.0184004
1  0.954424 -0.109705  -0.27756 -0.236258 -0.845971 -0.478032 -0.182365  0.521821 -0.833334 0.0756537  -0.16838  0.225106 0.00262399 0.941004 0.390381 5.31442 0.0162517
1  0.953541 -0.111982 -0.279676 -0.239214  -0.84575 -0.476953 -0.183126  0.521697 -0.833245 0.0759638 -0.168485  0.224955 0.00263155 0.941492 0.409075 4.93949 0.0166514
1  0.953048 -0.110022 -0.282126 -0.238782 -0.846013 -0.476703 -0.186234  0.521687 -0.832562 0.0769311  -0.16839  0.224649 0.00261481 0.940517 0.381983 10.2103 0.0171363
1  0.955337 -0.109117 -0.274635 -0.234279 -0.846093  -0.47879 -0.180123  0.521747 -0.833868  0.075189 -0.168068  0.225412 0.00264292 0.94198 0.336066 9.7576 0.0162199
1  0.954195 -0.106688 -0.279516 -0.234935 -0.845665 -0.479225 -0.185249  0.522942 -0.831994  0.076654  -0.16881  0.224576 0.00264364 0.94198 0.448859 4.33502 0.0173032
1  0.951657 -0.120381 -0.282592 -0.247208  -0.84622 -0.472017 -0.182313  0.519057  -0.83507 0.0759154 -0.167901  0.225065 0.00259734 0.937104 0.503878 5.4686 0.0200139
1  0.954638 -0.102043 -0.279738 -0.231854 -0.844209 -0.483276 -0.186842  0.526212 -0.829573 0.0768524 -0.169809  0.223812 0.00267813 0.940517 0.389251 9.81556 0.0204388
1  0.952508  -0.10735 -0.284965 -0.237884 -0.846525 -0.476242 -0.190105  0.521413 -0.831859 0.0780764  -0.16839  0.224299 0.00260206 0.939054 0.453394 5.04777 0.0185892
1  0.953929 -0.108176 -0.279853 -0.236053 -0.846338 -0.477485 -0.185198  0.521547 -0.832881 0.0766378 -0.168427   0.22481 0.00262768 0.941492 0.222503 4.98803 0.0166566
1   0.961779 -0.0984978  -0.255498   -0.21591  -0.846663  -0.486358  -0.168415   0.522934   -0.83557  0.0717103  -0.168615   0.226575 0.00280469 0.939542 0.351502 6.18776 0.0309209
1  0.954089 -0.106996 -0.279759 -0.235007 -0.846497 -0.477718 -0.185701  0.521531 -0.832779 0.0767467 -0.168184  0.224906 0.00264207 0.941492 0.493898 11.3043 0.016586
1   0.95344  -0.10389 -0.283122 -0.234444 -0.845855  -0.47913 -0.189704  0.523198 -0.830829 0.0779186 -0.169069  0.224023 0.00265808 0.941492 0.401762 5.83861 0.0192788
1  0.953502 -0.106157 -0.282072  -0.23571 -0.845897 -0.478434 -0.187815  0.522675 -0.831587 0.0774057 -0.168878  0.224327 0.00264744 0.941492 0.514644 5.13064 0.018047
1  0.955172  -0.10365 -0.277315 -0.231098 -0.846517 -0.479587 -0.185043  0.522175 -0.832522 0.0767402 -0.168489  0.224757 0.00259837 0.939542 0.392136 5.75432 0.0176819
1  0.953279 -0.106513 -0.282691  -0.23595  -0.84688 -0.476572 -0.188645  0.521007 -0.832445 0.0776426 -0.168169   0.22449 0.00257943 0.939054 0.422942 5.30058 0.0176421
1  0.953538 -0.110687 -0.280203  -0.23845 -0.845733 -0.477365 -0.184139     0.522 -0.832832 0.0763294 -0.168593  0.224811 0.00263108 0.941004 0.388256 4.66643 0.0167657
1  0.953175 -0.109905 -0.281741 -0.238472 -0.846079  -0.47674 -0.185979  0.521604 -0.832671 0.0768359 -0.168414   0.22468 0.00261288 0.940517 0.368121 5.27026 0.0170278
1  0.953667 -0.107528 -0.280993 -0.236258 -0.845916 -0.478131 -0.186284  0.522364 -0.832126 0.0770665 -0.168503  0.224552 0.00260642 0.940029 0.410702 7.85797 0.0171598
1  0.953631 -0.111125 -0.279711 -0.238385 -0.846211  -0.47655 -0.183738  0.521132 -0.833464 0.0760539 -0.168252  0.225017 0.00261011 0.940517 0.573215 5.38119 0.0163788
1  0.953164 -0.110099 -0.281703 -0.238628 -0.846023 -0.476762 -0.185836  0.521655 -0.832671 0.0767858 -0.168431  0.224698 0.00262298 0.941004 0.373799 5.56525 0.0170187
1  0.960049 -0.094936 -0.263237 -0.216879 -0.846878 -0.485552 -0.176834  0.523244 -0.833634  0.074402 -0.168394  0.225777 0.00276462 0.940517 0.272786 5.64991 0.0269975
1  0.953064 -0.109164 -0.282404 -0.238189 -0.846145 -0.476765 -0.186909  0.521653 -0.832432 0.0771178 -0.168515  0.224592 0.00260828 0.939542 0.378551 11.3218 0.0173439
1  0.953523 -0.108074 -0.281273 -0.236838 -0.845904 -0.477864 -0.186285   0.52227 -0.832185 0.0768954 -0.168665  0.224555 0.00264134 0.94198 0.345209 9.72184 0.0172594
1  0.955492  -0.10567 -0.275442  -0.23154  -0.84719 -0.478182 -0.182822  0.520675  -0.83395 0.0760438 -0.168068  0.225248 0.00260166 0.940517 0.426756 5.02659 0.0166736
1  0.953869 -0.103698 -0.281744 -0.233815 -0.845252   -0.4805 -0.188318   0.52421 -0.830506 0.0775683 -0.169684  0.223878 0.0026776 0.940029 0.319251 6.03732 0.0195649
1  0.953867 -0.110411 -0.279189 -0.237662 -0.845904 -0.477455 -0.183451  0.521781 -0.833121 0.0759979 -0.168424  0.224948 0.00262037 0.941004 0.397116 9.92963 0.0164377
1  0.953887  -0.10908 -0.279644 -0.236613 -0.846505 -0.476911 -0.184699  0.521087  -0.83328 0.0764075 -0.168331  0.224973 0.00264808 0.942467 0.470366 5.83675 0.0164054
1  0.951534 -0.113753 -0.285734 -0.243313 -0.846693  -0.47319 -0.188102   0.51978 -0.833335 0.0783759 -0.167785  0.224628 0.00276923 0.939542 0.366394 5.32617 0.0188047
1  0.953786 -0.110659 -0.279367  -0.23787 -0.846128 -0.476955 -0.183601  0.521366 -0.833347 0.0762454  -0.16829  0.224961 0.00260154 0.940029 0.55789 5.82185 0.0163413
1   0.95386 -0.107748 -0.280252 -0.235971 -0.846173 -0.477817 -0.185658  0.521902 -0.832556 0.0767544 -0.168511  0.224694 0.0026196 0.941004 0.508847 10.1128 0.0169008
1  0.950406 -0.112259 -0.290047 -0.244295 -0.846618 -0.472819  -0.19248  0.520227 -0.832055 0.0787266 -0.168419   0.22413 0.00267355 0.940029 0.489521 5.53507 0.0216448
