1   0.95421 -0.105988  -0.27973 -0.234165 -0.846558 -0.478024 -0.186143  0.521639 -0.832613 0.0769527 -0.168286  0.224636 0.00257874 0.939542 0.518532 0.841139 0.0170412
1  0.954261  -0.10861  -0.27855 -0.235674 -0.846549 -0.477297 -0.183967  0.521113 -0.833425 0.0763698 -0.168024  0.224769 0.0025407 0.937104 0.449742 1.16743 0.0162885
1  0.953965 -0.107678 -0.279923 -0.235699 -0.846317 -0.477697 -0.185467  0.521683 -0.832736 0.0767065 -0.168306  0.224654 0.00256482 0.938567 0.473465 0.645374 0.0167635
1  0.953986 -0.107828 -0.279793 -0.235778 -0.846247 -0.477781 -0.185256  0.521765 -0.832731 0.0766401 -0.168375  0.224658 0.00258082 0.939542 0.423292 1.12965 0.0167695
1  0.954296 -0.105685 -0.279553 -0.233822 -0.846592 -0.478131 -0.186136  0.521644 -0.832611 0.0769426 -0.168267  0.224644 0.00258508 0.940029 0.439151 1.24868 0.0170769
1  0.953684 -0.108281 -0.280646 -0.236549 -0.846299 -0.477307 -0.185827  0.521586 -0.832716 0.0768432 -0.168236  0.224615 0.00256189 0.938567 0.420273 1.38412 0.0167937
1  0.953378 -0.109118 -0.281359 -0.237584 -0.846272 -0.476841 -0.186074  0.521456 -0.832742 0.0769254 -0.168217  0.224594 0.00256883 0.939054 0.420231 1.05096 0.016891
1  0.954643 -0.108368 -0.277332 -0.234934 -0.846369  -0.47798 -0.182927  0.521455  -0.83344 0.0758861 -0.168096  0.224963 0.00257846 0.940029 0.465928 0.713809 0.0162284
1   0.95452 -0.104825 -0.279113 -0.232734 -0.847095 -0.477772 -0.186353  0.521001 -0.832965 0.0770415 -0.167953  0.224767 0.00259762 0.941004 0.443085 1.4767 0.0170178
1  0.954292 -0.109943 -0.277921 -0.236589 -0.846085 -0.477667 -0.182629  0.521587 -0.833423  0.075791   -0.1683   0.22495 0.00257066 0.939054 0.31588 0.684542 0.0162938
1  0.953378 -0.109118 -0.281359 -0.237584 -0.846272 -0.476841 -0.186074  0.521456 -0.832742 0.0769254 -0.168217  0.224594 0.00256884 0.939054 0.499775 1.3507 0.016891
1   0.95428 -0.107896 -0.278761   -0.2353 -0.846291 -0.477939 -0.184345   0.52168 -0.832987 0.0763606 -0.168301  0.224769 0.00257047 0.939054 0.449304 0.618005 0.0165446
1  0.953378 -0.109118 -0.281359 -0.237584 -0.846272 -0.476841 -0.186074  0.521456 -0.832742 0.0769253 -0.168217  0.224594 0.00256884 0.939054 0.425269 1.61416 0.016891
1  0.953378 -0.109118 -0.281359 -0.237584 -0.846272 -0.476841 -0.186074  0.521456 -0.832742 0.0769254 -0.168217  0.224594 0.00256883 0.939054 0.348658 1.55423 0.016891
1  0.953965 -0.107678 -0.279924 -0.235699 -0.846317 -0.477697 -0.185467  0.521683 -0.832736 0.0767065 -0.168306  0.224654 0.00256482 0.938567 0.436674 1.22431 0.0167636
1  0.953377 -0.113769 -0.279516  -0.24008 -0.847124 -0.474071  -0.18285  0.519074 -0.834942 0.0760558 -0.167225  0.225223 0.00259861 0.940029 0.38084 0.733904 0.0162072
1  0.953378 -0.109118 -0.281359 -0.237584 -0.846272 -0.476841 -0.186074  0.521456 -0.832742 0.0769254 -0.168217  0.224594 0.00256884 0.939054 0.522519 1.05184 0.016891
1  0.953684 -0.108281 -0.280646 -0.236549 -0.846299 -0.477307 -0.185827  0.521586 -0.832716 0.0768432 -0.168236  0.224615 0.00256189 0.938567 0.422934 2.05093 0.0167937
1  0.953378 -0.109118 -0.281359 -0.237584 -0.846272 -0.476841 -0.186074  0.521456 -0.832742 0.0769254 -0.168217  0.224594 0.00256884 0.939054 0.426224 1.38906 0.016891
1  0.953965 -0.107678 -0.279924 -0.235699 -0.846317 -0.477697 -0.185467  0.521683 -0.832736 0.0767065 -0.168306  0.224654 0.00256482 0.938567 0.415601 1.37257 0.0167636
1  0.953378 -0.109118 -0.281359 -0.237584 -0.846272 -0.476841 -0.186074  0.521456 -0.832742 0.0769254 -0.168217  0.224594 0.00256884 0.939054 0.520482 2.85189 0.016891
1  0.953666 -0.108163 -0.280751 -0.236499  -0.84632 -0.477295  -0.18598  0.521578 -0.832687 0.0768963 -0.168225  0.224602 0.00256835 0.939054 0.368239 1.38822 0.0168273
1  0.953991 -0.108223 -0.279622 -0.236015 -0.846227   -0.4777 -0.184926  0.521716 -0.832835 0.0765403 -0.168351   0.22469 0.0025591 0.938079 0.301636 0.772603 0.0166684
1  0.953999 -0.107461  -0.27989 -0.235488 -0.846373 -0.477701 -0.185557  0.521637 -0.832744 0.0767434 -0.168257  0.224655 0.00256261 0.938567 0.435312 1.17586 0.0167578
1  0.953965 -0.107678 -0.279924 -0.235699 -0.846317 -0.477697 -0.185467  0.521683 -0.832736 0.0767065 -0.168306  0.224654 0.00256482 0.938567 0.343605 0.910207 0.0167635
1  0.953378 -0.109118 -0.281359 -0.237584 -0.846272 -0.476841 -0.186074  0.521456 -0.832742 0.0769254 -0.168217  0.224594 0.00256883 0.939054 0.440329 1.72096 0.016891
1  0.953965 -0.107678 -0.279923 -0.235699 -0.846317 -0.477697 -0.185467  0.521683 -0.832736 0.0767065 -0.168306  0.224654 0.00256482 0.938567 0.442503 1.18824 0.0167635
1  0.953378 -0.109118 -0.281359 -0.237584 -0.846272 -0.476841 -0.186074  0.521456 -0.832742 0.0769254 -0.168217  0.224594 0.00256884 0.939054 0.405441 1.57065 0.0168911
1  0.953965 -0.107678 -0.279924 -0.235699 -0.846317 -0.477697 -0.185467  0.521683 -0.832736 0.0767065 -0.168306  0.224654 0.00256482 0.938567 0.477962 0.976959 0.0167635
1  0.954292 -0.109943 -0.277921 -0.236589 -0.846085 -0.477667 -0.182629  0.521587 -0.833423  0.075791   -0.1683   0.22495 0.00257066 0.939054 0.29426 0.696163 0.0162938
1  0.953666 -0.108163 -0.280751 -0.236499  -0.84632 -0.477295  -0.18598  0.521578 -0.832687 0.0768962 -0.168225  0.224602 0.00256835 0.939054 0.359514 2.29619 0.0168273
1  0.953378 -0.109118 -0.281359 -0.237584 -0.846272 -0.476841 -0.186074  0.521456 -0.832742 0.0769253 -0.168217  0.224594 0.00256884 0.939054 0.466585 2.79672 0.016891
1   0.95419  -0.11393 -0.276661 -0.238904 -0.846791 -0.475258 -0.180128  0.519581 -0.835218 0.0751001 -0.167406  0.225457 0.00258312 0.939542 0.482499 1.72167 0.0160633
1  0.953982 -0.107855 -0.279797 -0.235805 -0.846237 -0.477785 -0.185243  0.521776 -0.832727 0.0766344 -0.168379  0.224657 0.00258094 0.939542 0.446115 1.05681 0.0167703
1  0.953378 -0.109118 -0.281359 -0.237584 -0.846272 -0.476841 -0.186074  0.521456 -0.832742 0.0769254 -0.168217  0.224594 0.00256884 0.939054 0.413681 2.65516 0.0168911
1  0.953991 -0.108223 -0.279622 -0.236015 -0.846227   -0.4777 -0.184926  0.521716 -0.832835 0.0765403 -0.168351   0.22469 0.0025591 0.938079 0.480459 0.923512 0.0166684
1  0.953666 -0.108163 -0.280752   -0.2365  -0.84632 -0.477295  -0.18598  0.521578 -0.832687 0.0768963 -0.168225  0.224602 0.00256835 0.939054 0.452258 1.44101 0.0168273
1  0.954193 -0.107433 -0.279239 -0.235007 -0.846748 -0.477272 -0.185171  0.521033 -0.833208 0.0766355 -0.167938  0.224855 0.00258095 0.940029 0.638534 4.77851 0.0163613
1  0.954996 -0.106582 -0.276808 -0.233166 -0.846587 -0.478459 -0.183347  0.521469 -0.833339 0.0761564 -0.168011  0.224837 0.0025672 0.939054 0.442519 1.13162 0.0165431
1  0.953378 -0.109118 -0.281359 -0.237584 -0.846272 -0.476841 -0.186074  0.521456 -0.832742 0.0769253 -0.168217  0.224594 0.00256883 0.939054 0.442203 1.49512 0.016891
1  0.953534 -0.106824 -0.281711 -0.235999 -0.846074 -0.477979 -0.187288  0.522253 -0.831971 0.0773093 -0.168543  0.224264 0.00254885 0.937104 0.401167 1.68732 0.0176585
1  0.953378 -0.109118 -0.281359 -0.237584 -0.846272 -0.476841 -0.186074  0.521456 -0.832742 0.0769253 -0.168217  0.224594 0.00256884 0.939054 0.54111 1.4182 0.016891
1  0.954313 -0.110101 -0.277786 -0.236632  -0.84613 -0.477566 -0.182462  0.521481 -0.833526 0.0757396 -0.168261  0.224986 0.0025699 0.939054 0.550624 0.612194 0.0162454
1  0.953378 -0.109118 -0.281359 -0.237584 -0.846272 -0.476841 -0.186074  0.521456 -0.832742 0.0769254 -0.168217  0.224594 0.00256884 0.939054 0.366224 2.24631 0.016891
1  0.954964 -0.106712  -0.27687 -0.233313 -0.846552 -0.478449 -0.183328  0.521499 -0.833324 0.0761585 -0.168023  0.224829 0.0025673 0.939054 0.427327 1.39744 0.0165257
1  0.953378 -0.109118 -0.281359 -0.237584 -0.846272 -0.476841 -0.186074  0.521456 -0.832742 0.0769254 -0.168217  0.224594 0.00256884 0.939054 0.419299 1.20094 0.0168911
1  0.954445 -0.106044 -0.278909 -0.233904  -0.84626 -0.478678 -0.185269   0.52211 -0.832512 0.0766674 -0.168425  0.224605 0.00257717 0.939542 0.486399 0.859422 0.0170723
1  0.953309 -0.109511 -0.281443  -0.23797 -0.846185 -0.476803 -0.185938  0.521515 -0.832736 0.0768815 -0.168276   0.22459 0.00257149 0.939054 0.493399 0.888071 0.0169367
1  0.953849 -0.109427  -0.27964 -0.236856 -0.846597 -0.476627 -0.184586  0.520864 -0.833444 0.0765593 -0.167961  0.224732 0.0025344 0.936616 0.463056 2.98974 0.0163365
1   0.95451 -0.105467 -0.278905 -0.233182 -0.846987 -0.477744 -0.185842  0.521047  -0.83305 0.0768751 -0.167957  0.224803 0.00260252 0.941492 0.480918 1.17749 0.0167932
1  0.953378 -0.109118 -0.281359 -0.237584 -0.846272 -0.476841 -0.186074  0.521456 -0.832742 0.0769254 -0.168217  0.224594 0.00256884 0.939054 0.444595 1.61228 0.0168911
1  0.953965 -0.107678 -0.279924 -0.235699 -0.846317 -0.477697 -0.185467  0.521683 -0.832736 0.0767065 -0.168306  0.224654 0.00256482 0.938567 0.298123 0.82226 0.0167635
1  0.953378 -0.109118 -0.281359 -0.237584 -0.846272 -0.476841 -0.186074  0.521456 -0.832742 0.0769254 -0.168217  0.224594 0.00256884 0.939054 0.430206 2.61863 0.0168911
1  0.953666 -0.108163 -0.280752   -0.2365  -0.84632 -0.477295  -0.18598  0.521578 -0.832687 0.0768963 -0.168225  0.224602 0.00256835 0.939054 0.487849 1.23304 0.0168274
1  0.953934 -0.106852 -0.280345 -0.234944 -0.847171 -0.476553 -0.186579  0.520465 -0.833249 0.0771377  -0.16775   0.22481 0.00259377 0.941004 0.523454 1.27602 0.0165679
1  0.953955 -0.107708 -0.279945 -0.235735 -0.846311 -0.477689  -0.18547  0.521687 -0.832733 0.0767065  -0.16831  0.224653 0.002565 0.938567 0.443585 0.87759 0.0167663
1  0.954436 -0.109323 -0.277671 -0.235947 -0.846144  -0.47788 -0.182706  0.521622 -0.833384 0.0758358 -0.168209  0.224931 0.00255831 0.938567 0.336986 0.649555 0.016256
1  0.954445 -0.106044 -0.278909 -0.233904  -0.84626 -0.478678 -0.185269   0.52211 -0.832512 0.0766674 -0.168425  0.224605 0.00257717 0.939542 0.335792 0.537583 0.0170723
1  0.953378 -0.109118 -0.281359 -0.237584 -0.846272 -0.476841 -0.186074  0.521456 -0.832742 0.0769253 -0.168217  0.224594 0.00256884 0.939054 0.406107 1.33077 0.016891
1  0.954643 -0.108368 -0.277332 -0.234934 -0.846369 -0.477981 -0.182927  0.521455  -0.83344 0.0758861 -0.168096  0.224963 0.00257846 0.940029 0.414634 1.03153 0.0162283
1  0.953372 -0.109362 -0.281286 -0.237773 -0.846188 -0.476897 -0.185866  0.521542 -0.832735 0.0768539 -0.168308   0.22459 0.00257242 0.939054 0.436653 0.808725 0.0169232
1  0.954136 -0.108652 -0.278961  -0.23604 -0.846192 -0.477749 -0.184146  0.521683 -0.833029 0.0763008 -0.168345  0.224771 0.00256606 0.938567 0.392312 0.979127 0.0165129
1  0.953378 -0.109118 -0.281359 -0.237584 -0.846272 -0.476841 -0.186074  0.521456 -0.832742 0.0769254 -0.168217  0.224594 0.00256884 0.939054 0.369761 2.55858 0.0168911
1  0.953378 -0.109118 -0.281359 -0.237584 -0.846272 -0.476841 -0.186074  0.521456 -0.832742 0.0769254 -0.168217  0.224594 0.00256884 0.939054 0.481716 2.33909 0.016891
1  0.954087 -0.106693 -0.279885 -0.234778 -0.846638 -0.477581 -0.186006  0.521365 -0.832815 0.0769209 -0.168149  0.224691 0.00257543 0.939542 0.393373 1.09908 0.0167932
1  0.953964 -0.107678 -0.279924 -0.235699 -0.846317 -0.477697 -0.185467  0.521683 -0.832736 0.0767065 -0.168306  0.224654 0.00256483 0.938567 0.448124 0.89176 0.0167636
1  0.953309 -0.109511 -0.281443  -0.23797 -0.846185 -0.476803 -0.185938  0.521515 -0.832736 0.0768815 -0.168276   0.22459 0.00257149 0.939054 0.429001 2.35877 0.0169367
1  0.954518  -0.10485 -0.279111 -0.232751 -0.847099 -0.477755 -0.186342  0.520989 -0.832975 0.0770385 -0.167948  0.224771 0.0026045 0.941492 0.4863 1.36537 0.0170048
1  0.953965 -0.107678 -0.279923 -0.235699 -0.846317 -0.477697 -0.185467  0.521683 -0.832736 0.0767065 -0.168306  0.224654 0.00256482 0.938567 0.52448 1.50737 0.0167635
1  0.953786 -0.109625 -0.279777 -0.237085 -0.846589 -0.476527 -0.184617  0.520836 -0.833455 0.0765713 -0.167908  0.224736 0.00254151 0.937104 0.522663 1.58238 0.016315
1  0.953964 -0.107678 -0.279924 -0.235699 -0.846317 -0.477697 -0.185467  0.521683 -0.832736 0.0767065 -0.168306  0.224654 0.00256482 0.938567 0.410845 1.50147 0.0167636
1  0.953378 -0.109118 -0.281359 -0.237584 -0.846272 -0.476841 -0.186074  0.521456 -0.832742 0.0769254 -0.168217  0.224594 0.00256884 0.939054 0.450249 2.53672 0.016891
1  0.953926   -0.1079 -0.279967 -0.235905   -0.8463 -0.477625   -0.1854  0.521665 -0.832762 0.0766829 -0.168319   0.22466 0.00256574 0.938567 0.338382 0.739152 0.0167468
1   0.95419  -0.11393 -0.276661 -0.238904 -0.846791 -0.475258 -0.180128  0.519581 -0.835218    0.0751 -0.167406  0.225457 0.00258312 0.939542 0.462978 2.17386 0.0160633
1  0.953372 -0.109362 -0.281286 -0.237773 -0.846188 -0.476897 -0.185866  0.521542 -0.832735 0.0768539 -0.168308   0.22459 0.00257242 0.939054 0.349323 0.804788 0.0169232
1  0.953999 -0.107461  -0.27989 -0.235488 -0.846373 -0.477701 -0.185557  0.521637 -0.832745 0.0767433 -0.168257  0.224655 0.00256261 0.938567 0.415131 1.18768 0.0167577
1  0.953378 -0.109118 -0.281359 -0.237584 -0.846272 -0.476841 -0.186074  0.521456 -0.832742 0.0769254 -0.168217  0.224594 0.00256884 0.939054 0.542133 1.49351 0.0168911
1  0.953666 -0.108163 -0.280751 -0.236499  -0.84632 -0.477295  -0.18598  0.521578 -0.832687 0.0768963 -0.168225  0.224602 0.00256835 0.939054 0.426245 1.31351 0.0168273
1  0.953378 -0.109118 -0.281359 -0.237584 -0.846272 -0.476841 -0.186074  0.521456 -0.832742 0.0769254 -0.168217  0.224594 0.00256884 0.939054 0.397721 0.844077 0.016891
1  0.953965 -0.107678 -0.279924 -0.235699 -0.846317 -0.477697 -0.185467  0.521683 -0.832736 0.0767065 -0.168306  0.224654 0.00256482 0.938567 0.434182 1.13628 0.0167635
1  0.953684 -0.108281 -0.280646 -0.236549 -0.846299 -0.477307 -0.185827  0.521586 -0.832716 0.0768432 -0.168236  0.224615 0.00256189 0.938567 0.507738 1.52482 0.0167937
1  0.953965 -0.107678 -0.279924 -0.235699 -0.846317 -0.477697 -0.185467  0.521683 -0.832736 0.0767065 -0.168306  0.224654 0.00256482 0.938567 0.450688 1.14292 0.0167635
1  0.953378 -0.109118 -0.281359 -0.237584 -0.846272 -0.476841 -0.186074  0.521456 -0.832742 0.0769254 -0.168217  0.224594 0.00256884 0.939054 0.438676 1.48155 0.016891
1  0.954414 -0.109672 -0.277606 -0.236187 -0.846165 -0.477725 -0.182507  0.521515 -0.833495 0.0757638   -0.1682  0.224975 0.0025587 0.938567 0.42645 0.911112 0.0162143
1  0.954078 -0.106724 -0.279901 -0.234816 -0.846624 -0.477588    -0.186  0.521381 -0.832806 0.0769184  -0.16816  0.224688 0.00257564 0.939542 0.474339 1.14996 0.0167983
1  0.953684 -0.108281 -0.280646 -0.236549 -0.846299 -0.477307 -0.185827  0.521586 -0.832716 0.0768432 -0.168236  0.224615 0.00256189 0.938567 0.428833 1.36381 0.0167937
1  0.954136 -0.108652 -0.278961  -0.23604 -0.846192 -0.477749 -0.184147  0.521683 -0.833029 0.0763009 -0.168345  0.224771 0.00256606 0.938567 0.390635 0.906003 0.0165129
1  0.953964 -0.107674 -0.279926 -0.235694 -0.846324 -0.477686 -0.185474  0.521672 -0.832741 0.0767083 -0.168302  0.224655 0.00256475 0.938567 0.569616 2.74703 0.0167612
1  0.954292 -0.109943 -0.277921 -0.236589 -0.846085 -0.477667 -0.182629  0.521587 -0.833423  0.075791   -0.1683   0.22495 0.00257066 0.939054 0.402772 0.967564 0.0162938
1  0.953964 -0.107678 -0.279924 -0.235699 -0.846317 -0.477697 -0.185467  0.521683 -0.832736 0.0767065 -0.168306  0.224654 0.00256483 0.938567 0.424059 0.981535 0.0167636
1  0.953378 -0.109118 -0.281359 -0.237584 -0.846272 -0.476841 -0.186074  0.521456 -0.832742 0.0769254 -0.168217  0.224594 0.00256883 0.939054 0.392851 2.02224 0.016891
1  0.953991 -0.108223 -0.279622 -0.236015 -0.846227   -0.4777 -0.184925  0.521716 -0.832835 0.0765403 -0.168351   0.22469 0.0025591 0.938079 0.357123 1.82331 0.0166684
1  0.953378 -0.109118 -0.281359 -0.237584 -0.846272 -0.476841 -0.186074  0.521456 -0.832742 0.0769254 -0.168217  0.224594 0.00256884 0.939054 0.464454 1.14564 0.0168911
1  0.953378 -0.109118 -0.281359 -0.237584 -0.846272 -0.476841 -0.186074  0.521456 -0.832742 0.0769254 -0.168217  0.224594 0.00256884 0.939054 0.509323 1.53814 0.0168911
1  0.953965 -0.107678 -0.279924 -0.235699 -0.846317 -0.477697 -0.185467  0.521683 -0.832736 0.0767065 -0.168306  0.224654 0.00256482 0.938567 0.41509 2.72313 0.0167635
1  0.953319 -0.109397 -0.281453  -0.23787 -0.846224 -0.476783 -0.186014  0.521476 -0.832744 0.0769049 -0.168272  0.224592 0.00257162 0.939054 0.45979 1.04358 0.016938
1  0.953989 -0.107807 -0.279792 -0.235761 -0.846246 -0.477791 -0.185263  0.521772 -0.832726 0.0766418  -0.16838  0.224656 0.00258097 0.939542 0.236324 0.683533 0.0167765
1  0.953964 -0.107678 -0.279924 -0.235699 -0.846317 -0.477697 -0.185467  0.521683 -0.832736 0.0767065 -0.168306  0.224654 0.00256482 0.938567 0.406963 1.13974 0.0167636
1  0.954078 -0.106724 -0.279901 -0.234816 -0.846624 -0.477588    -0.186  0.521381 -0.832806 0.0769184  -0.16816  0.224688 0.00257564 0.939542 0.506623 2.23901 0.0167983
1  0.953308  -0.10948 -0.281456 -0.237951 -0.846188 -0.476808 -0.185963  0.521518 -0.832729 0.0768885 -0.168274  0.224587 0.00257135 0.939054 0.421281 1.41895 0.0169409
1  0.954303 -0.109908 -0.277895 -0.236541 -0.846105 -0.477656  -0.18263  0.521562 -0.833438 0.0757932 -0.168286  0.224956 0.00257017 0.939054 0.528809 0.935709 0.0162799
1  0.953999 -0.107461  -0.27989 -0.235488 -0.846373 -0.477701 -0.185557  0.521637 -0.832745 0.0767434 -0.168257  0.224655 0.00256261 0.938567 0.400501 1.11842 0.0167578
1  0.954302  -0.10861  -0.27841   -0.2356 -0.846563  -0.47731  -0.18385  0.521091 -0.833465 0.0763274 -0.168017  0.224788 0.00253422 0.936616 0.433057 1.40357 0.0162651
1  0.954136 -0.108652 -0.278961  -0.23604 -0.846192 -0.477749 -0.184146  0.521683 -0.833029 0.0763009 -0.168345  0.224771 0.00256606 0.938567 0.403374 0.87663 0.0165129
1  0.953965 -0.107678 -0.279924 -0.235699 -0.846317 -0.477697 -0.185467  0.521683 -0.832736 0.0767065 -0.168306  0.224654 0.00256482 0.938567 0.379744 0.855656 0.0167635
1  0.953965 -0.107678 -0.279924 -0.235699 -0.846317 -0.477697 -0.185467  0.521683 -0.832736 0.0767065 -0.168306  0.224654 0.00256482 0.938567 0.420107 1.06701 0.0167636
1  0.953378 -0.109118 -0.281359 -0.237584 -0.846272 -0.476841 -0.186074  0.521456 -0.832742 0.0769254 -0.168217  0.224594 0.00256883 0.939054 0.579965 1.18074 0.016891
1  0.953999 -0.107461  -0.27989 -0.235488 -0.846373 -0.477701 -0.185557  0.521637 -0.832745 0.0767434 -0.168257  0.224655 0.00256261 0.938567 0.38821 1.34505 0.0167577
1  0.954152 -0.109217 -0.278687 -0.236401  -0.84606 -0.477805 -0.183601   0.52178 -0.833089 0.0761156 -0.168357  0.224797 0.00256489 0.938567 0.325325 0.804419 0.0164636
1  0.953378 -0.109118 -0.281359 -0.237584 -0.846272 -0.476841 -0.186074  0.521456 -0.832742 0.0769254 -0.168217  0.224594 0.00256884 0.939054 0.406265 2.3379 0.016891
1  0.953378 -0.109118 -0.281359 -0.237584 -0.846272 -0.476841 -0.186074  0.521456 -0.832742 0.0769254 -0.168217  0.224594 0.00256884 0.939054 0.483992 1.86145 0.016891
1  0.954964 -0.106712  -0.27687 -0.233313 -0.846552 -0.478449 -0.183328  0.521499 -0.833324 0.0761585 -0.168023  0.224829 0.0025673 0.939054 0.434326 1.76677 0.0165257
1  0.953378 -0.109118 -0.281359 -0.237584 -0.846272 -0.476841 -0.186074  0.521456 -0.832742 0.0769254 -0.168217  0.224594 0.00256884 0.939054 0.44597 2.74571 0.0168911
1  0.953378 -0.109118 -0.281359 -0.237584 -0.846272 -0.476841 -0.186074  0.521456 -0.832742 0.0769254 -0.168217  0.224594 0.00256884 0.939054 0.346903 1.29891 0.016891
1  0.953378 -0.109118 -0.281359 -0.237584 -0.846272 -0.476841 -0.186074  0.521456 -0.832742 0.0769254 -0.168217  0.224594 0.00256884 0.939054 0.408972 2.63448 0.016891
1  0.953798 -0.107132   -0.2807 -0.235418  -0.84697 -0.476676 -0.186677  0.520734 -0.833059 0.0771439  -0.16784  0.224753 0.00259431 0.941004 0.481122 1.32191 0.0166531
1  0.954087 -0.106693 -0.279885 -0.234778 -0.846638 -0.477581 -0.186006  0.521365 -0.832815 0.0769209 -0.168149  0.224691 0.00257543 0.939542 0.410735 1.30399 0.0167933
1  0.953378 -0.109118 -0.281359 -0.237584 -0.846272 -0.476841 -0.186074  0.521456 -0.832742 0.0769254 -0.168217  0.224594 0.00256884 0.939054 0.563447 1.25238 0.016891
1  0.954292 -0.109943 -0.277921 -0.236589 -0.846085 -0.477667 -0.182629  0.521587 -0.833423  0.075791   -0.1683   0.22495 0.00257065 0.939054 0.518023 2.87375 0.0162938
1  0.953991 -0.108223 -0.279622 -0.236015 -0.846227   -0.4777 -0.184926  0.521716 -0.832835 0.0765403 -0.168351   0.22469 0.0025591 0.938079 0.511373 1.18458 0.0166684
