1 -0.991944 -0.113285 0.0566804 -0.091022  0.326245 -0.940893 0.0880972 -0.938473 -0.333928 0.0021874  0.336529  0.158075 0.00264726 0.930388 0.322254 7.51728
1  -0.994856  -0.089017  0.0483498 -0.0742899   0.316643  -0.945631  0.0688676  -0.944359  -0.321627 0.00626605   0.338266   0.154452 0.00252275 0.925033 0.363053 5.37168
1  -0.994687 -0.0905885  0.0489022 -0.0757984   0.323046  -0.943343  0.0696584  -0.942038  -0.328196  0.0060454   0.337174   0.156584 0.00256647 0.923695 0.186809 5.95633
1  -0.991441   -0.11751  0.0568906 -0.0930646   0.330491   -0.93921  0.0915645  -0.936465  -0.338598 0.00165674   0.335646   0.159693 0.00266291 0.921017 0.111718 2.56164
1   -0.991474   -0.117954   0.0553776  -0.0908403    0.320973   -0.942722   0.0934235   -0.939714   -0.328951 0.000920077    0.337169    0.156707 0.00269602 0.926372 0.23793 5.74174
1  -0.994606 -0.0911201  0.0495677 -0.0741986   0.291036  -0.953831  0.0724872  -0.952363  -0.296227  0.0050052   0.341002   0.146762 0.00335209 0.896921 0.00128047 2.40856
1  -0.996595 -0.0688066  0.0454337 -0.0651624   0.319619  -0.945303  0.0505216  -0.945045  -0.323014 0.00972597    0.33796   0.154792 0.0025137 0.919679 0.249176 4.97347
1  -0.995011 -0.0879993  0.0470016  -0.072705   0.317001  -0.945634  0.0683156  -0.944334  -0.321818 0.00620282   0.338139   0.154641 0.00255991 0.923695 0.225723 5.08323
1  -0.994403 -0.0938194  0.0485836 -0.0766428   0.324059  -0.942927   0.072721  -0.941373  -0.329436 0.00536527   0.337049   0.156964 0.00250214 0.923695 0.197208 5.47346
1  -0.994416 -0.0938358  0.0482962 -0.0766462    0.32756  -0.941716  0.0725468  -0.940159  -0.332923 0.00545961   0.336429   0.158094 0.00254642 0.923695 0.365379 6.89601
1  -0.994633 -0.0915689  0.0481713 -0.0757483   0.327296  -0.941881  0.0704807  -0.940475  -0.332476 0.00610583   0.336501   0.157981 0.00253537 0.923695 0.224358 2.66095
1   -0.99166  -0.117051  0.0539385 -0.0898474   0.327814   -0.94046  0.0924003  -0.937463  -0.335597 0.00127147   0.336142   0.158938 0.00262447 0.921017 0.322074 6.5783
1  -0.996514 -0.0689944  0.0469065  -0.066093   0.309748  -0.948519  0.0509133  -0.948312  -0.313228 0.00962651   0.339554   0.151784 0.00240436 0.919679 0.347087 5.66891
0   0.999466 -0.0227976 -0.0234028   0.027708   0.211914   0.976895 -0.0173115  -0.977022   0.212433  -0.013079    0.35212  -0.119848 0.00357597 0.933066 0.0338501 4.9552
1  -0.996542 -0.0689867  0.0463066 -0.0658323    0.31557  -0.946616   0.050691  -0.946391  -0.319021 0.00969021   0.338602    0.15351 0.00247771 0.919679 0.192979 3.71064
1  -0.995012   -0.08717  0.0485005 -0.0740029   0.319004   -0.94486  0.0668915  -0.943736  -0.323864 0.00664991   0.337809   0.155253 0.00255953 0.922356 0.356369 4.36926
1  -0.996981 -0.0660972  0.0407537 -0.0599065   0.320785  -0.945256  0.0494056  -0.944843  -0.323776 0.00982947   0.337575   0.155403 0.0026395 0.91834 0.338186 3.83831
1  -0.994665 -0.0907791  0.0490022 -0.0761653   0.325869  -0.942342  0.0695766  -0.941046  -0.331045 0.00609399   0.336737   0.157453 0.00257331 0.923695 0.140899 3.37801
1  -0.994348 -0.0942955  0.0487931 -0.0770013   0.324082   -0.94289  0.0730973  -0.941318  -0.329511 0.00534612   0.337035   0.156995 0.00250947 0.925033 0.116239 3.62525
1  -0.996572 -0.0684359  0.0464901 -0.0656548   0.312262  -0.947725  0.0503413  -0.947528  -0.315684 0.00985912   0.339036   0.152491 0.00248494 0.919679 0.296228 7.61168
1  -0.994723  -0.090423  0.0484652 -0.0754696   0.324943  -0.942717  0.0694948  -0.941401  -0.330053 0.00609181   0.336927   0.157121 0.00259155 0.926372 0.159817 3.44594
1  -0.991603  -0.116861  0.0553869 -0.0911547   0.327797   -0.94034  0.0917334  -0.937493  -0.335697 0.00150638   0.336181   0.158757 0.00273923 0.930388 0.28309 7.0445
1  -0.991428  -0.117189   0.057764 -0.0938224   0.330907  -0.938988  0.0909243  -0.936359  -0.339065 0.00189606    0.33543   0.159918 0.00264512 0.914324 0.201235 4.39197
1  -0.996527 -0.0698105   0.045397 -0.0651136   0.313406  -0.947384  0.0519096   -0.94705  -0.316863 0.00927391   0.338951   0.152861 0.00246405 0.919679 0.313304 4.00278
1  -0.995317 -0.0846429  0.0466943 -0.0713026   0.316654  -0.945857  0.0652742  -0.944757  -0.321206 0.00698988    0.33825   0.154414 0.00259268 0.926372 0.239506 2.66543
1  -0.994586 -0.0919816    0.04836 -0.0756951    0.32239  -0.943575  0.0712007  -0.942127  -0.327607 0.00567735   0.337201   0.156421 0.00256922 0.922356 0.19206 4.47799
1  -0.994529 -0.0926971  0.0481543 -0.0758563   0.323966  -0.943023  0.0718151  -0.941517  -0.329225 0.00562359   0.337024   0.156993 0.00250086 0.922356 0.0786491 2.58072
1  -0.991762  -0.115592  0.0552035 -0.0902619   0.324819  -0.941459  0.0908939  -0.938686  -0.332576 0.00168912   0.336616   0.157823 0.00264787 0.923695 0.0779006 3.66259
1   -0.99658  -0.067754  0.0473076 -0.0647773   0.285073  -0.956314  0.0513079  -0.956108  -0.288487  0.0094244   0.343256   0.143593 0.00256083 0.934404 0.1621 4.49131
1    -0.9963 -0.0715074  0.0476756 -0.0679485   0.315718  -0.946417  0.0526238  -0.946155  -0.319409 0.00934471   0.338574   0.153629 0.00246455 0.921017 0.263553 6.37534
1  -0.992345  -0.111044  0.0540419 -0.0883744    0.33286  -0.938826  0.0862622  -0.936415  -0.340125 0.00254681   0.335407   0.160264 0.00258618 0.922356 0.534814 6.56531
1  -0.995173 -0.0854387    0.04827 -0.0725161   0.308877  -0.948333  0.0661149  -0.947257  -0.313582 0.00673492     0.3395   0.151911 0.00258825 0.930388 0.235597 2.76673
1  -0.998568  -0.036751  0.0388636 -0.0480935   0.298897  -0.953073  0.0234102  -0.953577  -0.300237  0.0153078   0.340966   0.147654 0.00290736 0.925033 0.250742 6.28902
1  -0.994747 -0.0906787  0.0475021 -0.0746867   0.325547  -0.942571   0.070007  -0.941168   -0.33061 0.00604972   0.336783    0.15741 0.002532 0.922356 0.290997 3.14449
1  -0.991703   -0.11585   0.055717 -0.0909996   0.326505  -0.940805  0.0908007  -0.938069  -0.334338 0.00175081   0.336329   0.158375 0.00266256 0.923695 0.306058 4.10627
1  -0.994176 -0.0959437  0.0490807 -0.0778329   0.324229  -0.942771  0.0745396    -0.9411  -0.329809 0.00498045    0.33702    0.15708 0.00248744 0.925033 0.266936 4.19627
1  -0.994497 -0.0916671  0.0507243 -0.0776236   0.319563   -0.94438   0.070359  -0.943121   -0.32492 0.00592334   0.337378   0.155619 0.00263761 0.912985 0.0420873 2.81755
1  -0.991509  -0.117551  0.0555938 -0.0914495   0.326418  -0.940791  0.0924445  -0.937887  -0.334397 0.00131934   0.336372   0.158401 0.00268566 0.926372 0.260668 4.7593
1  -0.994681 -0.0905834  0.0490415 -0.0762618   0.327558  -0.941748  0.0692429  -0.940479  -0.332723 0.00623132   0.336471    0.15795 0.00260073 0.925033 0.327776 4.38317
1  -0.994697 -0.0903503  0.0491478 -0.0762939   0.327688    -0.9417  0.0689777  -0.940456  -0.332844 0.00628233   0.336412   0.158008 0.00260751 0.923695 0.1967 4.18347
0    0.997588  -0.0507117  -0.0474034    0.047563  0.00194414    0.998866   -0.050562   -0.998711  0.00435145 -0.00557852     0.36994  -0.0499223 0.00519108 0.824632 -0.382637 9.24996
1   -0.99474 -0.0900541  0.0488112 -0.0750338    0.31623  -0.945711  0.0697296  -0.944399  -0.321324 0.00611716   0.338016   0.154544 0.00257903 0.917001 0.228608 4.54029
1   -0.99163  -0.116043  0.0566068  -0.091985   0.327294  -0.940435  0.0906035   -0.93777  -0.335229 0.00184043   0.336015   0.158769 0.00257142 0.910308 0.289914 2.68992
1  -0.994704  -0.090593  0.0485463 -0.0753963   0.322154   -0.94368  0.0698514  -0.942343  -0.327278 0.00600245   0.337347   0.156303 0.00255983 0.925033 0.325378 5.66946
1  -0.991663  -0.115474  0.0571813 -0.0918603   0.322328  -0.942161  0.0903639  -0.939559  -0.330248 0.00192675   0.337051   0.157019 0.00268428 0.92905 0.11247 2.47114
1  -0.994188 -0.0955545  0.0495996 -0.0782606   0.325056  -0.942451  0.0739328  -0.940855  -0.330645 0.00518274   0.336866   0.157341 0.00250469 0.925033 0.235213 5.07256
1  -0.994563 -0.0933716  0.0461054 -0.0749232   0.334124  -0.939547  0.0723221  -0.937893  -0.339303 0.00538948   0.335404   0.160155 0.00258043 0.923695 0.156995 3.43605
1  -0.996582 -0.0687139  0.0458606 -0.0653471   0.316051  -0.946489  0.0505426   -0.94625  -0.319461 0.00972298   0.338537   0.153682 0.00247554 0.919679 0.132416 2.9329
1  -0.991711  -0.116117  0.0550194 -0.0908107   0.330445  -0.939446  0.0909047  -0.936655   -0.33825 0.00165034   0.335721   0.159596 0.00268693 0.925033 0.235632 2.60349
1  -0.994536 -0.0920933   0.049154 -0.0768327   0.327006  -0.941894  0.0706684  -0.940524  -0.332295 0.00587659   0.336544   0.157829 0.00256909 0.923695 0.261461 5.39983
1  -0.998587 -0.0381453  0.0370115  -0.047065   0.311089  -0.949215  0.0246942  -0.949615  -0.312445  0.0149623   0.338979   0.151795 0.00299553 0.922356 0.173895 8.83308
1  -0.994582 -0.0918675  0.0486434  -0.076247   0.326652  -0.942064  0.0706556  -0.940669  -0.331887 0.00587742   0.336624   0.157737 0.00254932 0.923695 0.164911 3.34433
1  -0.991686   -0.11557  0.0565904 -0.0925782   0.335313  -0.937547  0.0893772  -0.934991  -0.343225 0.00228711   0.334864   0.161189 0.00261152 0.915663 0.140313 2.82026
1  -0.996483  -0.069367  0.0470161 -0.0663359   0.310145  -0.948372  0.0512039  -0.948155  -0.313656 0.00951842   0.339453   0.151913 0.0024285 0.919679 0.209303 4.61386
1  -0.996549 -0.0689077  0.0462797 -0.0656998   0.314043  -0.947133  0.0507309  -0.946905  -0.317487 0.00967676   0.338841   0.153024 0.00246728 0.919679 0.182743 3.17654
1  -0.994792 -0.0892176  0.0492893 -0.0754862   0.319922  -0.944432  0.0684912  -0.943234  -0.324991 0.00643029   0.337757   0.155501 0.00254956 0.926372 0.220875 3.60578
1  -0.994793 -0.0897481  0.0482914 -0.0749786   0.323551  -0.943235  0.0690289  -0.941945  -0.328595 0.00606475   0.337121     0.1568 0.00256808 0.923695 0.305955 2.52875
1  -0.994538 -0.0930422  0.0472908 -0.0754287   0.327568  -0.941812  0.0721374  -0.940235  -0.332797   0.005461   0.336462   0.158234 0.00251042 0.922356 0.325838 3.58388
1  -0.993146   -0.10521  0.0509194  -0.082852   0.326378  -0.941601  0.0824471  -0.939366  -0.332858 0.00325136   0.336541   0.157992 0.00253893 0.923695 0.422752 4.12263
1  -0.996628 -0.0671665  0.0471256 -0.0652735   0.301029  -0.951378  0.0497146  -0.951247  -0.304398 0.00995624   0.340835   0.148824 0.00246134 0.923695 0.217648 4.59158
1  -0.994509 -0.0928272  0.0483152 -0.0763733    0.32818  -0.941523  0.0715429  -0.940043  -0.333468 0.00572685   0.336321   0.158314 0.00255915 0.923695 0.139744 2.22781
1  -0.997839 -0.0524908  0.0395281 -0.0540765   0.314242  -0.947802  0.0373295  -0.947891  -0.316401  0.0132269   0.338483   0.153158 0.00281385 0.922356 0.0474113 4.03506
1  -0.991784   -0.11515  0.0557288 -0.0907953   0.326727  -0.940747  0.0901185  -0.938078  -0.334498 0.00184642   0.336291   0.158396 0.00265961 0.923695 0.311765 5.38141
1  -0.991334  -0.118517   0.056663 -0.0933083   0.331645  -0.938779  0.0924696   -0.93593  -0.339829 0.00137991   0.335422   0.160175 0.00259693 0.915663 0.402788 8.35452
1  -0.994534 -0.0923614  0.0487042 -0.0764193   0.325987  -0.942281  0.0711535  -0.940852  -0.331263 0.00580407   0.336698   0.157484 0.00255744 0.923695 0.374857 3.38534
1   -0.99183  -0.114095  0.0570633 -0.0918448   0.328213  -0.940128  0.0885354  -0.937688   -0.33601   0.002346   0.336208   0.158799 0.00266653 0.930388 0.229293 2.74456
1  -0.994812 -0.0893769  0.0485908 -0.0753764   0.326806  -0.942081  0.0683205  -0.940856  -0.331848 0.00645008   0.336601   0.157714 0.00259929 0.925033 0.265529 2.67133
1  -0.994404 -0.0945175  0.0471925 -0.0761139   0.331199  -0.940486  0.0732623  -0.938815  -0.336539 0.00521329   0.335935   0.159396 0.00250115 0.923695 0.302323 6.05334
1  -0.996519 -0.0689968  0.0467908  -0.065976   0.309606  -0.948573  0.0509619  -0.948358   -0.31308 0.00968146   0.339474   0.151649 0.00245232 0.919679 0.256133 3.85435
1  -0.995217 -0.0856863  0.0469209 -0.0721621   0.321043  -0.944311  0.0658509   -0.94318  -0.325691 0.00688691    0.33758     0.1559 0.00255013 0.923695 0.256653 6.94459
1   -0.990566   -0.124934   0.0563149  -0.0955688    0.335257   -0.937267   0.0982168   -0.933806   -0.344034 0.000245624    0.334882     0.16147 0.00260501 0.919679 0.2462 2.39478
1  -0.994901 -0.0882444  0.0488349  -0.074004   0.309759  -0.947931  0.0685225  -0.946711   -0.31471 0.00625698   0.339422   0.152205 0.00252552 0.92905 0.388642 5.18208
1  -0.991754  -0.115676  0.0551738 -0.0906535   0.328865  -0.940016  0.0905921  -0.937266   -0.33664 0.00175227   0.335958   0.159113 0.00266878 0.923695 0.0651301 6.6464
1  -0.994559 -0.0915143  0.0497747 -0.0739471    0.28363  -0.956078  0.0733772  -0.954557  -0.288854 0.00483927   0.343479   0.143962 0.00250308 0.93842 0.268691 2.65819
1  -0.992771  -0.108403  0.0515198 -0.0870366   0.354654  -0.930938  0.0826451  -0.928692  -0.361526 0.00349149   0.331548   0.167378 0.00254903 0.903614 0.327964 5.24117
1  -0.995071 -0.0870396  0.0475268  -0.072678   0.313981  -0.946643  0.0674729  -0.945431  -0.318759 0.00650835   0.338692   0.153602 0.00254444 0.926372 0.200439 2.34839
1  -0.993776 -0.0996116  0.0498691 -0.0803716   0.331157  -0.940146  0.0771349  -0.938303  -0.337102 0.00448855   0.335838   0.159346 0.00249765 0.922356 0.234906 4.45796
1  -0.996573 -0.0682576  0.0467207  -0.065936   0.314502  -0.946964  0.0499438  -0.946799  -0.317925 0.00991291   0.338742   0.153181 0.00247937 0.919679 0.254486 4.1543
1   -0.99457 -0.0919624  0.0487094 -0.0764237    0.32775  -0.941668  0.0706336  -0.940278  -0.332999 0.00588871   0.336413   0.158084 0.00257486 0.923695 0.334103 5.88686
1  -0.994607 -0.0917562  0.0483586 -0.0758683   0.325697  -0.942425  0.0707231  -0.941011  -0.330902 0.00584704   0.336743   0.157461 0.00255968 0.923695 0.351365 5.06619
1  -0.994764 -0.0899949  0.0484352 -0.0752398   0.324139  -0.943013  0.0691666  -0.941719  -0.329213 0.00620126   0.337035   0.156873 0.00257678 0.925033 0.250791 2.39662
1  -0.994443 -0.0934661  0.0484396 -0.0766466   0.327412  -0.941768  0.0721637  -0.940248  -0.332756 0.00558287   0.336475   0.158038 0.00253295 0.923695 0.211268 7.05571
1  -0.991555  -0.117553  0.0547784 -0.0906276   0.325923  -0.941042  0.0927691  -0.938059  -0.333824 0.00117291   0.336457   0.158199 0.00272562 0.92905 0.190292 5.12852
1  -0.996525 -0.0693542  0.0461227 -0.0656905      0.314  -0.947148  0.0512061  -0.946886  -0.317465 0.00951259   0.338867   0.153134 0.00244846 0.919679 0.254523 3.43661
1  -0.994573 -0.0927204  0.0472042 -0.0751551   0.326473  -0.942214  0.0719516  -0.940648  -0.331669 0.00548032   0.336631   0.157878 0.00251542 0.922356 0.178334 2.76369
1  -0.996524 -0.0690912  0.0465362 -0.0659091   0.312315  -0.947689  0.0509431  -0.947463  -0.315783 0.00963752   0.339113   0.152497 0.00244829 0.919679 0.458982 6.62509
1  -0.996886 -0.0643298  0.0456074 -0.0632786   0.307471  -0.949451   0.047055  -0.949381  -0.310584  0.0107469   0.339834   0.150974 0.00246284 0.921017 0.281297 3.57501
1  -0.994453 -0.0935457  0.0480877 -0.0762168    0.32581  -0.942358   0.072486  -0.940796  -0.331133  0.0054657   0.336715   0.157586 0.00252997 0.923695 0.109196 4.20363
1  -0.991387  -0.118006  0.0567976 -0.0929533   0.328528  -0.939909  0.0922551  -0.937094  -0.336667 0.00146375   0.335951   0.159126 0.00265561 0.921017 0.225075 3.82976
1  -0.991433  -0.118275  0.0554172 -0.0924502   0.335741  -0.937406  0.0922657  -0.934499    -0.3438  0.0014419   0.334795   0.161337 0.00268103 0.919679 0.245093 4.92875
1  -0.991627  -0.116118  0.0565092 -0.0918818   0.326921  -0.940574  0.0907434  -0.937891  -0.334853 0.00181632   0.336281   0.158467 0.00267427 0.925033 0.178556 5.30285
1  -0.994611 -0.0923096  0.0472111 -0.0754832   0.332518  -0.940071   0.071079  -0.938568  -0.337694 0.00574745   0.335624   0.159591 0.00261152 0.923695 0.197954 6.85423
1  -0.994654 -0.0910487  0.0487217 -0.0760152   0.326217  -0.942234  0.0698953    -0.9409  -0.331394 0.00597548   0.336705   0.157588 0.0025616 0.923695 0.309123 3.49791
1  -0.991407  -0.117808  0.0568625  -0.093695   0.336158  -0.937134  0.0912871  -0.934409  -0.344307 0.00172469   0.334759   0.161411 0.00271681 0.923695 0.178965 6.30324
1   -0.989388   -0.132956   0.0586062   -0.100511    0.334993   -0.936844    0.104926   -0.932793   -0.344802 -0.00120312    0.334762    0.161563 0.00265118 0.919679 0.337503 8.03756
1  -0.996497 -0.0699397  0.0458494 -0.0654026   0.310088  -0.948455  0.0521173  -0.948132  -0.313576 0.00927106   0.339448   0.151749 0.00247126 0.921017 0.289483 7.50908
1  -0.994591 -0.0913998   0.049346  -0.076695   0.325831  -0.942312  0.0700487     -0.941  -0.331078 0.00605328   0.336716   0.157481 0.00255042 0.922356 0.384619 6.51738
1  -0.994583 -0.0916079  0.0491283 -0.0763987     0.3237   -0.94307  0.0704899  -0.941715  -0.328945 0.00593341   0.337028   0.156816 0.00257143 0.923695 0.345469 5.37578
1   -0.99154  -0.117253  0.0556821 -0.0917886   0.330048  -0.939491  0.0917806  -0.936654  -0.338018 0.00151364   0.335786   0.159506 0.00274606 0.92905 0.220877 3.57347
1  -0.994679 -0.0906602  0.0489362 -0.0761773   0.327417  -0.941804  0.0693617  -0.940521  -0.332581 0.00616191    0.33649   0.157931 0.00258301 0.923695 0.257562 6.65881
1  -0.996618 -0.0680979  0.0459968 -0.0644966   0.301332  -0.951335  0.0509236  -0.951084  -0.304705 0.00951523   0.340757   0.149032 0.00242345 0.919679 0.26239 5.6238
1   -0.99657 -0.0675865  0.0477473 -0.0661967   0.304874  -0.950089  0.0496563  -0.949991  -0.308302  0.0100353   0.340304   0.150126 0.00241696 0.922356 0.168616 5.25376
1  -0.991278  -0.119387  0.0558083 -0.0929532   0.333201  -0.938263  0.0934206  -0.935267  -0.341392 0.00118781   0.335197   0.160619 0.00265986 0.919679 0.149315 2.34761
1   -0.99234  -0.111224  0.0537543 -0.0879839   0.330908  -0.939552  0.0867131  -0.937085  -0.338159  0.0025705   0.335725   0.159674 0.00260693 0.923695 0.233855 6.53129
1  -0.998626 -0.0372164  0.0368871 -0.0465415   0.306542  -0.950719  0.0240749  -0.951129  -0.307853  0.0151166   0.339621   0.150431 0.00296606 0.921017 0.12101 4.86661
1  -0.991547  -0.117407  0.0552219 -0.0915818   0.331846  -0.938878  0.0919059  -0.935999  -0.339793  0.0014737   0.335431   0.160085 0.00265974 0.919679 0.290547 3.49261
1  -0.991502  -0.117909  0.0549707 -0.0919939   0.336686  -0.937112  0.0919862  -0.934206  -0.344672 0.00155899   0.334672   0.161585 0.00270235 0.921017 0.0349832 3.04808
1  -0.991697  -0.116097  0.0552988 -0.0906562   0.326196  -0.940945  0.0912026  -0.938146  -0.334013  0.0015623   0.336391   0.158254 0.00267189 0.925033 0.302515 4.16214
1  -0.994679 -0.0907869  0.0486914 -0.0760401   0.328122   -0.94157  0.0695055  -0.940263   -0.33328 0.00611666   0.336386   0.158162 0.00258034 0.923695 0.492109 6.33991
1  -0.996574 -0.0691691  0.0453351  -0.065439   0.324322  -0.943681  0.0505704  -0.943415  -0.327737 0.00972137   0.337215   0.156239 0.00255723 0.919679 0.267878 3.7576
1  -0.994184 -0.0955446  0.0496926 -0.0774312   0.313465  -0.946438  0.0748501  -0.944781   -0.31904 0.00490168   0.338772   0.153703 0.00239197 0.923695 0.204798 2.73098
1   -0.99164  -0.115604  0.0573258 -0.0926697   0.328876  -0.939815  0.0897929  -0.937271   -0.33684 0.00219052   0.336029   0.159029 0.00277401 0.933066 0.285407 2.40846
1  -0.996598 -0.0684324  0.0459378 -0.0651856   0.313335  -0.947403  0.0504392  -0.947174   -0.31673 0.00975533   0.338934   0.152818 0.00246939 0.919679 0.226408 5.83612
1  -0.991895    -0.1147  0.0546634 -0.0893329   0.323607  -0.941965  0.0903542  -0.939214  -0.331231  0.0017361   0.336952   0.157388 0.00270823 0.934404 0.207906 4.62169
