1  -0.991835  -0.115316  0.0544646 -0.0896456   0.326659  -0.940881  0.0907068  -0.938081   -0.33433 0.00163719   0.336338   0.158385 0.00266321 0.925033 0.367766 5.25188
1  -0.995056 -0.0866742  0.0484849 -0.0734248   0.313309  -0.946808  0.0668731  -0.945688  -0.318124 0.00665164   0.338806   0.153386 0.00255979 0.927711 0.115581 2.66267
1  -0.998818 -0.0349073  0.0338257 -0.0429759   0.309051  -0.950074  0.0227107  -0.950405  -0.310186  0.0153949   0.339168   0.151366 0.00298241 0.917001 0.258273 4.9789
1  -0.996593 -0.0685671  0.0458458 -0.0651519    0.31354  -0.947337  0.0505817  -0.947096  -0.316939 0.00971676   0.338912   0.152869 0.00246765 0.919679 0.302909 2.61399
1  -0.991406  -0.118025  0.0564312 -0.0929776   0.332237  -0.938602  0.0920296  -0.935782  -0.340355 0.00155701   0.335317   0.160245 0.00268689 0.919679 0.340563 11.9807
1  -0.994923 -0.0894628  0.0460909  -0.072436   0.318655  -0.945099  0.0698641   -0.94364  -0.323517 0.00592835    0.33804   0.155115 0.0024902 0.925033 0.143046 2.40207
1  -0.991576  -0.117143  0.0552594 -0.0913922   0.330474   -0.93938  0.0917804  -0.936517  -0.338396 0.00153489   0.335675   0.159655 0.0026806 0.922356 0.216133 2.55401
1  -0.991659  -0.116821   0.054451 -0.0904034   0.329325  -0.939879  0.0918653  -0.936962  -0.337139 0.00142734    0.33584   0.159239 0.00269486 0.922356 0.392732 7.31181
1  -0.991261  -0.119109  0.0567003 -0.0936332   0.332512  -0.938439  0.0929229  -0.935547  -0.340759 0.00140246    0.33529    0.16044 0.00264037 0.91834 0.192859 5.53508
1  -0.991808  -0.114905   0.055791 -0.0902801   0.321605   -0.94256  0.0903627  -0.939876  -0.329345 0.00181499   0.337118   0.156862 0.00262873 0.923695 0.295296 3.37219
1  -0.994579 -0.0923239  0.0478362 -0.0762974   0.335415  -0.938976  0.0706449  -0.937536   -0.34064 0.00594188   0.335232   0.160488 0.00258208 0.923695 0.298186 9.30398
1   -0.99488 -0.0887842  0.0482831 -0.0740567   0.315345  -0.946083  0.0687713  -0.944815  -0.320306 0.00628848   0.338478   0.154045 0.00251193 0.925033 0.366004 2.53607
1  -0.994765 -0.0901511  0.0481116 -0.0750402    0.32489   -0.94277  0.0693608  -0.941445  -0.329955  0.0061419   0.336915    0.15709 0.0026035 0.926372 0.273741 3.64731
1   -0.99447 -0.0912905  0.0519186 -0.0788839   0.322947  -0.943124  0.0693313  -0.942004  -0.328362 0.00642766   0.337168   0.156577 0.00252939 0.922356 0.342359 4.75859
1   -0.99493  -0.088293  0.0481485 -0.0735913   0.312874   -0.94694  0.0685437  -0.945682  -0.317785 0.00634377    0.33887   0.153209 0.00252309 0.926372 0.219227 3.06221
1  -0.996292 -0.0714654  0.0478973 -0.0680475    0.31395  -0.946998  0.0526401  -0.946746  -0.317649 0.00941649   0.338794   0.153075 0.00243955 0.91834 0.207502 3.10214
1  -0.997466 -0.0609938  0.0366296 -0.0545073   0.324229  -0.944407  0.0457265   -0.94401  -0.326732  0.0108121   0.336737   0.156665 0.00270859 0.907631 0.239747 4.22878
1  -0.994527 -0.0932037  0.0472154 -0.0755433   0.329285  -0.941204  0.0721763  -0.939619  -0.334524 0.00542767    0.33622   0.158758 0.00252428 0.923695 0.320884 7.2884
1  -0.994576 -0.0919895  0.0485516 -0.0763102   0.328105  -0.941554   0.070683  -0.940152  -0.333345 0.00589118   0.336352   0.158178 0.00257855 0.923695 0.344901 5.98103
1  -0.991369  -0.118809  0.0554296 -0.0922214   0.331452  -0.938954  0.0931841  -0.935961  -0.339548 0.00116936   0.335494   0.159983 0.00269876 0.922356 0.239024 5.95157
1  -0.991842  -0.115105  0.0547826 -0.0898916   0.326819  -0.940802  0.0903874  -0.938051    -0.3345 0.00174756   0.336296   0.158439 0.00265324 0.923695 0.208065 2.87257
1  -0.994863 -0.0879359  0.0501497 -0.0761034   0.323018  -0.943328  0.0667531  -0.942299  -0.328051 0.00696036    0.33732   0.156407 0.00257353 0.927711 0.320541 7.08557
1  -0.996482 -0.0692269   0.047245 -0.0666333   0.312448  -0.947595  0.0508374  -0.947409  -0.315962 0.00965294   0.339096    0.15253 0.00244977 0.919679 0.233816 4.59795
1  -0.997679  -0.039747  0.0552927 -0.0638616   0.264247  -0.962338  0.0236391  -0.963636  -0.266172  0.0160143   0.346093   0.136118 0.00276572 0.92905 0.116392 9.42815
0   -0.999456 -0.00857926   0.0318344  -0.0329543    0.289911   -0.956486 -0.00102319   -0.957015   -0.290036   0.0201568    0.341695    0.144829 0.0032081 0.880857 0.141101 7.26664
1   -0.99464 -0.0903962  0.0502016 -0.0757096   0.306005  -0.949015  0.0704253  -0.947728  -0.311209 0.00589246   0.339998   0.150898 0.00252265 0.930388 0.286579 7.81127
1  -0.992691   -0.10729  0.0552649 -0.0881042    0.33129  -0.939406  0.0824798  -0.937409  -0.338321 0.00349245   0.335669   0.159573 0.00260247 0.923695 0.203032 2.16922
1  -0.994592 -0.0918755  0.0484237 -0.0761358   0.327906  -0.941637   0.070635  -0.940232  -0.333128 0.00591765   0.336385   0.158127 0.00257294 0.923695 0.154434 2.53199
1  -0.996656 -0.0684708  0.0445881 -0.0637823   0.310873  -0.948309  0.0510703  -0.947982  -0.314201 0.00948519   0.339268   0.152038 0.00249732 0.919679 0.343594 10.2853
1  -0.991467  -0.117334  0.0567985 -0.0928603   0.329909  -0.939434  0.0914888  -0.936692   -0.33799 0.00162797   0.335784   0.159467 0.0026551 0.922356 0.333482 2.82726
1  -0.996879 -0.0639828  0.0462521 -0.0639257   0.310357  -0.948468   0.046331  -0.948464  -0.313478  0.0108636   0.339278   0.151853 0.00258123 0.922356 0.215096 10.1347
1  -0.994563 -0.0921527  0.0484932 -0.0761653   0.326192   -0.94223   0.071011  -0.940801  -0.331438 0.00585331   0.336653   0.157756 0.00252291 0.922356 0.382257 8.59378
1  -0.994726 -0.0899668  0.0492588 -0.0762039   0.326775  -0.942025  0.0686543   -0.94081  -0.331908  0.0063869   0.336581     0.1577 0.00259066 0.923695 0.291922 6.8316
1  -0.994309 -0.0946917  0.0488173 -0.0774504   0.327863  -0.941545   0.073151  -0.939968  -0.333331  0.0053575   0.336429   0.158162 0.00252769 0.925033 0.279965 2.7173
1  -0.996609 -0.0681689  0.0460821 -0.0653118    0.31471  -0.946938  0.0500492  -0.946737  -0.318095 0.00983128   0.338745   0.153205 0.00249557 0.921017 0.250284 10.3682
1  -0.992432  -0.110108  0.0543613 -0.0888914   0.338762  -0.936663  0.0847186  -0.934407  -0.345986 0.00301228   0.334346   0.162168 0.00262656 0.919679 0.0272244 2.63281
1  -0.994527 -0.0931479  0.0473336 -0.0751159   0.322517  -0.943578  0.0726265  -0.941969  -0.327749 0.00524673   0.337242   0.156675 0.0024903 0.921017 0.273235 2.87118
1  -0.996563 -0.0687918  0.0461599 -0.0655031   0.313185   -0.94743  0.0507188  -0.947197  -0.316615 0.00968005   0.338945   0.152757 0.00247541 0.919679 0.211908 3.12855
1  -0.991542   -0.11718  0.0558047 -0.0915522   0.326706  -0.940681  0.0919972  -0.937834  -0.334671 0.00144426     0.3363   0.158453 0.00272262 0.927711 0.211558 7.52391
1  -0.996532 -0.0695361  0.0456947 -0.0655739   0.318279  -0.945727  0.0512185  -0.945443  -0.321735 0.00956478   0.338181   0.154379 0.00249061 0.919679 0.228001 6.66159
1  -0.994845 -0.0906107  0.0455265   -0.07292   0.327255  -0.942118  0.0704673  -0.940582  -0.332175 0.00584932   0.336564   0.157934 0.00252533 0.922356 0.260649 4.24258
1  -0.996521 -0.0677445  0.0485506 -0.0666765   0.298479  -0.952084  0.0500071  -0.952009  -0.301957 0.00989405   0.341274   0.148118 0.00242856 0.925033 0.254355 3.60534
1  -0.995101 -0.0860633  0.0486585 -0.0720245   0.293903  -0.953118  0.0677275  -0.951953  -0.298662 0.00630432   0.341717   0.147194 0.00258174 0.931727 0.304997 7.27699
1  -0.994843 -0.0888478  0.0489163 -0.0751118   0.321315  -0.943989  0.0681538  -0.942795  -0.326331 0.00640855   0.337452   0.156093 0.0025606 0.923695 0.290118 3.42073
1  -0.994763 -0.0898467  0.0487221 -0.0756547   0.326764  -0.942073  0.0687215  -0.940826   -0.33185 0.00637397   0.336641   0.157691 0.00259467 0.926372 0.333535 2.63697
1   -0.99448 -0.0932424   0.048115 -0.0760469   0.324579  -0.942797  0.0722915  -0.941252  -0.329878 0.00540937    0.33692   0.157162 0.00253951 0.923695 0.255229 3.00284
1  -0.998516 -0.0370103  0.0399449 -0.0490658   0.293302   -0.95476  0.0236201  -0.955303  -0.294683  0.0152826   0.341774    0.14585 0.00288418 0.925033 0.228397 7.74084
1  -0.994731 -0.0901946  0.0487322 -0.0756839    0.32545  -0.942525  0.0691507  -0.941248  -0.330562 0.00620147   0.336846   0.157279 0.00255621 0.923695 0.356001 7.76086
1  -0.994078  -0.096291  0.0503695 -0.0796479   0.330278  -0.940517  0.0739274  -0.938959  -0.335992 0.00526404   0.336003   0.158956 0.00254559 0.925033 0.420691 6.34803
1  -0.994099 -0.0960523  0.0504031 -0.0788828   0.321185  -0.943725  0.0744582  -0.942133  -0.326867 0.00490196   0.337497   0.156176 0.0024754 0.923695 0.24488 3.3662
1   -0.99648 -0.0696049  0.0467156 -0.0661612   0.310815  -0.948165  0.0514771  -0.947919  -0.314326 0.00945323   0.339357   0.152146 0.00242484 0.919679 0.312654 5.74366
1  -0.996501 -0.0695651   0.046327 -0.0659112    0.31325  -0.947381  0.0513926  -0.947119  -0.316739 0.00954033   0.338953    0.15282 0.0024537 0.919679 0.324558 10.0739
1  -0.996535 -0.0690368  0.0463931 -0.0658387   0.313857  -0.947185  0.0508298  -0.946957  -0.317315 0.00965102    0.33887   0.152985 0.002463 0.919679 0.236926 3.22568
1  -0.991464  -0.117715   0.056058  -0.092051   0.327489   -0.94036  0.0923366  -0.937493  -0.335529 0.00141819   0.336169   0.158736 0.0026909 0.925033 0.279439 2.98472
1  -0.991433  -0.117855  0.0563115 -0.0927815   0.331988  -0.938709  0.0919369  -0.935892  -0.340079 0.00152762   0.335407   0.160147 0.00267402 0.921017 0.226423 10.3175
1  -0.991551  -0.117055  0.0558988 -0.0920043   0.330848  -0.939188  0.0914429  -0.936396  -0.338822 0.00163297   0.335641   0.159755 0.00270192 0.925033 0.379178 7.87438
1  -0.991597  -0.117243  0.0546739 -0.0903244   0.324918  -0.941419  0.0926104  -0.938447  -0.332778 0.00120824   0.336579   0.157876 0.00270661 0.926372 0.650399 8.80638
1   -0.99157  -0.116473  0.0567749 -0.0917481   0.321715  -0.942381  0.0914961  -0.939645   -0.32969 0.00148774   0.337122   0.156911 0.00264582 0.926372 0.254099 3.14298
1  -0.994272  -0.094799  0.0493508 -0.0779672    0.32755  -0.941612   0.073099  -0.940066  -0.333065 0.00540249   0.336531   0.158044 0.00249701 0.925033 0.448452 13.9321
1  -0.991805  -0.115204  0.0552387 -0.0903971   0.327228  -0.940612  0.0902868  -0.937896   -0.33496 0.00179209   0.336216   0.158554 0.00266277 0.923695 0.258622 4.04964
1  -0.992239  -0.111931  0.0541523 -0.0885925   0.330802  -0.939533  0.0872494  -0.937039  -0.338151 0.00231668   0.335702   0.159634 0.0026006 0.922356 0.203131 2.96002
1  -0.994599 -0.0915249  0.0489521 -0.0765313   0.328079  -0.941545  0.0701147  -0.940206  -0.333312 0.00605478   0.336367   0.158164 0.00257574 0.923695 0.315716 8.8101
1   -0.99472 -0.0906261   0.048161 -0.0753502   0.326312  -0.942254  0.0696773  -0.940908  -0.331418 0.00608562   0.336714   0.157562 0.00254866 0.923695 0.191758 3.93229
1  -0.991805  -0.115356  0.0549234 -0.0887584   0.312889  -0.945634  0.0918999  -0.942759  -0.320563 0.00133693   0.338588   0.153978 0.00269817 0.934404 0.204428 3.52448
1  -0.991617  -0.116354  0.0561836 -0.0914773   0.325113   -0.94124   0.091251   -0.93849  -0.333032 0.00165664   0.336538   0.157964 0.0026627 0.923695 0.119844 4.58826
1  -0.994538 -0.0923967  0.0485448 -0.0764802   0.328632  -0.941356  0.0710249  -0.939927  -0.333904 0.00583837   0.336271   0.158357 0.00256883 0.923695 0.30165 6.87661
1  -0.997291 -0.0566024  0.0469869 -0.0594162   0.243176  -0.968161  0.0433742  -0.968329   -0.24588  0.0119052    0.34977   0.129409 0.00270605 0.958501 0.286884 8.06213
1  -0.996541 -0.0687141  0.0467304 -0.0659619   0.312082  -0.947763  0.0505409  -0.947567  -0.315535 0.00976019   0.339129   0.152401 0.00245765 0.919679 0.276996 3.28722
1  -0.996595 -0.0679082  0.0467647 -0.0649678   0.297502  -0.952508  0.0507705  -0.952303  -0.300901 0.00955246   0.341388   0.147762 0.00246232 0.925033 0.179007 3.13904
1  -0.991539  -0.116819  0.0566053 -0.0924981   0.329876  -0.939482  0.0910767  -0.936769   -0.33789 0.00167758   0.335788   0.159466 0.00265011 0.922356 0.204077 6.82523
1   -0.99659 -0.0679049   0.046865 -0.0660569   0.316345  -0.946341  0.0494357  -0.946211  -0.319752  0.0100252   0.338459    0.15373 0.00251936 0.921017 0.378719 7.22894
1  -0.994438  -0.093017  0.0493978 -0.0772225   0.325029  -0.942546   0.071617  -0.941118  -0.330405 0.00578945   0.336849   0.157288 0.00252355 0.923695 0.334244 3.32179
1  -0.994286 -0.0950633   0.048561 -0.0771927   0.326079  -0.942186  0.0737326  -0.940551  -0.331554 0.00512791   0.336766   0.157783 0.00248186 0.925033 0.250955 2.5671
1   -0.99444 -0.0924695  0.0503875 -0.0779413   0.324538  -0.942656  0.0708143  -0.941342  -0.329941 0.00591098   0.336841    0.15715 0.00255633 0.921017 0.26349 2.66475
1  -0.994568 -0.0919277  0.0488296 -0.0760834   0.321867  -0.943723  0.0710376  -0.942312  -0.327112 0.00585856   0.337403   0.156375 0.0024868 0.923695 0.392129 3.05681
1  -0.994736 -0.0897242  0.0494868 -0.0758418   0.319953  -0.944393  0.0689015  -0.943175  -0.325074 0.00607752   0.337587   0.155622 0.00260583 0.922356 0.133058 2.04659
1  -0.995035 -0.0872129  0.0479406 -0.0734352   0.318303  -0.945141  0.0671689  -0.943969  -0.323127 0.00669598   0.338042   0.154938 0.00254742 0.926372 0.279795 3.8249
1  -0.994575 -0.0912472  0.0499525 -0.0773449   0.327534  -0.941668  0.0695635  -0.940423  -0.332815 0.00614334    0.33643    0.15813 0.002532 0.919679 0.346231 10.59
1  -0.996556 -0.0685398   0.046677 -0.0657008   0.309171  -0.948734  0.0505949  -0.948533  -0.312609 0.00970016   0.339617   0.151526 0.00242094 0.919679 0.408271 3.80669
0  -0.991018  -0.121463  0.0559406 -0.0952852   0.347878  -0.932685  0.0938266  -0.929639  -0.356327 0.00144114   0.332665   0.165294 0.00270222 0.912985 0.176843 6.08659
1  -0.991624   -0.11709  0.0545144 -0.0902105   0.325823  -0.941117  0.0924331  -0.938152  -0.333656 0.00125214   0.336452   0.158149 0.00270153 0.926372 0.138863 7.75005
1  -0.996526 -0.0690495  0.0465688 -0.0661172   0.315863  -0.946498  0.0506458  -0.946289  -0.319331 0.00972971   0.338559   0.153556 0.00248137 0.919679 0.294714 3.14672
1  -0.994392 -0.0923049  0.0516257 -0.0791322   0.325502  -0.942224  0.0701676  -0.941025  -0.330981 0.00624125   0.336757   0.157347 0.00257622 0.925033 0.288615 4.26274
1   -0.99173  -0.115699  0.0555511 -0.0912677   0.331444   -0.93905  0.0902349  -0.936354  -0.339262 0.00180422   0.335614   0.159824 0.00267702 0.926372 0.193701 4.56492
1  -0.996149 -0.0716508  0.0505236  -0.070804    0.31762  -0.945571  0.0517036  -0.945507   -0.32147 0.00976227     0.3383   0.154146 0.00246625 0.921017 0.213594 3.41739
1  -0.991687  -0.115888  0.0559156 -0.0918743   0.333484  -0.938268  0.0900868  -0.935606  -0.341359 0.00204245   0.335274   0.160572 0.00266368 0.923695 0.463659 6.63998
1  -0.996578 -0.0684375  0.0463627 -0.0656144   0.313772  -0.947228  0.0502786  -0.947029  -0.317189 0.00983618   0.338872   0.152942 0.00246598 0.919679 0.113292 2.77544
1  -0.996668  -0.068435  0.0443733 -0.0637809   0.314855  -0.946994  0.0508364  -0.946669  -0.318171 0.00952571   0.338763   0.153278 0.00247019 0.919679 0.316342 4.09344
1  -0.994964 -0.0878121  0.0483248 -0.0743511   0.323284  -0.943377  0.0672173  -0.942219  -0.328185 0.00662934   0.337154   0.156605 0.00257971 0.923695 0.335557 8.85044
1   -0.99391 -0.0959115  0.0542509 -0.0787121   0.273421  -0.958669   0.077114  -0.957101  -0.279305 0.00499585   0.345474   0.140164 0.00279814 0.970549 0.19316 4.15891
1  -0.994681 -0.0904092   0.049349 -0.0762796   0.324631   -0.94276  0.0692139   -0.94151  -0.329801 0.00618792   0.336952   0.157054 0.00256169 0.923695 0.318214 7.00723
1  -0.991778  -0.115509  0.0550751  -0.090454   0.328356  -0.940213  0.0905185  -0.937465  -0.336104 0.00173118   0.336057   0.158905 0.00267564 0.925033 0.405452 8.79636
1  -0.996531 -0.0691274   0.046339 -0.0658749    0.31495   -0.94682  0.0508567  -0.946588  -0.318411 0.00964828   0.338734   0.153307 0.00245714 0.919679 0.292167 4.79344
1  -0.992861  -0.106244  0.0542129 -0.0865282   0.328732  -0.940451   0.082096  -0.938428  -0.335578 0.00342889   0.336229   0.158633 0.00257284 0.927711 0.383753 5.88295
1    -0.9965 -0.0688312  0.0474267 -0.0660919   0.301445   -0.95119   0.051175  -0.950996  -0.304939  0.0095187   0.340783    0.14913 0.00240383 0.921017 0.237851 5.17609
1  -0.994484 -0.0916946  0.0509331 -0.0758489    0.29326  -0.953019  0.0724501  -0.951625  -0.298597 0.00526175   0.341977    0.14686 0.00255172 0.93842 0.132349 2.79365
1  -0.996517 -0.0691785  0.0465539 -0.0661304   0.315603  -0.946584  0.0507907  -0.946366  -0.319078 0.00967834   0.338605    0.15352 0.00247156 0.919679 0.318295 3.79388
1  -0.994958 -0.0880547  0.0480027 -0.0736765   0.317033  -0.945549  0.0680416  -0.944318  -0.321922  0.0063513   0.338235   0.154549 0.00257003 0.927711 0.186751 3.22359
1  -0.995129  -0.087065  0.0462347 -0.0714859   0.314385    -0.9466  0.0678803  -0.945295  -0.319077 0.00631023   0.338635   0.153697 0.0025572 0.926372 0.0942817 2.70117
1  -0.996556 -0.0687534  0.0463549 -0.0657727   0.314992  -0.946813  0.0504952  -0.946601  -0.318429 0.00974838   0.338678   0.153337 0.00247848 0.919679 0.294803 2.48168
1  -0.994559 -0.0918707   0.049121 -0.0767881   0.327822  -0.941614  0.0704038  -0.940262  -0.333092 0.00598085   0.336399    0.15812 0.00255295 0.922356 0.345965 8.46878
1   -0.99432 -0.0944753  0.0490161 -0.0778056   0.330957  -0.940433  0.0726255  -0.938905  -0.336428 0.00552511   0.335986   0.159124 0.00251863 0.925033 0.125923 6.92479
1  -0.991312  -0.119031  0.0559591 -0.0937215   0.340742  -0.935474   0.092283  -0.932591  -0.348938 0.00155387   0.333906   0.162958 0.00268338 0.915663 0.329894 3.66531
1  -0.996545 -0.0691043  0.0460673 -0.0656104   0.314969  -0.946831  0.0509204  -0.946583  -0.318415 0.00962073   0.338695   0.153332 0.00247303 0.919679 0.284469 3.27291
1  -0.991568  -0.117325  0.0550277 -0.0907855   0.325908  -0.941032  0.0924726  -0.938093  -0.333811  0.0012758   0.336424   0.158365 0.00257912 0.91834 0.419886 5.25481
1  -0.996238 -0.0699661  0.0511428 -0.0708429    0.31752  -0.945601  0.0499211  -0.945667  -0.321282  0.0103857   0.338391   0.154084 0.00244862 0.922356 0.307965 2.68893
