1  0.953333 -0.109347 -0.281425 -0.237829 -0.846191 -0.476863 -0.185996   0.52154 -0.832707  0.076895 -0.168307  0.224578 0.00257249 0.939054 0.341129 8.17809 0.0169636
1  0.953372 -0.109362 -0.281286 -0.237773 -0.846188 -0.476897 -0.185867  0.521542 -0.832735 0.0768539 -0.168308   0.22459 0.00257242 0.939054 0.58546 9.85062 0.0169232
1  0.953328 -0.109518 -0.281375 -0.237939 -0.846193 -0.476804 -0.185879  0.521501 -0.832758 0.0768639 -0.168273  0.224597 0.00257132 0.939054 0.415415 5.60638 0.0169134
1  0.954292 -0.109943 -0.277921 -0.236589 -0.846085 -0.477667 -0.182629  0.521587 -0.833423 0.0757909   -0.1683   0.22495 0.00257065 0.939054 0.592827 4.81554 0.0162938
1  0.953809 -0.109372 -0.279796 -0.236891 -0.846595 -0.476613 -0.184746  0.520879 -0.833399 0.0766084 -0.167961  0.224715 0.00253407 0.936616 0.467387 6.575 0.0163692
1  0.953964 -0.107678 -0.279924 -0.235699 -0.846317 -0.477697 -0.185467  0.521683 -0.832736 0.0767065 -0.168306  0.224654 0.00256482 0.938567 0.511863 6.04603 0.0167636
1  0.954087 -0.106693 -0.279885 -0.234778 -0.846638 -0.477581 -0.186006  0.521365 -0.832815 0.0769209 -0.168149  0.224691 0.00257544 0.939542 0.398914 5.50557 0.0167932
1  0.954407 -0.106407   -0.2789 -0.234153 -0.846365 -0.478371 -0.185149  0.521866 -0.832692 0.0766155 -0.168265  0.224677 0.0025746 0.939542 0.375782 8.14012 0.0168383
1  0.953684 -0.108281 -0.280646 -0.236549 -0.846299 -0.477307 -0.185827  0.521586 -0.832716 0.0768432 -0.168236  0.224615 0.00256189 0.938567 0.395151 10.7456 0.0167937
1  0.953372 -0.109362 -0.281286 -0.237773 -0.846188 -0.476897 -0.185867  0.521542 -0.832735 0.0768539 -0.168308   0.22459 0.00257242 0.939054 0.395426 6.1875 0.0169232
1  0.953991 -0.108223 -0.279622 -0.236015 -0.846227   -0.4777 -0.184925  0.521716 -0.832835 0.0765403 -0.168351   0.22469 0.0025591 0.938079 0.437569 5.66593 0.0166684
1  0.953989 -0.107807 -0.279792 -0.235761 -0.846246 -0.477791 -0.185263  0.521772 -0.832726 0.0766417  -0.16838  0.224656 0.00258097 0.939542 0.394558 8.51787 0.0167765
1  0.953928 -0.107933 -0.279949 -0.235925 -0.846288 -0.477636 -0.185365  0.521677 -0.832762 0.0766728 -0.168338  0.224661 0.00257315 0.939054 0.523415 11.8408 0.0167516
1  0.953989 -0.107807 -0.279792 -0.235761 -0.846246 -0.477791 -0.185263  0.521772 -0.832726 0.0766417  -0.16838  0.224657 0.00258097 0.939542 0.454567 6.30987 0.0167765
1  0.953428 -0.109577 -0.281011 -0.237814 -0.846167 -0.476913 -0.185524  0.521531 -0.832819 0.0767457 -0.168317  0.224626 0.00257327 0.939054 0.401357 5.82608 0.0168397
1  0.954078 -0.106724 -0.279901 -0.234816 -0.846624 -0.477588    -0.186  0.521381 -0.832806 0.0769184  -0.16816  0.224688 0.00257564 0.939542 0.398555 5.25465 0.0167983
1  0.954329 -0.110104 -0.277728 -0.236598  -0.84615 -0.477547  -0.18242  0.521447 -0.833556 0.0757234 -0.168252  0.224997 0.00256991 0.939054 0.39552 6.03916 0.0162327
1  0.953964 -0.107674 -0.279926 -0.235694 -0.846324 -0.477686 -0.185474  0.521672 -0.832741 0.0767083 -0.168302  0.224655 0.00256474 0.938567 0.374816 5.90782 0.0167612
1  0.953991 -0.108223 -0.279622 -0.236015 -0.846227   -0.4777 -0.184926  0.521716 -0.832835 0.0765403 -0.168351   0.22469 0.0025591 0.938079 0.434262 5.35767 0.0166684
1  0.953333 -0.109347 -0.281425 -0.237829 -0.846191 -0.476863 -0.185996   0.52154 -0.832707  0.076895 -0.168307  0.224578 0.00257249 0.939054 0.445817 8.18578 0.0169636
1  0.953365 -0.109122 -0.281401 -0.237609 -0.846269 -0.476835 -0.186108  0.521461 -0.832732 0.0769347 -0.168219   0.22459 0.00256895 0.939054 0.415938 7.45743 0.0169042
1  0.953309 -0.109511 -0.281443  -0.23797 -0.846185 -0.476803 -0.185938  0.521515 -0.832736 0.0768815 -0.168276   0.22459 0.00257149 0.939054 0.428026 5.87196 0.0169367
1  0.954292 -0.109943 -0.277921 -0.236589 -0.846085 -0.477667 -0.182629  0.521587 -0.833423 0.0757909   -0.1683   0.22495 0.00257066 0.939054 0.480833 5.19361 0.0162938
1  0.953991 -0.108223 -0.279622 -0.236015 -0.846227   -0.4777 -0.184925  0.521716 -0.832835 0.0765403 -0.168351   0.22469 0.0025591 0.938079 0.367384 5.66921 0.0166684
1   0.95386 -0.110719 -0.279091 -0.237838 -0.845961 -0.477266 -0.183258  0.521623 -0.833262 0.0760101 -0.168332  0.224836 0.00255725 0.938079 0.431207 6.0298 0.0164605
1  0.954486 -0.108903 -0.277663  -0.23563 -0.846079 -0.478151 -0.182853  0.521814 -0.833232 0.0758641 -0.168333   0.22483 0.00256472 0.938567 0.284107 5.56669 0.0164356
1  0.953927   -0.1079 -0.279967 -0.235904   -0.8463 -0.477625   -0.1854  0.521665 -0.832762 0.0766829 -0.168319   0.22466 0.00256574 0.938567 0.420579 6.06208 0.0167468
1  0.953306 -0.109407 -0.281492 -0.237903  -0.84621 -0.476791 -0.186037  0.521496 -0.832726 0.0769109 -0.168277  0.224587 0.0025718 0.939054 0.396179 10.3332 0.0169539
1  0.953716 -0.108842  -0.28032 -0.236928 -0.846033  -0.47759 -0.185178  0.521901 -0.832663 0.0766645 -0.168444   0.22454 0.00257308 0.939054 0.37929 5.06789 0.0168823
1  0.953964 -0.107678 -0.279924 -0.235699 -0.846317 -0.477697 -0.185467  0.521683 -0.832736 0.0767065 -0.168306  0.224654 0.00256482 0.938567 0.510499 6.47381 0.0167636
1  0.954037 -0.111215  -0.27829 -0.237805 -0.846043 -0.477137  -0.18238  0.521385 -0.833603 0.0757164 -0.168249  0.224983 0.00255657 0.938079 0.449127 5.98093 0.0163033
1  0.954876 -0.106921  -0.27709 -0.233571 -0.846608 -0.478224 -0.183454  0.521366  -0.83338 0.0761944 -0.167993  0.224833 0.0025676 0.939054 0.510556 6.5376 0.0164493
1  0.954876 -0.106921  -0.27709 -0.233571 -0.846608 -0.478224 -0.183454  0.521366  -0.83338 0.0761944 -0.167993  0.224833 0.0025676 0.939054 0.50605 6.11603 0.0164492
1  0.954083  -0.11111 -0.278172 -0.237648 -0.846085 -0.477141 -0.182342  0.521339 -0.833641 0.0757062 -0.168229  0.224998 0.00255596 0.938079 0.426359 6.05178 0.0162678
1  0.954121 -0.107065 -0.279625 -0.234926 -0.846692 -0.477413 -0.185642  0.521201 -0.832999 0.0768066 -0.168085   0.22476 0.00257485 0.939542 0.420343 6.6745 0.0166099
1  0.954292 -0.109943 -0.277921 -0.236589 -0.846085 -0.477667 -0.182629  0.521587 -0.833423  0.075791   -0.1683   0.22495 0.00257066 0.939054 0.268616 6.15819 0.0162938
1  0.953928 -0.107933 -0.279949 -0.235925 -0.846288 -0.477636 -0.185365  0.521677 -0.832762 0.0766728 -0.168338  0.224661 0.00257315 0.939054 0.38796 5.44181 0.0167516
1  0.953303 -0.109423 -0.281496 -0.237918 -0.846208 -0.476788 -0.186033  0.521496 -0.832726  0.076911 -0.168276  0.224586 0.00257174 0.939054 0.550144 11.4465 0.0169541
1  0.954445 -0.106044 -0.278909 -0.233904  -0.84626 -0.478678 -0.185269   0.52211 -0.832512 0.0766674 -0.168425  0.224605 0.00257717 0.939542 0.436516 6.00938 0.0170723
1  0.953328 -0.109518 -0.281375 -0.237939 -0.846193 -0.476804 -0.185879  0.521501 -0.832758 0.0768639 -0.168273  0.224597 0.00257132 0.939054 0.345624 5.68247 0.0169134
1  0.953964 -0.107678 -0.279924 -0.235699 -0.846317 -0.477697 -0.185467  0.521683 -0.832736 0.0767065 -0.168306  0.224654 0.00256482 0.938567 0.436401 5.99631 0.0167636
1  0.953415 -0.109518  -0.28108 -0.237794 -0.846188 -0.476886 -0.185619  0.521509 -0.832811 0.0767793  -0.16831  0.224622 0.002573 0.939054 0.396058 5.84213 0.0168537
1  0.954024 -0.110794 -0.278502 -0.237579  -0.84603 -0.477273 -0.182742  0.521496 -0.833455 0.0758321 -0.168299  0.224926 0.00255745 0.938079 0.43223 6.05855 0.0163482
1  0.953991 -0.108223 -0.279622 -0.236015 -0.846227   -0.4777 -0.184925  0.521716 -0.832835 0.0765403 -0.168351   0.22469 0.0025591 0.938079 0.441847 5.98316 0.0166684
1  0.953928 -0.107933 -0.279949 -0.235925 -0.846288 -0.477636 -0.185365  0.521677 -0.832762 0.0766728 -0.168338  0.224661 0.00257316 0.939054 0.518162 11.0728 0.0167517
1  0.954136 -0.108652 -0.278961  -0.23604 -0.846192 -0.477749 -0.184146  0.521683 -0.833029 0.0763009 -0.168345  0.224771 0.00256605 0.938567 0.503783 5.57167 0.0165129
1   0.95452 -0.104825 -0.279113 -0.232734 -0.847095 -0.477772 -0.186353  0.521001 -0.832965 0.0770415 -0.167953  0.224767 0.00259761 0.941004 0.467966 11.29 0.0170177
1  0.953928 -0.107933 -0.279949 -0.235925 -0.846288 -0.477636 -0.185365  0.521677 -0.832762 0.0766728 -0.168338  0.224661 0.00257316 0.939054 0.449714 6.36333 0.0167517
1  0.953429 -0.109587 -0.281005 -0.237819 -0.846167  -0.47691 -0.185514  0.521528 -0.832822 0.0767424 -0.168317  0.224628 0.00257333 0.939054 0.460341 4.65245 0.0168371
1  0.953737 -0.109568 -0.279965 -0.237156 -0.846525 -0.476605 -0.184777  0.520951 -0.833347 0.0766183 -0.168001  0.224694 0.00253474 0.936616 0.410129 5.18126 0.0164243
1  0.954513 -0.104878 -0.279114 -0.232778 -0.847091 -0.477757 -0.186329  0.520997 -0.832973 0.0770356 -0.167956  0.224769 0.00259757 0.941004 0.439311 5.72708 0.0170021
1  0.953974 -0.107924 -0.279796 -0.235857 -0.846245 -0.477746 -0.185216  0.521749  -0.83275  0.076624 -0.168371  0.224666 0.00257405 0.939054 0.373741 4.77251 0.0167508
1  0.953684 -0.108281 -0.280646 -0.236549 -0.846299 -0.477307 -0.185827  0.521587 -0.832716 0.0768432 -0.168236  0.224615 0.00256189 0.938567 0.444877 7.30564 0.0167937
1  0.954136 -0.108652 -0.278961  -0.23604 -0.846192 -0.477749 -0.184147  0.521683 -0.833029 0.0763009 -0.168345  0.224771 0.00256606 0.938567 0.404889 12.2189 0.0165129
1  0.953313 -0.109412 -0.281465 -0.237896 -0.846203 -0.476808 -0.186009  0.521507 -0.832725 0.0769033 -0.168266  0.224587 0.00257101 0.939054 0.366969 4.96346 0.0169403
1  0.953462 -0.108999 -0.281121  -0.23733 -0.846382 -0.476771 -0.185968  0.521302 -0.832863 0.0768996 -0.168074  0.224636 0.00256504 0.939054 0.476207 6.25289 0.016729
1    0.9534 -0.109499 -0.281138 -0.237808 -0.846186 -0.476882 -0.185677  0.521516 -0.832794 0.0767964  -0.16831  0.224614 0.00257292 0.939054 0.384837 6.3442 0.0168718
1  0.953928 -0.107933 -0.279949 -0.235925 -0.846288 -0.477636 -0.185365  0.521677 -0.832762 0.0766728 -0.168338  0.224661 0.00257316 0.939054 0.478529 6.86704 0.0167517
1  0.953963  -0.10775 -0.279901 -0.235763 -0.846266 -0.477756 -0.185392  0.521752 -0.832709 0.0766772  -0.16838   0.22465 0.00258137 0.939542 0.439168 5.68455 0.0168018
1  0.953428 -0.109577 -0.281011 -0.237814 -0.846167 -0.476913 -0.185524   0.52153 -0.832819 0.0767457 -0.168317  0.224626 0.00257328 0.939054 0.415868 7.92181 0.0168397
1  0.953333 -0.109347 -0.281425 -0.237829 -0.846191 -0.476863 -0.185996   0.52154 -0.832707  0.076895 -0.168307  0.224578 0.00257249 0.939054 0.457224 6.90692 0.0169636
1   0.95452 -0.104825 -0.279113 -0.232734 -0.847095 -0.477772 -0.186353  0.521001 -0.832965 0.0770415 -0.167953  0.224767 0.00259761 0.941004 0.475572 7.77612 0.0170177
1  0.954482 -0.105071 -0.279149 -0.232952 -0.847085 -0.477683 -0.186273  0.520968 -0.833004 0.0770189 -0.167936  0.224775 0.00260388 0.941492 0.568735 5.69235 0.016934
1  0.953849 -0.109427  -0.27964 -0.236856 -0.846597 -0.476627 -0.184586  0.520864 -0.833444 0.0765593 -0.167961  0.224732 0.0025344 0.936616 0.449025 5.16419 0.0163365
1  0.953415 -0.109518  -0.28108 -0.237794 -0.846188 -0.476886 -0.185619  0.521509 -0.832811 0.0767793  -0.16831  0.224622 0.002573 0.939054 0.429932 5.28068 0.0168537
1  0.953989 -0.107807 -0.279792 -0.235761 -0.846246 -0.477791 -0.185263  0.521772 -0.832726 0.0766417  -0.16838  0.224656 0.00258097 0.939542 0.463476 7.83619 0.0167765
1  0.954876 -0.106921  -0.27709 -0.233571 -0.846608 -0.478224 -0.183454  0.521366  -0.83338 0.0761944 -0.167993  0.224833 0.0025676 0.939054 0.478037 6.4544 0.0164492
1  0.953372 -0.109362 -0.281286 -0.237773 -0.846188 -0.476897 -0.185867  0.521542 -0.832735 0.0768539 -0.168308   0.22459 0.00257242 0.939054 0.397636 9.89375 0.0169232
1  0.954177 -0.108475 -0.278889 -0.235798 -0.846373 -0.477548 -0.184242  0.521427 -0.833168 0.0763354 -0.168309  0.224839 0.00258226 0.939542 0.587811 5.46566 0.0164467
1  0.953986 -0.107828 -0.279793 -0.235778 -0.846247 -0.477781 -0.185256  0.521765 -0.832731 0.0766401 -0.168375  0.224658 0.00258082 0.939542 0.405744 11.4378 0.0167695
1  0.953382 -0.109492 -0.281202 -0.237831 -0.846194 -0.476857 -0.185739  0.521505 -0.832787 0.0768135 -0.168307  0.224612 0.00257309 0.939054 0.47832 10.42 0.0168863
1  0.953961 -0.107728 -0.279917 -0.235752 -0.846268 -0.477756 -0.185417  0.521751 -0.832704 0.0766849 -0.168383  0.224648 0.00258142 0.939542 0.504942 7.63987 0.0168097
1  0.953974 -0.107909 -0.279802 -0.235849 -0.846242 -0.477754 -0.185226  0.521756 -0.832744 0.0766246 -0.168377  0.224664 0.0025743 0.939054 0.373008 5.48328 0.0167582
1  0.954524 -0.107489 -0.278084 -0.234612 -0.846356 -0.478162 -0.183961  0.521659 -0.833085  0.076233 -0.168215  0.224826 0.00256772 0.939054 0.50707 7.38466 0.0164844
1  0.953415 -0.109518  -0.28108 -0.237794 -0.846188 -0.476886 -0.185619  0.521509 -0.832811 0.0767793  -0.16831  0.224622 0.002573 0.939054 0.485965 8.73447 0.0168537
1  0.953751 -0.109601 -0.279906 -0.237125 -0.846606 -0.476476 -0.184748  0.520812 -0.833441 0.0766087 -0.167904  0.224731 0.00254115 0.937104 0.457912 5.97885 0.0163362
1  0.954169 -0.110347 -0.278181 -0.237044 -0.846079 -0.477452 -0.182677  0.521511  -0.83346 0.0758117 -0.168296  0.224941 0.00256409 0.938567 0.368703 4.79228 0.016306
1  0.953964 -0.107678 -0.279924 -0.235699 -0.846317 -0.477697 -0.185467  0.521683 -0.832736 0.0767065 -0.168306  0.224654 0.00256482 0.938567 0.475242 6.45683 0.0167636
1  0.953965 -0.107678 -0.279924 -0.235699 -0.846317 -0.477697 -0.185467  0.521683 -0.832736 0.0767065 -0.168306  0.224654 0.00256482 0.938567 0.493012 5.94815 0.0167636
1  0.953972 -0.109706  -0.27911 -0.236985 -0.846111 -0.477425 -0.183782  0.521595 -0.833164 0.0761843 -0.168219  0.224802 0.00254619 0.937591 0.459076 5.35337 0.0163833
1  0.953955 -0.107708 -0.279945 -0.235735 -0.846311 -0.477689  -0.18547  0.521687 -0.832733 0.0767065  -0.16831  0.224653 0.002565 0.938567 0.430612 9.56349 0.0167663
1  0.953945  -0.10787 -0.279916 -0.235863 -0.846276 -0.477687 -0.185358  0.521709 -0.832744  0.076669 -0.168385  0.224658 0.00258197 0.939542 0.470832 6.2448 0.0167858
1  0.954355 -0.110036 -0.277666 -0.236499 -0.846189 -0.477528 -0.182412  0.521399 -0.833588 0.0757198 -0.168227   0.22501 0.00256916 0.939054 0.479827 5.46262 0.0162071
1  0.953333 -0.109347 -0.281425 -0.237829 -0.846191 -0.476863 -0.185996   0.52154 -0.832707  0.076895 -0.168307  0.224578 0.00257249 0.939054 0.250196 5.85517 0.0169636
1  0.953991 -0.108223 -0.279622 -0.236015 -0.846227   -0.4777 -0.184926  0.521716 -0.832835 0.0765403 -0.168351   0.22469 0.0025591 0.938079 0.459316 10.1134 0.0166684
1  0.953964 -0.107678 -0.279924 -0.235699 -0.846317 -0.477697 -0.185467  0.521683 -0.832736 0.0767065 -0.168306  0.224654 0.00256482 0.938567 0.41602 5.74281 0.0167636
1  0.953964 -0.107678 -0.279924 -0.235699 -0.846317 -0.477697 -0.185467  0.521683 -0.832736 0.0767065 -0.168306  0.224654 0.00256482 0.938567 0.430291 7.61277 0.0167636
1  0.953964 -0.107674 -0.279926 -0.235694 -0.846324 -0.477686 -0.185474  0.521672 -0.832741 0.0767083 -0.168302  0.224655 0.00256475 0.938567 0.426584 10.8502 0.0167612
1  0.953991 -0.108223 -0.279622 -0.236015 -0.846227   -0.4777 -0.184926  0.521716 -0.832835 0.0765403 -0.168351   0.22469 0.0025591 0.938079 0.475979 6.41736 0.0166684
1  0.953333 -0.109347 -0.281425 -0.237829 -0.846191 -0.476863 -0.185996   0.52154 -0.832707  0.076895 -0.168307  0.224578 0.00257249 0.939054 0.467916 5.35141 0.0169636
1  0.953428 -0.109577 -0.281011 -0.237814 -0.846167 -0.476913 -0.185524   0.52153 -0.832819 0.0767457 -0.168317  0.224626 0.00257328 0.939054 0.381202 4.3418 0.0168397
1  0.953737 -0.109568 -0.279965 -0.237156 -0.846525 -0.476605 -0.184776  0.520951 -0.833347 0.0766183 -0.168001  0.224694 0.00253474 0.936616 0.452173 6.68681 0.0164242
1  0.953986 -0.107828 -0.279793 -0.235778 -0.846247 -0.477781 -0.185256  0.521765 -0.832731 0.0766401 -0.168375  0.224658 0.00258082 0.939542 0.330011 5.30176 0.0167695
1  0.953964 -0.107678 -0.279924 -0.235699 -0.846317 -0.477697 -0.185467  0.521683 -0.832736 0.0767065 -0.168306  0.224654 0.00256482 0.938567 0.23441 4.42351 0.0167636
1  0.953964 -0.107678 -0.279924 -0.235699 -0.846317 -0.477697 -0.185467  0.521683 -0.832736 0.0767065 -0.168306  0.224654 0.00256482 0.938567 0.420986 6.30037 0.0167636
1  0.953415 -0.109518  -0.28108 -0.237794 -0.846188 -0.476886 -0.185619  0.521509 -0.832811 0.0767793  -0.16831  0.224622 0.002573 0.939054 0.539597 10.1472 0.0168537
1  0.953989 -0.107807 -0.279792 -0.235761 -0.846246 -0.477791 -0.185263  0.521772 -0.832726 0.0766417  -0.16838  0.224657 0.00258097 0.939542 0.367665 7.51975 0.0167765
1  0.953421 -0.109601 -0.281027 -0.237843  -0.84616 -0.476911 -0.185524  0.521537 -0.832814 0.0767442 -0.168318  0.224626 0.00257334 0.939054 0.492298 9.00434 0.0168435
1  0.954518  -0.10485 -0.279111 -0.232751 -0.847099 -0.477755 -0.186342  0.520989 -0.832975 0.0770385 -0.167948  0.224771 0.0026045 0.941492 0.480265 5.68119 0.0170048
1  0.953428 -0.109577 -0.281011 -0.237814 -0.846167 -0.476913 -0.185524  0.521531 -0.832819 0.0767457 -0.168317  0.224626 0.00257327 0.939054 0.439497 6.87124 0.0168397
1  0.953303 -0.109423 -0.281496 -0.237918 -0.846208 -0.476788 -0.186033  0.521496 -0.832726  0.076911 -0.168276  0.224586 0.00257174 0.939054 0.388761 5.10833 0.0169541
1  0.954268 -0.108627 -0.278519 -0.235676 -0.846537 -0.477316 -0.183927  0.521128 -0.833425 0.0763582 -0.168029  0.224769 0.00254083 0.937104 0.447277 5.71115 0.0162883
1   0.95342 -0.109591 -0.281034 -0.237839  -0.84616 -0.476913 -0.185534  0.521539 -0.832811 0.0767476 -0.168318  0.224624 0.00257328 0.939054 0.491224 10.1474 0.0168461
1  0.953989 -0.107807 -0.279792 -0.235761 -0.846246 -0.477791 -0.185263  0.521772 -0.832726 0.0766417  -0.16838  0.224656 0.00258097 0.939542 0.341727 4.77183 0.0167765
1  0.953309 -0.109511 -0.281443  -0.23797 -0.846185 -0.476803 -0.185938  0.521515 -0.832736 0.0768814 -0.168276   0.22459 0.00257149 0.939054 0.399842 5.8823 0.0169367
1  0.953987 -0.107812 -0.279794 -0.235765 -0.846249 -0.477785 -0.185264  0.521766 -0.832729 0.0766426 -0.168377  0.224658 0.00258085 0.939542 0.432907 5.9064 0.0167728
1  0.953847 -0.110801 -0.279106 -0.237772 -0.846356 -0.476598 -0.183415  0.520965 -0.833639 0.0761605 -0.168022  0.224812 0.00254437 0.937104 0.433088 4.87326 0.0162845
1  0.954329 -0.110104 -0.277728 -0.236598  -0.84615 -0.477547  -0.18242  0.521447 -0.833556 0.0757234 -0.168252  0.224997 0.00256991 0.939054 0.409155 6.11953 0.0162327
1  0.953309 -0.109511 -0.281443  -0.23797 -0.846185 -0.476803 -0.185938  0.521515 -0.832736 0.0768814 -0.168276   0.22459 0.00257149 0.939054 0.393826 5.7637 0.0169366
1  0.953964 -0.107674 -0.279926 -0.235694 -0.846324 -0.477686 -0.185474  0.521672 -0.832741 0.0767083 -0.168302  0.224655 0.00256475 0.938567 0.341909 12.2661 0.0167612
1  0.953963  -0.10775 -0.279901 -0.235763 -0.846265 -0.477756 -0.185392  0.521752 -0.832709 0.0766772  -0.16838   0.22465 0.00258137 0.939542 0.411112 7.37355 0.0168019
1  0.953986 -0.107828 -0.279793 -0.235778 -0.846247 -0.477781 -0.185256  0.521765 -0.832731 0.0766401 -0.168375  0.224658 0.00258082 0.939542 0.495247 9.66392 0.0167695
1  0.953953 -0.107695 -0.279956 -0.235727  -0.84632 -0.477676 -0.185489  0.521674 -0.832736 0.0767165 -0.168305  0.224652 0.00257168 0.939054 0.327026 5.089 0.0167667
1  0.954356 -0.110025 -0.277668 -0.236492 -0.846187 -0.477534 -0.182419  0.521404 -0.833584 0.0757217 -0.168229  0.225009 0.00256925 0.939054 0.438084 5.30076 0.0162094
1  0.954395 -0.109931 -0.277571  -0.23637 -0.846181 -0.477604 -0.182372  0.521433 -0.833576 0.0757042 -0.168226  0.225009 0.00256175 0.938567 0.428725 5.46896 0.0162093
1  0.953333 -0.109347 -0.281425 -0.237829 -0.846191 -0.476863 -0.185996   0.52154 -0.832707  0.076895 -0.168307  0.224578 0.00257249 0.939054 0.476276 6.41809 0.0169636
1  0.953963  -0.10775 -0.279901 -0.235763 -0.846266 -0.477756 -0.185392  0.521752 -0.832709 0.0766772  -0.16838   0.22465 0.00258137 0.939542 0.377505 5.84172 0.0168018
1  0.954292 -0.109943 -0.277921 -0.236589 -0.846085 -0.477667 -0.182629  0.521587 -0.833423 0.0757909   -0.1683   0.22495 0.00257066 0.939054 0.528605 5.04974 0.0162938
1  0.954391 -0.110112 -0.277513 -0.236497 -0.846151 -0.477595 -0.182229  0.521444   -0.8336 0.0756604 -0.168249  0.225019 0.00257011 0.939054 0.454595 11.5434 0.0162223
