1  0.952573 -0.107077 -0.284849 -0.237727 -0.846201 -0.476897 -0.189975  0.521995 -0.831523 0.0780472 -0.168608  0.224244 0.00263943 0.940517 0.323985 7.85708 0.0187145
1  0.953628 -0.105188  -0.28201 -0.235035 -0.845539 -0.479398 -0.188024  0.523449 -0.831052 0.0776596 -0.168955  0.224103 0.00262826 0.940517 0.576461 9.43491 0.0185091
1  0.953294  -0.11121 -0.280826 -0.239059 -0.846074 -0.476456 -0.184613  0.521337 -0.833142 0.0764333 -0.168299  0.224851 0.00261386 0.941004 0.405744 5.36653 0.0166938
1  0.953726 -0.109691 -0.279955 -0.237539 -0.845707 -0.477865 -0.184342  0.522253 -0.832628 0.0761759 -0.168526   0.22474 0.00260382 0.940029 0.587573 4.69648 0.0167484
1  0.950027 -0.107144 -0.293205 -0.241271 -0.848013 -0.471872 -0.198083  0.519033 -0.831486 0.0805523 -0.167462  0.223785 0.00266963 0.941004 0.438896 6.24774 0.0239934
1   0.957419 -0.0978818  -0.271604  -0.225931  -0.839713  -0.493799  -0.179735   0.534136  -0.826071   0.075246  -0.171952   0.222856 0.00290949 0.94198 0.446267 5.44229 0.0287975
1  0.953368 -0.108092  -0.28179   -0.2371 -0.845936 -0.477677 -0.186744  0.522214 -0.832117 0.0771201 -0.168732  0.224519 0.00263946 0.941004 0.383973 5.13912 0.0174367
1  0.956584 -0.102531 -0.272826 -0.228021   -0.8463 -0.481438  -0.18153  0.522746 -0.832936 0.0757523 -0.168468  0.225155 0.00263366 0.940029 0.361464 7.87879 0.0187162
1   0.948624 -0.0943572  -0.302009  -0.239456     -0.838  -0.490323  -0.206818    0.53745  -0.817541  0.0825133  -0.173259    0.21932 0.0033042 0.939542 0.219894 9.87101 0.0411602
1  0.953364 -0.105904 -0.282633 -0.235789 -0.845899  -0.47839 -0.188415  0.522722 -0.831421 0.0776885 -0.168787  0.224235 0.00262062 0.940029 0.384097 5.8031 0.0182603
1  0.954356 -0.108052 -0.278443  -0.23543 -0.845824 -0.478702 -0.183789  0.522405 -0.832655  0.076098 -0.168739  0.224822 0.00264808 0.94198 0.418013 5.25352 0.0167982
1  0.954161 -0.107314 -0.279391 -0.235226 -0.846077 -0.478354 -0.185052  0.522147 -0.832537 0.0766251 -0.168621  0.224698 0.00263314 0.94198 0.382319 8.31678 0.0169252
1   0.95398 -0.107952 -0.279765 -0.235964 -0.845962 -0.478193 -0.185049  0.522202 -0.832504 0.0765837 -0.168611   0.22471 0.00262366 0.941004 0.514061 11.6173 0.0168716
1  0.954048 -0.106011 -0.280273 -0.234641  -0.84604 -0.478707 -0.186374  0.522473 -0.832037 0.0769895  -0.16861  0.224537 0.00261797 0.941004 0.446747 6.12113 0.0173951
1  0.953247 -0.109312  -0.28173 -0.237921 -0.846281 -0.476658 -0.186318  0.521402 -0.832722 0.0768455  -0.16831  0.224757 0.00262242 0.940517 0.389924 5.61313 0.0169222
1  0.951596 -0.097938 -0.291331 -0.233804 -0.845928 -0.479313 -0.199502  0.524227  -0.82788 0.0809107 -0.168978  0.222758 0.00267491 0.939542 0.375373 4.8027 0.0262219
1  0.955158 -0.109265 -0.275198 -0.235683 -0.843171 -0.483236 -0.179238  0.526426 -0.831113 0.0743364 -0.169778  0.224876 0.00292386 0.944417 0.312264 5.69608 0.0187884
1  0.953738 -0.102831 -0.282505 -0.233721 -0.844656 -0.481591 -0.189098  0.525339 -0.829615 0.0779238 -0.169579  0.223576 0.0026666 0.94198 0.349988 5.24744 0.0203555
1   0.95422 -0.106326 -0.279569 -0.234475 -0.846221 -0.478468 -0.185704  0.522116 -0.832412 0.0766147 -0.168578   0.22465 0.00262652 0.941492 0.419358 4.92373 0.0171411
1  0.950139 -0.112098 -0.290982 -0.244231 -0.847694  -0.47092 -0.193875  0.518507 -0.832805 0.0788088 -0.168094  0.224283 0.00269479 0.939542 0.41947 7.8297 0.0223658
1  0.946876 -0.110551    -0.302 -0.249072 -0.846134 -0.471191 -0.203442  0.521379 -0.828719 0.0821567 -0.168133  0.222615 0.0027586 0.940517 0.372821 6.90011 0.0316146
1  0.952335 -0.111513 -0.283942 -0.240858 -0.846073  -0.47555 -0.187205  0.521273 -0.832604  0.077229 -0.168341  0.224567 0.00261777 0.940517 0.417732 5.71203 0.0178663
1  0.954422 -0.108638 -0.277986 -0.235793  -0.84547 -0.479146 -0.182976  0.522855 -0.832552 0.0758904 -0.168666  0.224846 0.00262221 0.940517 0.470421 4.95603 0.0167253
1  0.954357 -0.106396 -0.279074 -0.234246 -0.846323   -0.4784 -0.185287  0.521936 -0.832617 0.0765632 -0.168495  0.224816 0.00264467 0.94198 0.34623 5.28225 0.016901
1  0.953089 -0.112979 -0.280814 -0.240647 -0.845558 -0.476571 -0.183602  0.521792 -0.833081 0.0760396 -0.168487  0.224878 0.00262787 0.941004 0.4155 5.81562 0.0170545
1  0.954386 -0.110609 -0.277331 -0.236843 -0.846038 -0.477624 -0.181803  0.521522 -0.833644 0.0755737 -0.168413   0.22511 0.00259876 0.940029 0.274606 5.38224 0.0162833
1  0.953858 -0.108747 -0.279872 -0.236586 -0.846153 -0.477548 -0.184882  0.521727 -0.832838 0.0764884 -0.168475   0.22478 0.00263137 0.94198 0.405757 5.79917 0.0166713
1  0.952904 -0.109306  -0.28289 -0.238407 -0.846528 -0.475975 -0.187447  0.521002 -0.832719 0.0772934 -0.168178  0.224631 0.00260601 0.940517 0.388145 10.24 0.0172895
1  0.953253 -0.109664 -0.281571 -0.238154 -0.846192 -0.476698 -0.185987  0.521471 -0.832752 0.0768634 -0.168468  0.224654 0.00258875 0.939054 0.37551 4.96072 0.017039
1  0.954136 -0.103969  -0.28074 -0.233243 -0.846039 -0.479391 -0.187676  0.522885 -0.831486 0.0773941 -0.168945  0.224302 0.00264689 0.941492 0.494836 5.97206 0.0184155
1  0.953946 -0.112597 -0.278043 -0.238826  -0.84593 -0.476827 -0.181516  0.521271 -0.833863 0.0754936 -0.168205  0.225299 0.00266578 0.942955 0.425596 5.78514 0.0162225
1  0.954096  -0.10665  -0.27987 -0.235325 -0.844978 -0.480244 -0.185266  0.524059 -0.831287 0.0767494 -0.169093  0.224183 0.00259427 0.939542 0.505473 6.09012 0.0179545
1   0.95417 -0.105545 -0.280034 -0.234022 -0.846394 -0.478384 -0.186528  0.521993 -0.832304 0.0770191 -0.168515  0.224568 0.00259715 0.940029 0.500365 5.69841 0.0173776
1  0.954247 -0.114222 -0.276346  -0.23898 -0.846794 -0.475213 -0.179728  0.519512 -0.835347 0.0748807 -0.167724  0.225645 0.00259668 0.940029 0.41722 5.83986 0.0162552
1  0.954308 -0.107434 -0.278844 -0.234716 -0.847015 -0.476943 -0.184945    0.5206 -0.833529 0.0763811 -0.168092  0.225089 0.00262479 0.941004 0.409101 6.33344 0.0162995
1  0.955955 -0.108831 -0.272591 -0.233335 -0.845185 -0.480851 -0.178058  0.523277 -0.833353 0.0745899 -0.168802  0.225352 0.00266778 0.940517 0.240983 5.91606 0.0175687
1  0.953643  -0.10757 -0.281058 -0.236201 -0.846262 -0.477546 -0.186479  0.521794  -0.83244 0.0769733 -0.168482  0.224636 0.0026289 0.941492 0.374702 5.22824 0.0170911
1  0.952885 -0.110558 -0.282465 -0.239166 -0.846609 -0.475451 -0.186572  0.520606 -0.833163 0.0770899 -0.168161  0.224789 0.00260726 0.940029 0.54393 11.3402 0.0170653
1  0.954948 -0.101553 -0.278858 -0.230288 -0.846256 -0.480436 -0.187195  0.523009 -0.831516 0.0772637 -0.168732  0.224442 0.00263107 0.940517 0.424731 5.74301 0.0189355
1  0.953418 -0.110333 -0.280749  -0.23788  -0.84731 -0.474846 -0.185491  0.519511 -0.834087 0.0767623  -0.16783  0.225128 0.00261819 0.941004 0.333696 5.49924 0.0163133
1  0.954118 -0.103616 -0.280931 -0.233128 -0.845842 -0.479794 -0.187909  0.523273 -0.831189 0.0774216 -0.169071  0.224202 0.00263666 0.940517 0.420616 5.49008 0.0187393
1  0.953548 -0.108969 -0.280841 -0.237261 -0.846115  -0.47728 -0.185616  0.521743 -0.832665 0.0766919  -0.16838  0.224749 0.00262982 0.941492 0.382721 5.57812 0.0167769
1  0.952035 -0.119474 -0.281701 -0.246245 -0.845639 -0.473559 -0.181639  0.520212 -0.834498  0.075302 -0.168178  0.225343 0.00266259 0.940517 0.408888 5.71999 0.0192056
1  0.954066 -0.105708  -0.28033 -0.234633  -0.84546 -0.479734 -0.186296  0.523472 -0.831427 0.0765081 -0.169214  0.224396 0.00271543 0.942467 0.407751 5.47246 0.0180703
1   0.95407 -0.106949 -0.279844 -0.235166 -0.846063 -0.478409 -0.185601  0.522245 -0.832353 0.0767385 -0.168575  0.224688 0.00263292 0.941492 0.506972 10.863 0.0170159
1  0.954988 -0.107806 -0.276363 -0.234168 -0.845887 -0.479208  -0.18211  0.522353 -0.833057 0.0757877 -0.168546  0.224967 0.00260676 0.940517 0.495912 5.31914 0.0166742
1  0.953581  -0.10429   -0.2825 -0.233923 -0.847308 -0.476811 -0.189638  0.520761 -0.832373 0.0778883 -0.168089  0.224623 0.00263215 0.940517 0.460891 11.0672 0.0180428
1  0.953881 -0.108015 -0.280077 -0.236107  -0.84614 -0.477807 -0.185374    0.5219 -0.832621 0.0766849 -0.168524  0.224737 0.00263101 0.941492 0.437342 6.15092 0.0168199
1  0.953156 -0.110065 -0.281742 -0.238546 -0.846232 -0.476432 -0.185981  0.521322 -0.832847 0.0768199  -0.16834  0.224741 0.00262035 0.941004 0.450482 4.56024 0.0169479
1  0.953182  -0.10948 -0.281884 -0.237644 -0.847641 -0.474373 -0.187002  0.519152 -0.833973 0.0772352 -0.167682  0.224983 0.00258922 0.939542 0.39745 5.02303 0.0166934
1  0.953783 -0.103265 -0.282195 -0.232986 -0.847213 -0.477439 -0.189777  0.521121 -0.832116 0.0781335 -0.168164  0.224514 0.00261971 0.939542 0.434532 5.46673 0.0183912
1  0.954078 -0.108511 -0.279214 -0.236003 -0.846335 -0.477514 -0.184493  0.521481 -0.833079 0.0764215 -0.168392  0.224904 0.00262793 0.941492 0.360633 4.64769 0.0164695
1  0.954988 -0.101994 -0.278559  -0.23131 -0.843944 -0.483998 -0.185723  0.526646 -0.829549 0.0771292 -0.169681  0.223725 0.00266842 0.941004 0.421793 6.69342 0.0205024
1   0.96113 -0.101976 -0.256575 -0.219764 -0.845097 -0.487355 -0.167132  0.524797 -0.834659 0.0714184 -0.169429  0.226069 0.00273565 0.936129 0.365557 11.6937 0.0297768
1  0.952643 -0.109343 -0.283753 -0.239057 -0.846004 -0.476581 -0.187945  0.521845 -0.832079  0.077455 -0.168353  0.224456 0.00261707 0.940517 0.35563 4.83913 0.0177817
1  0.944524 -0.131532 -0.300955 -0.261433 -0.855749 -0.446483 -0.198815  0.500393 -0.842662 0.0802439 -0.162723  0.227042 0.00316703 0.92589 0.353278 5.74916 0.0439019
1  0.954025 -0.108877 -0.279252 -0.236329 -0.846294 -0.477426 -0.184348  0.521472 -0.833116  0.076503  -0.16831  0.224807 0.00258805 0.940029 0.38122 6.19766 0.0164555
1   0.95384 -0.107607 -0.280373 -0.235916 -0.846179 -0.477833 -0.185828  0.521921 -0.832506 0.0767897 -0.168456  0.224641 0.00261106 0.941004 0.470848 6.67673 0.0169435
1  0.953906 -0.107927 -0.280025 -0.236047  -0.84604 -0.478015 -0.185322  0.522081 -0.832519 0.0766612 -0.168555  0.224695 0.00262035 0.941004 0.430698 5.56458 0.0168782
1  0.953446 -0.109199 -0.281097 -0.237332 -0.846793 -0.476041 -0.186048  0.520593 -0.833288 0.0768451 -0.168098  0.224907 0.002619 0.941004 0.405489 7.77776 0.0165816
1  0.952835 -0.108691 -0.283357  -0.23844 -0.845723 -0.477388 -0.187754  0.522435 -0.831751 0.0774161 -0.168774  0.224284 0.00259973 0.939054 0.451477 6.60267 0.018048
1  0.953654  -0.10423 -0.282275 -0.233496  -0.84804 -0.475718 -0.189796  0.519581 -0.833074 0.0779801 -0.167725  0.224842 0.00262713 0.940029 0.469613 7.6067 0.0178258
1  0.953462 -0.104263 -0.282913 -0.233916 -0.847832 -0.475882 -0.190246  0.519913 -0.832765 0.0781931 -0.167792  0.224704 0.00262333 0.940029 0.565514 5.46929 0.0180837
1  0.953183 -0.110418 -0.281513 -0.238459 -0.846942 -0.475212 -0.185953  0.520093 -0.833621 0.0770201  -0.16785  0.224865 0.00257974 0.939542 0.439167 4.92795 0.0166005
1  0.953159 -0.108008 -0.282528 -0.237362 -0.846048  -0.47735 -0.187474  0.522051 -0.832055 0.0772456 -0.168583  0.224487 0.00262413 0.940517 0.418604 5.0194 0.0175774
1  0.953845 -0.107451 -0.280418 -0.235833 -0.846126 -0.477968 -0.185911  0.522039 -0.832414 0.0767972 -0.168629  0.224667 0.00263755 0.941492 0.451715 7.63906 0.0170638
1  0.954098 -0.106868  -0.27978 -0.234806 -0.846804 -0.477273 -0.185913  0.521059 -0.833027  0.076883 -0.168366   0.22477 0.00258009 0.938567 0.4755 6.01986 0.0168366
1  0.953321 -0.107769 -0.282073 -0.237139 -0.845503 -0.478425 -0.186934  0.522983 -0.831592 0.0771804 -0.168722   0.22433 0.00260728 0.940029 0.389473 9.72299 0.0177131
1  0.954338 -0.107513 -0.278712  -0.23488 -0.846543 -0.477698 -0.184583  0.521349 -0.833141 0.0764012 -0.168417  0.224934 0.00262374 0.941004 0.581189 5.1914 0.0165462
1  0.953858  -0.10819 -0.280089 -0.236163 -0.846396 -0.477327 -0.185424  0.521449 -0.832892 0.0766982  -0.16856  0.224802 0.00264847 0.94198 0.390166 11.2007 0.0167798
1  0.953188  -0.10956  -0.28183 -0.238117 -0.846428 -0.476298 -0.186366  0.521111 -0.832893 0.0769815 -0.168263  0.224761 0.00261489 0.940517 0.469844 10.3117 0.0169157
1  0.953771 -0.107846 -0.280519 -0.236248 -0.845988 -0.478008 -0.185764  0.522182 -0.832356 0.0767904 -0.168594  0.224641 0.0026315 0.941492 0.495337 7.51698 0.0170275
1  0.953616 -0.108435 -0.280818 -0.236801 -0.846177   -0.4774 -0.185855  0.521754 -0.832605 0.0767158 -0.168467  0.224693 0.00262782 0.941492 0.359972 5.37443 0.0169068
1  0.954697 -0.107426 -0.277512 -0.234178 -0.846634 -0.477882 -0.183614   0.52122 -0.833436 0.0761382 -0.168229  0.225158 0.00264159 0.941492 0.49289 7.18451 0.0162648
1  0.953455 -0.108348 -0.281396 -0.237014 -0.846198 -0.477257 -0.186407  0.521738 -0.832492 0.0769631 -0.168471  0.224659 0.00262594 0.941004 0.475388 8.48382 0.0170548
1  0.952206 -0.112732 -0.283892 -0.241721 -0.846309 -0.474693 -0.186747  0.520628  -0.83311 0.0777279 -0.168053  0.224536 0.00268996 0.941492 0.426167 5.60078 0.0178851
1  0.953567 -0.111193 -0.279902  -0.23893 -0.845086 -0.478269 -0.183361  0.522939 -0.832414 0.0759274 -0.168804  0.224726 0.00262179 0.940029 0.354495 4.67151 0.0170585
1   0.955043 -0.0997701  -0.279177  -0.229355   -0.84533  -0.482508  -0.187857   0.524846  -0.830209  0.0774441  -0.169386   0.223944 0.00263357 0.939542 0.461176 5.8909 0.0207213
1   0.955325 -0.0987926  -0.278557   -0.22811  -0.845749  -0.482364  -0.187935   0.524356  -0.830501  0.0772812   -0.16971    0.22412 0.00275875 0.941004 0.454677 5.33278 0.0211921
1  0.953777 -0.110576 -0.279434 -0.237673 -0.846592 -0.476229 -0.183906   0.52063  -0.83374 0.0761781 -0.167892  0.225242 0.00265746 0.942467 0.435438 5.06565 0.0159311
1   0.956149 -0.0994485  -0.275479  -0.227607  -0.844252  -0.485216  -0.184319    0.52664  -0.829866   0.076439  -0.169902   0.224019 0.00267927 0.940517 0.405246 9.02547 0.0217967
1  0.953538 -0.108018 -0.281243 -0.236866 -0.845658 -0.478286 -0.186172   0.52268 -0.831953 0.0768952 -0.168721  0.224491 0.00263332 0.941492 0.460308 6.13467 0.0173592
1  0.961938 -0.102895 -0.253156 -0.218887 -0.844731 -0.488384 -0.163597  0.525207 -0.835101 0.0699903 -0.169116  0.226482 0.00277306 0.936129 0.438542 4.96812 0.0324928
1  0.952718 -0.108896 -0.283672 -0.238681 -0.845946 -0.476872 -0.188042  0.522031  -0.83194 0.0774468 -0.168536  0.224361 0.00259977 0.939542 0.242245 5.71086 0.0179457
1   0.95486 -0.106926 -0.277144 -0.233654  -0.84646 -0.478447 -0.183433  0.521606 -0.833234 0.0761099 -0.168447  0.225042 0.0026409 0.94198 0.442034 9.70384 0.0165831
1  0.954077 -0.106092 -0.280146 -0.234531  -0.84635 -0.478213 -0.186367  0.521955 -0.832364 0.0769326 -0.168749  0.224566 0.00261225 0.939542 0.405222 5.27816 0.0174129
1  0.954784 -0.100125 -0.279931 -0.229559 -0.846608 -0.480164 -0.188916  0.522713 -0.831313 0.0777797 -0.168819   0.22441 0.00270409 0.942467 0.399357 7.07741 0.0197455
1  0.953762 -0.106213  -0.28117 -0.235283 -0.845951 -0.478548 -0.187028  0.522576 -0.831826 0.0771929  -0.16884  0.224389 0.0026225 0.940517 0.413673 10.2836 0.0177583
1  0.954313 -0.108206 -0.278529 -0.235682 -0.845578  -0.47901 -0.183686   0.52277 -0.832449 0.0761721 -0.168747  0.224727 0.00263518 0.94198 0.4604 6.16366 0.016881
1  0.952124 -0.106464 -0.286574 -0.237941 -0.846635 -0.476017 -0.191945  0.521415 -0.831434 0.0786657 -0.168465  0.224042 0.00262702 0.940029 0.456637 4.99838 0.0197084
1  0.953267 -0.109723   -0.2815  -0.23822  -0.84604 -0.476936  -0.18583  0.521706  -0.83264 0.0768179 -0.168417  0.224695 0.00260781 0.940029 0.372898 4.24832 0.0169564
1  0.953069 -0.101732 -0.285148 -0.233078  -0.84765 -0.476617 -0.193219  0.520711 -0.831581 0.0793711 -0.168198  0.223902 0.00264251 0.939542 0.428881 6.30901 0.0205068
1  0.953324 -0.108423  -0.28181 -0.237352 -0.845999 -0.477441 -0.186646  0.522044 -0.832246  0.076991 -0.168689  0.224519 0.00262114 0.940517 0.319543 5.08867 0.0173888
1  0.954388 -0.103793 -0.279946 -0.232897 -0.845499 -0.480511  -0.18682  0.523792 -0.831108 0.0771519 -0.169053  0.224235 0.00263319 0.941004 0.214001 3.98139 0.0185698
1  0.954906 -0.100748 -0.279292 -0.230583 -0.844239  -0.48383 -0.187045  0.526413   -0.8294 0.0772067 -0.169852  0.223702 0.00267162 0.941004 0.396876 5.73663 0.0210705
1  0.953443 -0.109156 -0.281125 -0.237516 -0.846218 -0.476972 -0.185829  0.521537 -0.832747 0.0767453 -0.168362  0.224776 0.00264147 0.94198 0.527345 9.8983 0.0167977
1  0.953747 -0.106883 -0.280969 -0.235749 -0.845864 -0.478473 -0.186521   0.52258 -0.831937 0.0769592 -0.168676  0.224504 0.00263206 0.941492 0.355149 7.3489 0.0174162
1  0.953384 -0.110289 -0.280883 -0.238302 -0.846213 -0.476588 -0.185124  0.521306 -0.833048 0.0765612 -0.168307  0.224858 0.00262245 0.941004 0.48261 8.84524 0.0166523
1    0.95348 -0.0950351  -0.286085   -0.22807  -0.847992  -0.478429   -0.19713   0.521419  -0.830218  0.0803839   -0.16814   0.223802 0.00272255 0.941492 0.456708 5.24504 0.0243904
1   0.95355 -0.109299 -0.280707 -0.237507 -0.845974 -0.477408 -0.185291  0.521902 -0.832638 0.0766729 -0.168429  0.224725 0.00261287 0.940517 0.430871 6.73999 0.016782
1  0.952457 -0.109787 -0.284205 -0.239401 -0.846656 -0.475247 -0.188449  0.520692 -0.832687 0.0775802 -0.168157  0.224487 0.00257098 0.938079 0.388942 4.95824 0.0178889
1  0.953245 -0.107696 -0.282358 -0.236549  -0.84738 -0.475386 -0.188068  0.519951 -0.833236 0.0775853 -0.167909  0.224721 0.00257415 0.938567 0.440029 5.50195 0.0171528
1   0.95321 -0.109956 -0.281603 -0.238329 -0.846401  -0.47624 -0.185983  0.521071 -0.833004 0.0768349 -0.168227  0.224847 0.00262889 0.941004 0.48023 10.0153 0.0167751
1  0.953901 -0.107324 -0.280277 -0.235693 -0.846036 -0.478197 -0.185803  0.522211  -0.83233 0.0767578 -0.168598  0.224646 0.00263782 0.94198 0.327226 4.60142 0.0170616
1  0.952352 -0.111003 -0.284085 -0.240529 -0.846054  -0.47575 -0.187542  0.521412 -0.832441 0.0772819 -0.168353  0.224489 0.00261254 0.940517 0.39026 5.73705 0.0179381
1  0.953852 -0.107578 -0.280346 -0.236009 -0.845816  -0.47843 -0.185653  0.522516 -0.832172 0.0767075 -0.168657  0.224595 0.00262316 0.941004 0.423611 5.75465 0.0171274
1  0.952131 -0.112985 -0.284045 -0.241583  -0.84746 -0.472704 -0.187308  0.518697 -0.834188 0.0773291  -0.16778   0.22492 0.00260047 0.939054 0.420588 4.61299 0.0179241
1  0.954817 -0.111184 -0.275613 -0.236279 -0.846512 -0.477063 -0.180268   0.52063 -0.834535 0.0751212 -0.168157  0.225498 0.00262369 0.941004 0.396791 5.93484 0.0160699
1  0.950726 -0.113056 -0.288685 -0.243868 -0.847664 -0.471163  -0.19144  0.518347 -0.833467 0.0783907 -0.167544  0.224319 0.00258422 0.936129 0.390824 5.46265 0.0207424
1  0.953413 -0.106833 -0.282118 -0.236465 -0.845363 -0.479005 -0.187319  0.523401 -0.831242 0.0772561 -0.169162  0.224133 0.00262893 0.940517 0.32544 11.6679 0.0183042
1  0.953877 -0.107911 -0.280133 -0.236114 -0.845969 -0.478108  -0.18539  0.522199 -0.832429 0.0766814 -0.168599  0.224672 0.00262297 0.941004 0.401622 7.24208 0.0169428
1  0.953023 -0.105809 -0.283815 -0.235844 -0.847169 -0.476111 -0.190063  0.520681 -0.832327 0.0779248 -0.168189  0.224472 0.00260999 0.939542 0.489541 9.42802 0.0182409
1  0.953633 -0.107155  -0.28125 -0.236135 -0.845786 -0.478421 -0.186612  0.522651 -0.831872 0.0770606 -0.168856  0.224459 0.00263951 0.941004 0.309276 4.64443 0.0175715
1  0.955892 -0.112065 -0.271499 -0.235113 -0.845971 -0.478598 -0.176046  0.521321 -0.835004 0.0739852 -0.168374   0.22575 0.00262449 0.940029 0.426003 5.03818 0.0173922
1   0.95485 -0.113559 -0.274528 -0.238407  -0.84426 -0.479986 -0.177266  0.523764 -0.833215 0.0740853 -0.169029  0.225505 0.00281396 0.941492 0.372481 5.19286 0.0176329
1  0.949796 -0.111014 -0.292512  -0.24459 -0.846462 -0.472946 -0.195096  0.520748 -0.831119 0.0795216  -0.16852  0.223631 0.00267247 0.940029 0.455922 6.00189 0.0235239
1  0.953578 -0.107932 -0.281139  -0.23651 -0.846315 -0.477298 -0.186416  0.521633 -0.832555 0.0769517 -0.168489   0.22467 0.00261181 0.940029 0.370162 5.6971 0.0170451
1   0.95386 -0.108568 -0.279936 -0.236247 -0.846795 -0.476578 -0.185307  0.520722 -0.833372 0.0760545 -0.168317  0.225032 0.00273128 0.943442 0.49915 4.74614 0.0165042
1  0.953399 -0.113467 -0.279565 -0.240459 -0.845423 -0.476906 -0.182237  0.521905 -0.833309 0.0750314 -0.168914  0.225121 0.00278869 0.943442 0.40821 11.2807 0.0171867
