1    0.9546 -0.107347 -0.277877 -0.234382 -0.846394 -0.478208 -0.183859  0.521627 -0.833127 0.0762107  -0.16816  0.224845 0.00256588 0.939054 0.458379 2.04576 0.0164565
1  0.954384 -0.110102 -0.277542 -0.236506 -0.846142 -0.477607 -0.182254  0.521461 -0.833584 0.0756683  -0.16824  0.225012 0.0025622 0.938567 0.490127 2.12073 0.0162211
1  0.953964 -0.107678 -0.279924 -0.235699 -0.846317 -0.477697 -0.185467  0.521683 -0.832736 0.0767065 -0.168306  0.224654 0.00256482 0.938567 0.416891 0.891015 0.0167636
1  0.954643 -0.108368 -0.277332 -0.234934 -0.846369  -0.47798 -0.182927  0.521455  -0.83344 0.0758861 -0.168096  0.224963 0.00257846 0.940029 0.591591 0.732358 0.0162284
1   0.95419  -0.11393 -0.276661 -0.238904 -0.846791 -0.475257 -0.180128  0.519581 -0.835218 0.0751001 -0.167406  0.225457 0.00258312 0.939542 0.457078 2.11869 0.0160633
1  0.954483 -0.109568 -0.277413 -0.235971 -0.846265 -0.477654 -0.182429  0.521373   -0.8336 0.0757172  -0.16813  0.225016 0.00257288 0.939542 0.510329 0.587395 0.0161499
1  0.954087 -0.106693 -0.279885 -0.234778 -0.846638 -0.477581 -0.186006  0.521365 -0.832815 0.0769209 -0.168149  0.224691 0.00257544 0.939542 0.398913 1.18915 0.0167932
1  0.953964 -0.107674 -0.279926 -0.235694 -0.846324 -0.477686 -0.185474  0.521672 -0.832741 0.0767083 -0.168302  0.224655 0.00256475 0.938567 0.378172 1.38871 0.0167612
1  0.953378 -0.109118 -0.281359 -0.237584 -0.846272 -0.476841 -0.186074  0.521456 -0.832742 0.0769254 -0.168217  0.224594 0.00256884 0.939054 0.39351 1.44113 0.016891
1  0.953378 -0.109118 -0.281359 -0.237584 -0.846272 -0.476841 -0.186074  0.521456 -0.832742 0.0769254 -0.168217  0.224594 0.00256884 0.939054 0.396267 1.08055 0.0168911
1  0.953964 -0.107678 -0.279924 -0.235699 -0.846317 -0.477697 -0.185467  0.521683 -0.832736 0.0767065 -0.168306  0.224654 0.00256483 0.938567 0.436311 0.899099 0.0167636
1  0.953378 -0.109118 -0.281359 -0.237584 -0.846272 -0.476841 -0.186074  0.521456 -0.832742 0.0769254 -0.168217  0.224594 0.00256884 0.939054 0.397404 2.56886 0.016891
1  0.953965 -0.107678 -0.279924 -0.235699 -0.846317 -0.477697 -0.185467  0.521683 -0.832736 0.0767065 -0.168306  0.224654 0.00256483 0.938567 0.524958 2.90944 0.0167635
1  0.953319 -0.109397 -0.281453  -0.23787 -0.846224 -0.476783 -0.186014  0.521476 -0.832743 0.0769049 -0.168272  0.224592 0.00257162 0.939054 0.456543 1.18526 0.016938
1  0.953965 -0.107678 -0.279924 -0.235699 -0.846317 -0.477697 -0.185467  0.521683 -0.832736 0.0767065 -0.168306  0.224654 0.00256482 0.938567 0.403323 1.27221 0.0167636
1  0.954087 -0.106693 -0.279885 -0.234778 -0.846638 -0.477581 -0.186006  0.521365 -0.832815 0.0769209 -0.168149  0.224691 0.00257544 0.939542 0.398602 1.05886 0.0167932
1  0.953337 -0.109362 -0.281403 -0.237818 -0.846225 -0.476808 -0.185986  0.521481 -0.832746 0.0768979 -0.168255  0.224594 0.00257057 0.939054 0.395364 1.0515 0.0169152
1  0.953378 -0.109118 -0.281359 -0.237584 -0.846272 -0.476841 -0.186074  0.521456 -0.832742 0.0769254 -0.168217  0.224594 0.00256884 0.939054 0.373818 1.44568 0.0168911
1  0.953378 -0.109118 -0.281359 -0.237584 -0.846272 -0.476841 -0.186074  0.521456 -0.832742 0.0769254 -0.168217  0.224594 0.00256884 0.939054 0.43211 1.13107 0.016891
1  0.953964 -0.107678 -0.279924 -0.235699 -0.846317 -0.477697 -0.185467  0.521683 -0.832736 0.0767065 -0.168306  0.224654 0.00256483 0.938567 0.447468 1.10664 0.0167636
1  0.953964 -0.107678 -0.279924 -0.235699 -0.846317 -0.477697 -0.185467  0.521683 -0.832736 0.0767065 -0.168306  0.224654 0.00256483 0.938567 0.416876 1.44056 0.0167636
1  0.953426  -0.10904 -0.281228 -0.237404 -0.846416 -0.476675 -0.186059  0.521239 -0.832882 0.0769218 -0.168049  0.224643 0.00256538 0.939054 0.429385 0.861619 0.0167333
1  0.953989 -0.107807 -0.279792 -0.235761 -0.846246 -0.477791 -0.185263  0.521772 -0.832726 0.0766418  -0.16838  0.224656 0.00258097 0.939542 0.478751 0.850739 0.0167765
1  0.953999 -0.107461  -0.27989 -0.235488 -0.846373 -0.477701 -0.185557  0.521637 -0.832744 0.0767434 -0.168257  0.224655 0.00256261 0.938567 0.366516 1.34645 0.0167578
1  0.953378 -0.109118 -0.281359 -0.237584 -0.846272 -0.476841 -0.186074  0.521456 -0.832742 0.0769254 -0.168217  0.224594 0.00256884 0.939054 0.428629 1.55578 0.016891
1  0.954649 -0.105688 -0.278344 -0.233333 -0.846268 -0.478943 -0.184935  0.522169  -0.83255 0.0765421 -0.168424  0.224583 0.00254919 0.937591 0.288443 0.479364 0.0171553
1  0.953991 -0.108223 -0.279622 -0.236015 -0.846227   -0.4777 -0.184926  0.521716 -0.832835 0.0765403 -0.168351   0.22469 0.0025591 0.938079 0.422078 0.894961 0.0166684
1  0.953378 -0.109118 -0.281359 -0.237584 -0.846272 -0.476841 -0.186074  0.521456 -0.832742 0.0769254 -0.168217  0.224594 0.00256884 0.939054 0.396873 2.43204 0.0168911
1  0.953534 -0.106824 -0.281711 -0.235999 -0.846074 -0.477979 -0.187288  0.522253 -0.831971 0.0773093 -0.168543  0.224264 0.00254885 0.937104 0.385136 0.67459 0.0176585
1  0.954292 -0.109943 -0.277921 -0.236589 -0.846085 -0.477667 -0.182629  0.521587 -0.833423 0.0757909   -0.1683   0.22495 0.00257066 0.939054 0.509386 0.841664 0.0162938
1  0.953965 -0.107678 -0.279924 -0.235699 -0.846317 -0.477697 -0.185467  0.521683 -0.832736 0.0767065 -0.168306  0.224654 0.00256482 0.938567 0.44735 1.18014 0.0167635
1  0.954964 -0.106712 -0.276869 -0.233313 -0.846552 -0.478449 -0.183328  0.521499 -0.833324 0.0761585 -0.168023  0.224829 0.0025673 0.939054 0.510613 1.25743 0.0165256
1  0.955253 -0.112882 -0.273403 -0.236376 -0.846981 -0.476182 -0.177815    0.5195 -0.835764 0.0743226 -0.167293  0.225775 0.00261073 0.941004 0.497755 0.849098 0.0162199
1  0.953323 -0.109396 -0.281438 -0.237866 -0.846213 -0.476805 -0.185996  0.521494 -0.832736 0.0768998 -0.168251  0.224591 0.00257038 0.939054 0.423123 0.738646 0.0169219
1   0.95421 -0.105988  -0.27973 -0.234165 -0.846558 -0.478024 -0.186143  0.521639 -0.832613 0.0769527 -0.168286  0.224636 0.00257874 0.939542 0.419467 1.4002 0.0170411
1  0.953964 -0.107678 -0.279924 -0.235699 -0.846317 -0.477697 -0.185467  0.521683 -0.832736 0.0767065 -0.168306  0.224654 0.00256482 0.938567 0.270275 0.847734 0.0167636
1  0.953342 -0.109169 -0.281461 -0.237686 -0.846242 -0.476844 -0.186128  0.521495 -0.832706 0.0769433  -0.16823  0.224581 0.00256924 0.939054 0.388893 0.723237 0.0169287
1  0.953999 -0.107461  -0.27989 -0.235488 -0.846373 -0.477701 -0.185557  0.521637 -0.832744 0.0767434 -0.168257  0.224655 0.00256261 0.938567 0.551741 3.54141 0.0167578
1  0.953965 -0.107678 -0.279924 -0.235699 -0.846317 -0.477697 -0.185467  0.521683 -0.832736 0.0767065 -0.168306  0.224654 0.00256482 0.938567 0.439216 1.07399 0.0167635
1  0.953991 -0.108223 -0.279622 -0.236015 -0.846227   -0.4777 -0.184926  0.521716 -0.832835 0.0765403 -0.168351   0.22469 0.0025591 0.938079 0.348733 0.856476 0.0166684
1  0.953378 -0.109118 -0.281359 -0.237584 -0.846272 -0.476841 -0.186074  0.521456 -0.832742 0.0769254 -0.168217  0.224594 0.00256884 0.939054 0.435519 1.48605 0.016891
1  0.953378 -0.109118 -0.281359 -0.237584 -0.846272 -0.476841 -0.186074  0.521456 -0.832742 0.0769254 -0.168217  0.224594 0.00256884 0.939054 0.397035 0.966658 0.016891
1  0.953378 -0.109118 -0.281359 -0.237584 -0.846272 -0.476841 -0.186074  0.521456 -0.832742 0.0769254 -0.168217  0.224594 0.00256884 0.939054 0.429701 1.41703 0.016891
1  0.954136 -0.108652 -0.278961  -0.23604 -0.846192 -0.477749 -0.184146  0.521683 -0.833029 0.0763009 -0.168345  0.224771 0.00256606 0.938567 0.44033 0.832028 0.0165129
1  0.953989 -0.107807 -0.279792 -0.235761 -0.846246 -0.477791 -0.185263  0.521772 -0.832726 0.0766417  -0.16838  0.224656 0.00258097 0.939542 0.5167 2.43504 0.0167765
1  0.954643 -0.108368 -0.277332 -0.234934 -0.846369 -0.477981 -0.182927  0.521455  -0.83344  0.075886 -0.168096  0.224963 0.00257846 0.940029 0.501385 0.64964 0.0162283
1  0.954518  -0.10485 -0.279111 -0.232751 -0.847099 -0.477755 -0.186342  0.520989 -0.832975 0.0770385 -0.167948  0.224771 0.00260451 0.941492 0.466554 3.5004 0.0170048
1  0.954355 -0.110036 -0.277665 -0.236499 -0.846189 -0.477528 -0.182412  0.521399 -0.833588 0.0757198 -0.168227   0.22501 0.00256916 0.939054 0.450569 0.541222 0.0162071
1  0.953378 -0.109118 -0.281359 -0.237584 -0.846272 -0.476841 -0.186074  0.521456 -0.832742 0.0769254 -0.168217  0.224594 0.00256883 0.939054 0.461284 1.11548 0.0168911
1  0.954964 -0.106712  -0.27687 -0.233313 -0.846552 -0.478449 -0.183328  0.521499 -0.833324 0.0761585 -0.168023  0.224829 0.0025673 0.939054 0.402552 1.4215 0.0165256
1   0.95452 -0.104825 -0.279113 -0.232734 -0.847095 -0.477772 -0.186352  0.521001 -0.832965 0.0770415 -0.167953  0.224767 0.00259761 0.941004 0.439301 0.886347 0.0170177
1  0.953666 -0.108163 -0.280751   -0.2365  -0.84632 -0.477295  -0.18598  0.521578 -0.832687 0.0768963 -0.168225  0.224602 0.00256835 0.939054 0.375127 1.15472 0.0168273
1  0.953372 -0.109362 -0.281286 -0.237773 -0.846188 -0.476896 -0.185867  0.521542 -0.832735 0.0768539 -0.168308   0.22459 0.00257242 0.939054 0.442595 0.929881 0.0169232
1  0.953378 -0.109118 -0.281359 -0.237584 -0.846272 -0.476841 -0.186074  0.521456 -0.832742 0.0769254 -0.168217  0.224594 0.00256884 0.939054 0.404244 2.62751 0.0168911
1  0.953999 -0.107461  -0.27989 -0.235488 -0.846373 -0.477701 -0.185557  0.521637 -0.832745 0.0767433 -0.168257  0.224655 0.00256261 0.938567 0.369039 0.999633 0.0167577
1  0.953989 -0.107807 -0.279792 -0.235761 -0.846246 -0.477791 -0.185263  0.521772 -0.832726 0.0766418  -0.16838  0.224656 0.00258097 0.939542 0.472955 1.40338 0.0167765
1  0.953964 -0.107678 -0.279924 -0.235699 -0.846317 -0.477697 -0.185467  0.521683 -0.832736 0.0767065 -0.168306  0.224654 0.00256483 0.938567 0.386774 1.31174 0.0167636
1  0.953378 -0.109118 -0.281359 -0.237584 -0.846272 -0.476841 -0.186074  0.521456 -0.832742 0.0769254 -0.168217  0.224594 0.00256884 0.939054 0.479404 1.58498 0.016891
1  0.953666 -0.108163 -0.280752   -0.2365  -0.84632 -0.477295  -0.18598  0.521578 -0.832687 0.0768963 -0.168225  0.224602 0.00256835 0.939054 0.441996 1.38087 0.0168273
1  0.953309 -0.109511 -0.281443  -0.23797 -0.846185 -0.476803 -0.185938  0.521515 -0.832736 0.0768814 -0.168276   0.22459 0.00257149 0.939054 0.416273 0.795021 0.0169367
1  0.953902 -0.110782 -0.278925 -0.237757   -0.8461 -0.477061 -0.183149  0.521386 -0.833435  0.075998 -0.168155  0.224893 0.00255253 0.938079 0.461436 0.722471 0.0162941
1  0.954499 -0.105396 -0.278967 -0.233159 -0.846978 -0.477771 -0.185924  0.521076 -0.833014 0.0768962 -0.167978   0.22479 0.00260974 0.94198 0.473123 1.25977 0.0168371
1  0.953934 -0.106852 -0.280345 -0.234944 -0.847171 -0.476553 -0.186579  0.520465 -0.833249 0.0771377  -0.16775   0.22481 0.00259376 0.941004 0.570411 1.17349 0.0165679
1  0.953786 -0.109625 -0.279776 -0.237085 -0.846589 -0.476527 -0.184616  0.520836 -0.833455 0.0765713 -0.167908  0.224736 0.0025415 0.937104 0.44748 1.66571 0.0163149
1  0.953365 -0.109122 -0.281401 -0.237609 -0.846269 -0.476835 -0.186108  0.521461 -0.832732 0.0769347 -0.168219   0.22459 0.00256896 0.939054 0.430828 0.901542 0.0169042
1  0.953986 -0.107488 -0.279923 -0.235534 -0.846353 -0.477714 -0.185565  0.521664 -0.832726 0.0767458 -0.168268   0.22465 0.00256286 0.938567 0.46724 1.44032 0.0167683
1  0.953377 -0.113769 -0.279516  -0.24008 -0.847124 -0.474071  -0.18285  0.519074 -0.834942 0.0760557 -0.167225  0.225223 0.00259861 0.940029 0.471734 0.696452 0.0162072
1  0.953378 -0.109118 -0.281359 -0.237584 -0.846272 -0.476841 -0.186074  0.521456 -0.832742 0.0769253 -0.168217  0.224594 0.00256883 0.939054 0.398475 2.68073 0.016891
1  0.954078 -0.106724 -0.279901 -0.234816 -0.846624 -0.477588 -0.186001  0.521381 -0.832806 0.0769184  -0.16816  0.224688 0.00257564 0.939542 0.588867 1.14601 0.0167983
1  0.953378 -0.109118 -0.281359 -0.237584 -0.846272 -0.476841 -0.186074  0.521456 -0.832742 0.0769253 -0.168217  0.224594 0.00256884 0.939054 0.408503 2.53535 0.016891
1  0.953378 -0.109118 -0.281359 -0.237584 -0.846272 -0.476841 -0.186074  0.521456 -0.832742 0.0769254 -0.168217  0.224594 0.00256884 0.939054 0.479182 3.17564 0.016891
1  0.954427 -0.106104 -0.278946 -0.233973 -0.846254 -0.478656 -0.185272  0.522108 -0.832513 0.0766731 -0.168428  0.224603 0.00257734 0.939542 0.505725 1.1456 0.0170642
1  0.953666 -0.108163 -0.280752   -0.2365  -0.84632 -0.477295  -0.18598  0.521578 -0.832687 0.0768963 -0.168225  0.224602 0.00256835 0.939054 0.374457 1.41304 0.0168273
1  0.953706 -0.111597 -0.279268  -0.23857 -0.846127 -0.476606 -0.183108  0.521167  -0.83358 0.0759684 -0.168159  0.224936 0.00254742 0.937591 0.510968 0.661199 0.0163682
1  0.953991 -0.108223 -0.279622 -0.236015 -0.846227   -0.4777 -0.184925  0.521716 -0.832835 0.0765403 -0.168351   0.22469 0.0025591 0.938079 0.486499 2.24095 0.0166684
1  0.954964 -0.106712  -0.27687 -0.233313 -0.846552 -0.478449 -0.183328  0.521499 -0.833324 0.0761585 -0.168023  0.224829 0.0025673 0.939054 0.452333 1.47333 0.0165257
1  0.953378 -0.109118 -0.281359 -0.237584 -0.846272 -0.476841 -0.186074  0.521456 -0.832742 0.0769254 -0.168217  0.224594 0.00256884 0.939054 0.367533 1.32273 0.016891
1  0.953337 -0.109362 -0.281403 -0.237818 -0.846225 -0.476808 -0.185986  0.521481 -0.832746 0.0768978 -0.168255  0.224594 0.00257057 0.939054 0.474067 1.25589 0.0169152
1  0.953999 -0.107461  -0.27989 -0.235488 -0.846373 -0.477701 -0.185557  0.521637 -0.832745 0.0767434 -0.168257  0.224655 0.00256261 0.938567 0.493449 1.46541 0.0167577
1  0.953378 -0.109118 -0.281359 -0.237584 -0.846272 -0.476841 -0.186074  0.521456 -0.832742 0.0769254 -0.168217  0.224594 0.00256884 0.939054 0.454265 1.2934 0.016891
1  0.953378 -0.109118 -0.281359 -0.237584 -0.846272 -0.476841 -0.186074  0.521456 -0.832742 0.0769254 -0.168217  0.224594 0.00256884 0.939054 0.405902 2.71692 0.0168911
1  0.953378 -0.109118 -0.281359 -0.237584 -0.846272 -0.476841 -0.186074  0.521456 -0.832742 0.0769253 -0.168217  0.224594 0.00256883 0.939054 0.473525 1.15986 0.016891
1  0.953965 -0.107678 -0.279924 -0.235699 -0.846317 -0.477697 -0.185467  0.521683 -0.832736 0.0767065 -0.168306  0.224654 0.00256482 0.938567 0.480705 1.06572 0.0167636
1  0.953365 -0.109122 -0.281401 -0.237609 -0.846269 -0.476835 -0.186108  0.521461 -0.832732 0.0769347 -0.168219   0.22459 0.00256895 0.939054 0.251227 0.846824 0.0169042
1  0.953999 -0.107461  -0.27989 -0.235488 -0.846373 -0.477701 -0.185557  0.521637 -0.832745 0.0767434 -0.168257  0.224655 0.00256261 0.938567 0.458576 2.22282 0.0167577
1  0.953924 -0.107858 -0.279994 -0.235885 -0.846297  -0.47764 -0.185441  0.521678 -0.832745 0.0766983  -0.16832  0.224653 0.00257249 0.939054 0.414273 0.921251 0.016761
1  0.953378 -0.109118 -0.281359 -0.237584 -0.846272 -0.476841 -0.186074  0.521456 -0.832742 0.0769253 -0.168217  0.224594 0.00256884 0.939054 0.429399 1.42222 0.016891
1  0.953378 -0.109118 -0.281359 -0.237584 -0.846272 -0.476841 -0.186074  0.521456 -0.832742 0.0769253 -0.168217  0.224594 0.00256884 0.939054 0.42567 2.53686 0.016891
1    0.9537 -0.108277 -0.280595  -0.23652 -0.846296 -0.477327 -0.185783  0.521593 -0.832722  0.076829 -0.168238  0.224618 0.00256191 0.938567 0.475404 1.09492 0.0167846
1  0.953378 -0.109118 -0.281359 -0.237584 -0.846272 -0.476841 -0.186074  0.521456 -0.832742 0.0769254 -0.168217  0.224594 0.00256884 0.939054 0.468672 1.23283 0.0168911
1  0.953955 -0.107708 -0.279945 -0.235735 -0.846311 -0.477689  -0.18547  0.521687 -0.832733 0.0767065  -0.16831  0.224653 0.002565 0.938567 0.383192 0.83986 0.0167663
1  0.954736 -0.112987 -0.275161 -0.237371  -0.84688 -0.475868 -0.179261  0.519643 -0.835366 0.0748153 -0.167367  0.225568 0.00259953 0.940517 0.438171 1.40795 0.0159506
1  0.953964 -0.107678 -0.279924 -0.235699 -0.846317 -0.477697 -0.185467  0.521683 -0.832736 0.0767065 -0.168306  0.224654 0.00256483 0.938567 0.334163 0.8151 0.0167636
1  0.953378 -0.109118 -0.281359 -0.237584 -0.846272 -0.476841 -0.186074  0.521456 -0.832742 0.0769254 -0.168217  0.224594 0.00256884 0.939054 0.233212 0.713563 0.016891
1  0.953666 -0.108163 -0.280752   -0.2365  -0.84632 -0.477295  -0.18598  0.521578 -0.832687 0.0768963 -0.168225  0.224602 0.00256835 0.939054 0.42019 1.25424 0.0168273
1  0.954294 -0.109947  -0.27791 -0.236586 -0.846087 -0.477664 -0.182618  0.521582 -0.833428 0.0757877 -0.168298  0.224952 0.00257063 0.939054 0.540021 2.36887 0.0162911
1  0.953378 -0.109118 -0.281359 -0.237584 -0.846272 -0.476841 -0.186074  0.521456 -0.832742 0.0769254 -0.168217  0.224594 0.00256884 0.939054 0.370637 1.44773 0.016891
1  0.953378 -0.109118 -0.281359 -0.237584 -0.846272 -0.476841 -0.186074  0.521456 -0.832742 0.0769254 -0.168217  0.224594 0.00256884 0.939054 0.404215 2.48144 0.0168911
1  0.954508 -0.104724 -0.279192 -0.232747 -0.846942 -0.478035 -0.186398  0.521269 -0.832787 0.0770482 -0.168099  0.224702 0.00259163 0.940517 0.482834 1.159 0.0171743
1  0.953989 -0.107807 -0.279792 -0.235761 -0.846246 -0.477791 -0.185263  0.521772 -0.832726 0.0766417  -0.16838  0.224656 0.00258097 0.939542 0.437822 0.931648 0.0167765
1  0.953999 -0.107461  -0.27989 -0.235488 -0.846373 -0.477701 -0.185557  0.521637 -0.832745 0.0767433 -0.168257  0.224655 0.00256261 0.938567 0.39093 1.43439 0.0167577
1  0.954876 -0.106921  -0.27709 -0.233571 -0.846608 -0.478224 -0.183454  0.521366  -0.83338 0.0761944 -0.167993  0.224833 0.0025676 0.939054 0.441454 1.09066 0.0164492
1  0.953666 -0.108163 -0.280752   -0.2365  -0.84632 -0.477295  -0.18598  0.521578 -0.832687 0.0768963 -0.168225  0.224602 0.00256835 0.939054 0.492199 1.81502 0.0168273
1  0.953378 -0.109118 -0.281359 -0.237584 -0.846272 -0.476841 -0.186074  0.521456 -0.832742 0.0769254 -0.168217  0.224594 0.00256884 0.939054 0.34482 1.21844 0.0168911
1  0.953378 -0.109118 -0.281359 -0.237584 -0.846272 -0.476841 -0.186074  0.521456 -0.832742 0.0769253 -0.168217  0.224594 0.00256884 0.939054 0.40046 1.39895 0.016891
1  0.953684 -0.108281 -0.280646 -0.236549 -0.846299 -0.477307 -0.185827  0.521586 -0.832716 0.0768432 -0.168236  0.224615 0.00256189 0.938567 0.437074 1.29067 0.0167937
1  0.954964 -0.106712  -0.27687 -0.233313 -0.846552 -0.478449 -0.183328  0.521499 -0.833324 0.0761585 -0.168023  0.224829 0.0025673 0.939054 0.427979 1.69433 0.0165256
1  0.953964 -0.107678 -0.279924 -0.235699 -0.846317 -0.477696 -0.185467  0.521683 -0.832736 0.0767065 -0.168306  0.224654 0.00256482 0.938567 0.410324 1.17355 0.0167636
1  0.953378 -0.109118 -0.281359 -0.237584 -0.846272 -0.476841 -0.186074  0.521456 -0.832742 0.0769254 -0.168217  0.224594 0.00256884 0.939054 0.394452 1.18965 0.016891
1  0.953991 -0.108223 -0.279622 -0.236015 -0.846227   -0.4777 -0.184926  0.521716 -0.832835 0.0765403 -0.168351   0.22469 0.0025591 0.938079 0.374515 2.40738 0.0166684
1  0.953378 -0.109118 -0.281359 -0.237584 -0.846272 -0.476841 -0.186074  0.521456 -0.832742 0.0769254 -0.168217  0.224594 0.00256884 0.939054 0.413971 1.29099 0.0168911
1  0.953666 -0.108163 -0.280752   -0.2365  -0.84632 -0.477295  -0.18598  0.521578 -0.832687 0.0768963 -0.168225  0.224602 0.00256835 0.939054 0.497685 2.88489 0.0168273
1  0.954294 -0.109947  -0.27791 -0.236586 -0.846087 -0.477664 -0.182618  0.521582 -0.833428 0.0757877 -0.168298  0.224952 0.00257063 0.939054 0.3273 0.569826 0.0162911
1  0.953378 -0.109118 -0.281359 -0.237584 -0.846272 -0.476841 -0.186074  0.521456 -0.832742 0.0769254 -0.168217  0.224594 0.00256884 0.939054 0.438175 1.30968 0.016891
1  0.954355 -0.110036 -0.277665 -0.236499 -0.846189 -0.477528 -0.182412  0.521399 -0.833588 0.0757198 -0.168227   0.22501 0.00256916 0.939054 0.427073 0.640039 0.0162071
1  0.953378 -0.109118 -0.281359 -0.237584 -0.846272 -0.476841 -0.186074  0.521456 -0.832742 0.0769254 -0.168217  0.224594 0.00256884 0.939054 0.47702 1.10138 0.0168911
1  0.953991 -0.108223 -0.279622 -0.236015 -0.846227   -0.4777 -0.184926  0.521716 -0.832835 0.0765403 -0.168351   0.22469 0.0025591 0.938079 0.382874 0.831325 0.0166684
1  0.953378 -0.109118 -0.281359 -0.237584 -0.846272 -0.476841 -0.186074  0.521456 -0.832742 0.0769254 -0.168217  0.224594 0.00256884 0.939054 0.528939 1.27469 0.0168911
1  0.954268 -0.106496 -0.279342 -0.234403 -0.846484 -0.478038 -0.185549  0.521655 -0.832735 0.0767368 -0.168216  0.224683 0.00257539 0.939542 0.453474 2.55422 0.0168173
