1   0.59251  0.796119 -0.122988  0.194595 -0.289603 -0.937157 -0.781706  0.531342 -0.326514  0.943719  -0.60587  0.623911 0.00155733 0.999074 0.11188 1.64953 0.0114166
1  0.591387   0.79693 -0.123139   0.19415 -0.288928 -0.937457 -0.782667  0.530493 -0.325592  0.945046 -0.605005  0.622791 0.00155577 0.999074 0.108351 1.42344 0.00991592
1   0.59251  0.796119 -0.122988  0.194595 -0.289603 -0.937157 -0.781706  0.531342 -0.326513  0.943719  -0.60587  0.623911 0.00155733 0.999074 0.0673103 1.71029 0.0114164
1  0.592089  0.796382 -0.123318  0.193804 -0.289247 -0.937431 -0.782222  0.531143 -0.325601   0.94453  -0.60578  0.622802 0.00155493 0.999074 0.0461513 1.16378 0.00984137
1   0.59078  0.797623 -0.121558  0.196029 -0.288045 -0.937338 -0.782657  0.529932 -0.326529  0.944509 -0.604593  0.623984 0.00155585 0.999074 0.0906804 1.88697 0.0122939
1  0.592188  0.796289 -0.123437  0.194663 -0.290019 -0.937014 -0.781933   0.53086 -0.326754  0.943986 -0.605236  0.624138 0.00155413 0.999074 0.065598 1.54661 0.0114575
1  0.592553  0.795993 -0.123591  0.194391 -0.290196 -0.937016 -0.781724  0.531207  -0.32669  0.943797 -0.605624  0.624053 0.00155452 0.999074 0.0582363 1.43638 0.0113304
1  0.591065  0.797339 -0.122035  0.195962   -0.2887 -0.937151 -0.782458  0.530003 -0.326888   0.94429 -0.604524  0.624373 0.00155511 0.999074 0.0215575 1.32574 0.0124667
1  0.591305  0.797072 -0.122617  0.195303 -0.289055 -0.937179 -0.782442  0.530211  -0.32659   0.94444  -0.60473  0.623967 0.00155494 0.999074 0.0632695 1.72374 0.0116534
1  0.592066  0.796397 -0.123326    0.1938 -0.289242 -0.937433  -0.78224  0.531122 -0.325592  0.944552 -0.605756  0.622791 0.0015549 0.999074 0.102073 1.82914 0.00982135
1  0.591377  0.796941 -0.123123  0.194137 -0.288895  -0.93747 -0.782678  0.530495 -0.325561  0.945062 -0.605007  0.622758 0.00155586 0.999074 0.0870069 1.99135 0.00988395
1  0.591138  0.797259 -0.122205  0.195667 -0.288736 -0.937201 -0.782477  0.530104 -0.326681  0.944395 -0.604666  0.624099 0.00155495 0.999074 0.117365 1.63973 0.0120407
1  0.591954  0.796478 -0.123339  0.193772 -0.289184 -0.937457 -0.782331  0.531032 -0.325519  0.944678 -0.605658  0.622703 0.0015551 0.999074 0.0480046 1.33735 0.00969657
1  0.592554  0.795993 -0.123591  0.194391 -0.290196 -0.937016 -0.781724  0.531207 -0.326691  0.943797 -0.605624  0.624053 0.00155452 0.999074 0.114869 1.75427 0.0113306
1  0.591238  0.797189 -0.122175  0.195862 -0.288882 -0.937115 -0.782352  0.530129 -0.326937  0.944191 -0.604655  0.624413 0.00155486 0.999074 0.118094 1.61738 0.012425
1  0.591082  0.797317   -0.1221  0.195735 -0.288631 -0.937219 -0.782502  0.530074 -0.326667  0.944408 -0.604653  0.624093 0.00155499 0.999074 0.0632601 1.66135 0.0120932
1  0.591305  0.797072 -0.122617  0.195303 -0.289055 -0.937179 -0.782442  0.530211  -0.32659   0.94444  -0.60473  0.623967 0.00155494 0.999074 0.0651016 1.53043 0.0116534
1  0.590817  0.797588 -0.121606  0.196107 -0.288172 -0.937283 -0.782609  0.529915  -0.32667  0.944431 -0.604536  0.624156 0.00155612 0.999074 0.075549 1.45092 0.0124617
1  0.591916  0.796539 -0.123133  0.194983 -0.289745 -0.937032 -0.782059  0.530636 -0.326816  0.944046 -0.605039  0.624232 0.00155358 0.999074 0.0769438 1.53656 0.0117022
1  0.592251  0.796236 -0.123478  0.194623 -0.290072 -0.937006 -0.781895  0.530911 -0.326761  0.943952 -0.605289  0.624143 0.0015543 0.999074 0.0437434 1.58333 0.0114514
1   0.59251  0.796119 -0.122988  0.194595 -0.289603 -0.937157 -0.781706  0.531342 -0.326514  0.943719  -0.60587  0.623911 0.00155733 0.999074 0.0415528 1.70345 0.0114167
1  0.591986   0.79645 -0.123367  0.193761 -0.289226 -0.937446  -0.78231  0.531052 -0.325538  0.944657 -0.605673  0.622723 0.00155508 0.999074 0.0552219 1.18435 0.00970749
1  0.592554  0.795993 -0.123591  0.194391 -0.290196 -0.937016 -0.781724  0.531207  -0.32669  0.943797 -0.605624  0.624053 0.00155453 0.999074 0.0376715 1.26097 0.0113304
1  0.592066  0.796397 -0.123326    0.1938 -0.289242 -0.937433  -0.78224  0.531122 -0.325592  0.944552 -0.605756  0.622791 0.0015549 0.999074 0.0887336 1.50372 0.00982127
1  0.591121  0.797296 -0.122044  0.195836 -0.288652 -0.937192 -0.782447  0.530093 -0.326768  0.944312 -0.604673  0.624215 0.00155496 0.999074 0.115961 1.40091 0.0122659
1  0.592251  0.796236 -0.123478  0.194623 -0.290072 -0.937006 -0.781895  0.530911 -0.326761  0.943952 -0.605289  0.624143 0.0015543 0.999074 0.134279 1.44086 0.0114515
1  0.592089  0.796382 -0.123318  0.193804 -0.289247 -0.937431 -0.782222  0.531143 -0.325601   0.94453  -0.60578  0.622802 0.00155493 0.999074 0.109925 1.66735 0.0098414
1  0.592078  0.796399 -0.123255   0.19397  -0.28928 -0.937386 -0.782189  0.531098 -0.325754  0.944455 -0.605711  0.622985 0.00155485 0.999074 0.0584142 1.57182 0.0100921
1   0.59251  0.796119 -0.122988  0.194595 -0.289603 -0.937157 -0.781706  0.531342 -0.326514  0.943719  -0.60587  0.623911 0.00155733 0.999074 0.125587 1.87547 0.0114167
1  0.591164  0.797239 -0.122213  0.195661 -0.288753 -0.937197 -0.782459  0.530125 -0.326688  0.944374 -0.604686  0.624108 0.00155486 0.999074 0.0693315 1.30339 0.0120448
1  0.591937  0.796487 -0.123362  0.193755 -0.289192 -0.937458 -0.782349  0.531014 -0.325507  0.944704  -0.60564  0.622686 0.00155519 0.999074 0.063273 1.48245 0.00966299
1  0.591065  0.797339 -0.122035  0.195962   -0.2887 -0.937151 -0.782458  0.530003 -0.326888   0.94429 -0.604524  0.624373 0.00155511 0.999074 0.0961159 1.4275 0.0124666
1  0.592486  0.796128 -0.123049  0.194367 -0.289508 -0.937233 -0.781781  0.531381 -0.326271  0.943861 -0.605939   0.62362 0.00155739 0.999074 0.090928 1.16477 0.0110272
1  0.592089  0.796382 -0.123318  0.193804 -0.289247 -0.937431 -0.782222  0.531143 -0.325601   0.94453  -0.60578  0.622802 0.00155493 0.999074 0.0806635 1.69309 0.00984138
1  0.592251  0.796236 -0.123478  0.194623 -0.290072 -0.937006 -0.781895  0.530911 -0.326761  0.943952 -0.605289  0.624143 0.0015543 0.999074 0.0974435 1.37216 0.0114514
1  0.591444  0.796967 -0.122625  0.195467 -0.289244 -0.937086 -0.782296  0.530265 -0.326853  0.944225 -0.604717  0.624294 0.00155432 0.999074 0.0994005 1.59498 0.0120345
1   0.59251  0.796119 -0.122988  0.194595 -0.289603 -0.937157 -0.781706  0.531342 -0.326513  0.943719  -0.60587  0.623911 0.00155733 0.999074 0.143766 1.87222 0.0114165
1  0.592486  0.796128 -0.123049  0.194367 -0.289508 -0.937233 -0.781781  0.531381 -0.326271  0.943861 -0.605939   0.62362 0.00155739 0.999074 0.0889664 1.94425 0.0110272
1  0.591931  0.796509 -0.123253  0.193956 -0.289197 -0.937414 -0.782304  0.530979 -0.325673  0.944605 -0.605587  0.622887 0.0015551 0.999074 0.119471 1.63024 0.00996175
1  0.591305  0.797072 -0.122617  0.195303 -0.289055 -0.937179 -0.782442  0.530211  -0.32659   0.94444  -0.60473  0.623967 0.00155493 0.999074 0.050005 1.44846 0.0116535
1  0.592486  0.796128 -0.123049  0.194367 -0.289508 -0.937233 -0.781781  0.531381 -0.326271  0.943861  -0.60594   0.62362 0.00155739 0.999074 0.156073 1.71659 0.0110272
1  0.592554  0.795993 -0.123591  0.194391 -0.290196 -0.937016 -0.781724  0.531207  -0.32669  0.943797 -0.605624  0.624053 0.00155453 0.999074 0.0715136 1.70646 0.0113305
1  0.592335  0.796221 -0.123173  0.194096 -0.289395 -0.937325 -0.781963  0.531303 -0.325962  0.944148 -0.605893  0.623241 0.00155563 0.999074 0.0845711 1.65505 0.0104784
1  0.591177  0.797211 -0.122326  0.195691 -0.288913 -0.937141 -0.782441  0.530078 -0.326806   0.94435 -0.604567  0.624251 0.00155461 0.999074 0.131145 1.95957 0.012158
1  0.592343  0.796178  -0.12341  0.194613  -0.29003 -0.937021 -0.781828   0.53102 -0.326744  0.943857 -0.605425  0.624131 0.00155411 0.999074 0.0953041 1.93729 0.0114792
1  0.592066  0.796397 -0.123326    0.1938 -0.289242 -0.937433  -0.78224  0.531122 -0.325592  0.944552 -0.605756  0.622791 0.0015549 0.999074 0.0938872 1.65252 0.00982128
1  0.592554  0.795993 -0.123591  0.194391 -0.290196 -0.937016 -0.781724  0.531207  -0.32669  0.943797 -0.605624  0.624053 0.00155452 0.999074 0.12565 1.63981 0.0113304
1   0.59251  0.796119 -0.122988  0.194595 -0.289603 -0.937157 -0.781706  0.531342 -0.326513  0.943719  -0.60587   0.62391 0.00155732 0.999074 0.0327407 1.8436 0.0114164
1  0.591164  0.797239 -0.122212  0.195661 -0.288753 -0.937197 -0.782459  0.530125 -0.326688  0.944374 -0.604686  0.624108 0.00155486 0.999074 0.0397794 1.34139 0.0120448
1  0.591082  0.797317   -0.1221  0.195735 -0.288631 -0.937219 -0.782502  0.530074 -0.326667  0.944408 -0.604653  0.624093 0.00155499 0.999074 0.0883331 1.88005 0.0120932
1  0.590817  0.797588 -0.121606  0.196107 -0.288172 -0.937283 -0.782609  0.529915  -0.32667  0.944431 -0.604536  0.624156 0.00155612 0.999074 0.109598 1.55935 0.0124615
1  0.591954  0.796478 -0.123339  0.193772 -0.289184 -0.937457 -0.782331  0.531032 -0.325519  0.944678 -0.605658  0.622703 0.0015551 0.999074 0.0309003 1.3552 0.00969661
1  0.591113   0.79728 -0.122187  0.195736 -0.288749 -0.937183 -0.782478  0.530065  -0.32674   0.94438 -0.604597  0.624182 0.00155482 0.999074 0.12959 1.50529 0.01215
1   0.59197  0.796507 -0.123083   0.19503 -0.289745 -0.937023 -0.782007  0.530684 -0.326863  0.943966 -0.605098  0.624292 0.00155351 0.999074 0.0665401 1.72729 0.011802
1   0.59251  0.796119 -0.122988  0.194595 -0.289603 -0.937157 -0.781706  0.531342 -0.326513  0.943719  -0.60587  0.623911 0.00155732 0.999074 0.117681 1.53514 0.0114165
1   0.59251  0.796119 -0.122988  0.194595 -0.289603 -0.937157 -0.781706  0.531342 -0.326514  0.943719  -0.60587  0.623911 0.00155733 0.999074 0.0243394 1.15176 0.0114166
1  0.590791  0.797617 -0.121541   0.19612 -0.288092 -0.937305 -0.782625  0.529915 -0.326631   0.94445 -0.604556  0.624109 0.00155595 0.999074 0.108651 1.51423 0.0124474
1  0.591082  0.797317   -0.1221  0.195735 -0.288631 -0.937219 -0.782502  0.530074 -0.326667  0.944408 -0.604653  0.624093 0.00155499 0.999074 0.129136 1.28268 0.0120931
1  0.592553  0.795993 -0.123591  0.194391 -0.290196 -0.937016 -0.781724  0.531207  -0.32669  0.943797 -0.605624  0.624053 0.00155452 0.999074 0.13306 2.00839 0.0113304
1  0.592554  0.795993 -0.123591  0.194391 -0.290196 -0.937016 -0.781724  0.531207  -0.32669  0.943797 -0.605624  0.624053 0.00155452 0.999074 0.0594873 1.44117 0.0113304
1  0.591305  0.797072 -0.122617  0.195303 -0.289055 -0.937179 -0.782442  0.530211  -0.32659   0.94444  -0.60473  0.623967 0.00155494 0.999074 0.0569519 1.6808 0.0116534
1  0.590817  0.797588 -0.121606  0.196107 -0.288172 -0.937283 -0.782609  0.529915  -0.32667  0.944431 -0.604536  0.624156 0.00155612 0.999074 0.0800457 1.33298 0.0124616
1  0.592557  0.795991  -0.12359  0.194387 -0.290194 -0.937017 -0.781722  0.531211 -0.326687  0.943796 -0.605627   0.62405 0.00155455 0.999074 0.106984 1.29979 0.0113269
1  0.592089  0.796382 -0.123318  0.193804 -0.289247 -0.937431 -0.782222  0.531143 -0.325601   0.94453  -0.60578  0.622802 0.00155493 0.999074 0.0989895 1.55471 0.00984139
1  0.590771  0.797629  -0.12156  0.196034 -0.288046 -0.937337 -0.782662  0.529922 -0.326532  0.944516 -0.604578  0.623987 0.00155582 0.999074 0.0825079 1.57909 0.0122991
1   0.59358  0.795055   -0.1247  0.191773 -0.290225 -0.937546 -0.781592  0.532594 -0.324742  0.944237 -0.607373  0.621686 0.00156118 0.999074 0.168224 1.69486 0.00840223
1  0.592371  0.796148 -0.123468  0.194618 -0.290116 -0.936993 -0.781806  0.531019 -0.326801  0.943844 -0.605406   0.62419 0.00155447 0.999074 0.0478952 1.51534 0.0115305
1  0.591146  0.797245 -0.122262  0.195787 -0.288888 -0.937129 -0.782441  0.530043 -0.326865  0.944317 -0.604528  0.624334 0.00155483 0.999074 0.0816408 1.61996 0.012293
1  0.591082  0.797317   -0.1221  0.195735 -0.288631 -0.937219 -0.782502  0.530074 -0.326667  0.944408 -0.604653  0.624093 0.00155499 0.999074 0.13666 1.70285 0.0120933
1  0.593464  0.795217 -0.124222  0.192281  -0.28995 -0.937527 -0.781556  0.532503  -0.32498  0.944064 -0.607309  0.622003 0.00155961 0.999074 0.105431 1.49752 0.00893498
1  0.592486  0.796128 -0.123049  0.194367 -0.289508 -0.937233 -0.781781  0.531381 -0.326271  0.943861  -0.60594   0.62362 0.00155739 0.999074 0.0717938 1.78304 0.0110271
1   0.59251  0.796119 -0.122988  0.194595 -0.289603 -0.937157 -0.781706  0.531342 -0.326514  0.943718  -0.60587  0.623911 0.00155733 0.999074 0.0733882 1.65844 0.0114167
1  0.592866   0.79571 -0.123913  0.192845 -0.289677 -0.937495  -0.78187  0.531914 -0.325189  0.944307 -0.606632  0.622267 0.00155625 0.999074 0.108661 1.71076 0.00909703
1  0.592486  0.796128 -0.123049  0.194367 -0.289508 -0.937233 -0.781781  0.531381 -0.326271  0.943861 -0.605939   0.62362 0.00155739 0.999074 0.0848311 1.38387 0.0110273
1  0.592251  0.796236 -0.123478  0.194623 -0.290072 -0.937006 -0.781895  0.530911 -0.326761  0.943952 -0.605289  0.624143 0.00155431 0.999074 0.102636 1.61577 0.0114514
1   0.59251  0.796119 -0.122988  0.194595 -0.289603 -0.937157 -0.781706  0.531342 -0.326514  0.943719  -0.60587  0.623911 0.00155733 0.999074 0.108228 1.81053 0.0114167
1  0.592188  0.796289 -0.123437  0.194663 -0.290019 -0.937014 -0.781933   0.53086 -0.326754  0.943986 -0.605237  0.624138 0.00155413 0.999074 0.0444373 1.39197 0.0114575
1  0.592043  0.796428  -0.12324  0.193984 -0.289255 -0.937391 -0.782212  0.531069 -0.325746  0.944479 -0.605685  0.622975 0.00155485 0.999074 0.110784 1.76609 0.0100855
1  0.591954  0.796478 -0.123339  0.193772 -0.289184 -0.937457 -0.782331  0.531032 -0.325519  0.944678 -0.605658  0.622703 0.0015551 0.999074 0.0820282 1.70883 0.00969659
1  0.592486  0.796128 -0.123049  0.194367 -0.289508 -0.937233 -0.781781  0.531381 -0.326271  0.943861 -0.605939   0.62362 0.00155739 0.999074 0.116685 1.66508 0.0110272
1  0.592096  0.796391 -0.123222  0.194032 -0.289292  -0.93737  -0.78216  0.531104 -0.325814  0.944402 -0.605711  0.623055 0.00155456 0.999074 0.0731631 1.6833 0.0101988
1  0.593465   0.79522 -0.124193  0.192331 -0.289951 -0.937517 -0.781542  0.532498 -0.325021  0.944037 -0.607301  0.622056 0.00155957 0.999074 0.117234 1.64638 0.00900939
1  0.592021  0.796426 -0.123359  0.193765 -0.289236 -0.937442 -0.782283  0.531083 -0.325554  0.944615 -0.605709  0.622745 0.00155499 0.999074 0.0704963 1.76244 0.00974187
1  0.591931  0.796509 -0.123253  0.193956 -0.289197 -0.937414 -0.782304  0.530979 -0.325673  0.944605 -0.605587  0.622887 0.0015551 0.999074 0.0944085 1.58303 0.00996171
1  0.592188  0.796289 -0.123437  0.194663 -0.290019 -0.937014 -0.781933   0.53086 -0.326754  0.943986 -0.605237  0.624138 0.00155413 0.999074 0.109198 1.63535 0.0114575
1  0.591255  0.797148 -0.122361  0.195701 -0.288999 -0.937113  -0.78238  0.530127 -0.326875  0.944269 -0.604599  0.624339 0.00155461 0.999074 0.0897298 1.35558 0.0122357
1  0.592089  0.796382 -0.123318  0.193804 -0.289247 -0.937431 -0.782222  0.531143 -0.325601   0.94453  -0.60578  0.622802 0.00155493 0.999074 0.0813584 1.53204 0.00984122
1  0.592089  0.796382 -0.123318  0.193804 -0.289247 -0.937431 -0.782222  0.531143 -0.325601   0.94453  -0.60578  0.622802 0.00155493 0.999074 0.0547058 1.29438 0.00984127
1  0.592188  0.796289 -0.123437  0.194663 -0.290019 -0.937014 -0.781933   0.53086 -0.326754  0.943986 -0.605236  0.624138 0.00155413 0.999074 0.124405 1.93996 0.0114575
1  0.590771  0.797629  -0.12156  0.196034 -0.288046 -0.937337 -0.782662  0.529922 -0.326532  0.944516 -0.604578  0.623987 0.00155582 0.999074 0.0255646 1.40362 0.0122991
1  0.592251  0.796236 -0.123478  0.194623 -0.290072 -0.937006 -0.781895  0.530911 -0.326761  0.943952 -0.605289  0.624143 0.0015543 0.999074 0.0526939 1.23109 0.0114515
1   0.59078  0.797623 -0.121558  0.196029 -0.288045 -0.937338 -0.782657  0.529932 -0.326529  0.944509 -0.604593  0.623984 0.00155585 0.999074 0.0797524 1.70832 0.012294
1  0.592052  0.796452 -0.123036  0.195078 -0.289763 -0.937007 -0.781933  0.530755 -0.326925  0.943871 -0.605169  0.624367 0.00155352 0.999074 0.0960334 1.7822 0.0119212
1  0.591954  0.796478 -0.123339  0.193772 -0.289184 -0.937457 -0.782331  0.531032 -0.325519  0.944678 -0.605658  0.622703 0.0015551 0.999074 0.0730531 1.53008 0.00969658
1   0.59251  0.796119 -0.122988  0.194595 -0.289603 -0.937157 -0.781706  0.531342 -0.326514  0.943719  -0.60587  0.623911 0.00155733 0.999074 0.0953734 1.76295 0.0114167
1  0.591121  0.797296 -0.122044  0.195836 -0.288652 -0.937192 -0.782447  0.530093 -0.326768  0.944312 -0.604673  0.624215 0.00155496 0.999074 0.0861444 1.68904 0.0122659
1  0.592089  0.796382 -0.123318  0.193804 -0.289247 -0.937431 -0.782222  0.531143 -0.325601   0.94453  -0.60578  0.622802 0.00155493 0.999074 0.0655547 1.67705 0.00984146
1  0.591931  0.796509 -0.123254  0.193956 -0.289197 -0.937415 -0.782304  0.530979 -0.325673  0.944606 -0.605587  0.622887 0.0015551 0.999074 0.0836095 1.51594 0.00996152
1  0.592554  0.795993 -0.123591  0.194391 -0.290196 -0.937016 -0.781724  0.531207  -0.32669  0.943797 -0.605624  0.624053 0.00155453 0.999074 0.0598009 1.749 0.0113304
1  0.592251  0.796236 -0.123478  0.194623 -0.290072 -0.937006 -0.781895  0.530911 -0.326761  0.943952 -0.605289  0.624143 0.0015543 0.999074 0.0863657 1.79657 0.0114514
1  0.592554  0.795993 -0.123591  0.194391 -0.290196 -0.937016 -0.781724  0.531207  -0.32669  0.943797 -0.605624  0.624053 0.00155452 0.999074 0.110924 1.72657 0.0113305
1  0.592089  0.796382 -0.123318  0.193804 -0.289247 -0.937431 -0.782222  0.531143 -0.325601   0.94453  -0.60578  0.622802 0.00155493 0.999074 0.0106421 1.18283 0.0098413
1  0.592066  0.796397 -0.123326    0.1938 -0.289242 -0.937433  -0.78224  0.531122 -0.325592  0.944552 -0.605756  0.622791 0.0015549 0.999074 0.0612974 1.57087 0.00982131
1   0.59201  0.796476  -0.12309  0.195037 -0.289777 -0.937011 -0.781975  0.530712 -0.326893  0.943924 -0.605118  0.624327 0.0015534 0.999074 0.181167 2.19347 0.0118454
1  0.592086  0.796421 -0.123073  0.195032 -0.289791 -0.937008 -0.781919  0.530786 -0.326909  0.943847 -0.605205  0.624346 0.00155341 0.999074 0.0835628 1.55687 0.0118845
1  0.592251  0.796236 -0.123478  0.194623 -0.290072 -0.937006 -0.781895  0.530911 -0.326761  0.943952 -0.605289  0.624143 0.0015543 0.999074 0.186179 2.05979 0.0114514
1  0.592381  0.796186 -0.123175  0.194517 -0.289707 -0.937141 -0.781823  0.531185 -0.326489   0.94393  -0.60568  0.623848 0.00155705 0.999074 0.0908374 1.42526 0.0112213
1  0.592043  0.796439 -0.123163  0.194856 -0.289757 -0.937055 -0.781995  0.530778  -0.32674  0.944021 -0.605193  0.624134 0.0015542 0.999074 0.0295374 1.38134 0.0115654
1  0.592484  0.796049 -0.123571  0.194485 -0.290202 -0.936994 -0.781753  0.531121  -0.32676  0.943817 -0.605516  0.624135 0.00155462 0.999074 0.042817 1.33503 0.0114301
1  0.592554  0.795993 -0.123591  0.194391 -0.290196 -0.937016 -0.781724  0.531207  -0.32669  0.943797 -0.605624  0.624053 0.00155453 0.999074 0.0473047 1.78587 0.0113304
1  0.591919  0.796523 -0.123222  0.193984 -0.289173 -0.937416 -0.782306  0.530971  -0.32568  0.944607 -0.605579  0.622895 0.00155522 0.999074 0.228251 1.65303 0.00998721
1  0.594349  0.794542 -0.124304  0.192533 -0.290654 -0.937257  -0.78082  0.533126 -0.325725  0.943101 -0.607834  0.622902 0.00156543 0.999074 0.0892676 1.27394 0.0104767
1  0.592089  0.796382 -0.123318  0.193804 -0.289247 -0.937431 -0.782222  0.531143 -0.325601   0.94453  -0.60578  0.622802 0.00155493 0.999074 0.0656755 1.62809 0.00984136
1  0.592096  0.796391 -0.123222  0.194032 -0.289292  -0.93737  -0.78216  0.531104 -0.325814  0.944402  -0.60571  0.623055 0.00155456 0.999074 0.0617151 1.58729 0.0101987
1  0.592249  0.796247 -0.123414  0.194676 -0.290031 -0.937008 -0.781884  0.530916 -0.326781  0.943919 -0.605287  0.624175 0.0015543 0.999074 0.0945727 1.84177 0.0115191
1  0.591931  0.796509 -0.123253  0.193956 -0.289197 -0.937414 -0.782304  0.530979 -0.325673  0.944606 -0.605587  0.622887 0.0015551 0.999074 0.128886 1.69452 0.00996159
1  0.593441   0.79524 -0.124178  0.192338 -0.289926 -0.937523 -0.781559   0.53248 -0.325009  0.944056 -0.607282  0.622042 0.00155945 0.999074 0.0795778 1.59874 0.00898679
1  0.590817  0.797588 -0.121606  0.196107 -0.288172 -0.937283 -0.782609  0.529915  -0.32667  0.944431 -0.604536  0.624156 0.00155612 0.999074 0.11535 1.61298 0.0124615
1  0.591231  0.797189 -0.122214  0.195729 -0.288833 -0.937158 -0.782391  0.530156   -0.3268  0.944271 -0.604704  0.624242 0.00155479 0.999074 0.0993161 1.69071 0.0121994
1  0.592445  0.796141  -0.12316  0.194249 -0.289538 -0.937249 -0.781842  0.531344 -0.326185  0.943961 -0.605888  0.623515 0.00155722 0.999074 0.0586748 1.58989 0.010832
