1  0.592892  0.795718  -0.12374  0.191671 -0.288687 -0.938041 -0.782139   0.53244 -0.323677   0.94477 -0.607194  0.620631 0.00159166 0.999074 0.0923008 1.569 0.00742825
1  0.591186  0.797094 -0.123049  0.194159  -0.28873 -0.937517 -0.782817  0.530355 -0.325456  0.945087  -0.60482  0.622716 0.00156009 0.999074 0.105877 1.3232 0.00988876
1  0.596153  0.792912 -0.126067  0.191673 -0.293036 -0.936692 -0.779656  0.534248 -0.326674  0.941457  -0.60875  0.624174 0.00158756 0.998148 0.0491998 1.55204 0.0128647
1  0.591542   0.79639 -0.125863  0.189149  -0.28882 -0.938512 -0.783773  0.531362 -0.321486  0.947471 -0.606093  0.617891 0.00157056 0.999074 0.036563 1.0987 0.00307343
1  0.588556  0.799305 -0.121299  0.193043 -0.284641 -0.938996 -0.785071  0.529236 -0.321827  0.948233 -0.604511  0.618452 0.00157478 0.999074 0.0796162 1.80098 0.00890671
1  0.591796  0.796557 -0.123587  0.194178 -0.289674 -0.937221  -0.78235  0.530646 -0.326102   0.94462 -0.605039  0.623348 0.0015546 0.999074 0.0653128 1.48851 0.0103767
1  0.594287  0.794188 -0.126841  0.192534 -0.293615 -0.936334 -0.780867   0.53203   -0.3274  0.943115 -0.605802   0.62489 0.0015669 0.998148 0.0507411 1.32931 0.0119686
1  0.590713  0.797889 -0.120131  0.197119 -0.287072 -0.937408 -0.782434  0.530059 -0.326856  0.943988 -0.604904  0.624445 0.00155842 0.999074 0.0194758 1.24654 0.0136702
1  0.591127  0.797074 -0.123455  0.193897 -0.289002 -0.937487 -0.782926  0.530236 -0.325387  0.945364  -0.60477  0.622518 0.00155565 0.999074 0.0628403 1.67254 0.0094816
1  0.591971  0.796354  -0.12406  0.193011 -0.289525 -0.937508 -0.782507  0.531033 -0.325095  0.945008  -0.60559  0.622183 0.00155533 0.999074 0.101826 1.79072 0.008693
1  0.595935  0.793678 -0.122218   0.19455 -0.290356 -0.936933  -0.77911  0.534574 -0.327443  0.939965 -0.609863  0.625283 0.001604 0.998148 0.0587567 1.74609 0.0156723
1  0.590653  0.797264 -0.124493  0.191833 -0.288595 -0.938037 -0.783791  0.530172 -0.323401  0.946706 -0.604802   0.62017 0.00157059 0.999074 0.108489 1.57342 0.00638738
1  0.591578  0.796706 -0.123673  0.193232 -0.289027 -0.937616  -0.78275  0.530776 -0.324931  0.945333 -0.605408   0.62201 0.00155775 0.999074 0.0463809 1.28602 0.0086693
1  0.594141  0.794555 -0.125214  0.192921  -0.29189 -0.936793 -0.780883  0.532431  -0.32671  0.943004  -0.60669  0.624019 0.00156428 0.999074 0.109316 1.66733 0.0112681
1   0.59096  0.796938 -0.125125  0.190886 -0.288847 -0.938152 -0.783791  0.530526 -0.322821  0.946842 -0.605164  0.619514 0.00157999 0.999074 0.10384 1.54542 0.00517133
1  0.590537  0.797628 -0.122702  0.194275 -0.288083 -0.937691 -0.783277  0.529904 -0.325083  0.945674 -0.604565  0.622264 0.00155791 0.999074 0.0615016 1.61057 0.00971476
1  0.589315  0.797919 -0.126622  0.190153 -0.289316 -0.938157 -0.785207  0.528792 -0.322225   0.94904 -0.602919  0.618674 0.00157016 0.999074 0.0559508 1.44328 0.00575544
1  0.589916  0.798667 -0.118871  0.199058 -0.286515 -0.937169 -0.782544  0.529188 -0.328001  0.943467 -0.603992  0.625927 0.00157452 0.999074 0.0646174 1.32798 0.0162793
1   0.59124  0.797207  -0.12205  0.196037 -0.288854 -0.937088 -0.782307  0.530117 -0.327064  0.944182  -0.60458  0.624519 0.00155604 0.999074 0.075483 1.45822 0.0126313
1  0.590751  0.796939 -0.126103  0.190046 -0.289327 -0.938175 -0.784153  0.530262 -0.322375  0.947766 -0.604599  0.618836 0.00156549 0.999074 0.0368621 1.50463 0.00421604
1  0.595612  0.793925 -0.122185   0.19559  -0.29087 -0.936557 -0.779096  0.533926  -0.32853  0.940246 -0.608805  0.626386 0.00157991 0.999074 0.0276538 1.60336 0.0163701
1  0.592594  0.795931 -0.123798  0.193277 -0.289701 -0.937399 -0.781969   0.53157  -0.32551  0.944374  -0.60621  0.622649 0.00155579 0.999074 0.0547935 1.12438 0.00950322
1  0.593013  0.795383 -0.125307  0.189311 -0.288986 -0.938429 -0.782622  0.532778 -0.321947  0.946131 -0.607932  0.618362 0.00157245 0.999074 0.0265747 1.15409 0.00466677
1  0.592321  0.796131 -0.123817  0.192591 -0.289124 -0.937718 -0.782346  0.531584 -0.324582  0.944936  -0.60638   0.62163 0.00156028 0.999074 0.0855804 1.46664 0.00821668
1   0.59143  0.797005 -0.122451  0.193052 -0.287395 -0.938155 -0.782906  0.531213 -0.323838  0.945383 -0.606364  0.620837 0.00156677 0.999074 0.10925 1.33331 0.008259
1  0.592224  0.796293 -0.123245  0.195154 -0.290144 -0.936873 -0.781784  0.530787  -0.32723  0.943706  -0.60511  0.624709 0.00155487 0.999074 0.133965 1.41114 0.0122732
1  0.594788   0.79286 -0.132665   0.18656 -0.296666 -0.936581 -0.781935  0.532317  -0.32437  0.945884 -0.605556  0.620872 0.0016072 0.998148 0.0800051 1.48898 0.00847801
1  0.591998  0.796533 -0.122776  0.195395 -0.289645 -0.936977 -0.781894  0.530699 -0.327108  0.943703 -0.605106  0.624617 0.00155426 0.999074 0.0587702 1.49978 0.0123567
1  0.592713  0.796222 -0.121335  0.195292 -0.288232 -0.937435 -0.781378  0.531934 -0.326335  0.943162 -0.606731   0.62393 0.0015889 0.999074 0.10786 1.7889 0.0123758
1   0.58861  0.798339 -0.127248  0.185395 -0.286513 -0.939967 -0.786871  0.529683 -0.316653  0.952273 -0.604649  0.612158 0.00160794 0.999074 0.0375561 1.13973 0.00886877
1  0.592319  0.796043 -0.124397  0.191443 -0.289027 -0.937983 -0.782629   0.53177 -0.323593  0.945531 -0.606869  0.620356 0.0015771 0.999074 0.0500747 1.41353 0.00655508
1  0.590153  0.798193 -0.120862  0.196479 -0.287224 -0.937496 -0.783017  0.529519 -0.326335  0.944865  -0.60421  0.623819 0.00155875 0.999074 0.094001 1.35564 0.0126507
1    0.5931  0.795474 -0.124311   0.19268 -0.290148 -0.937384 -0.781734   0.53201 -0.325358  0.944236 -0.606417  0.622552 0.0015763 0.999074 0.0798897 1.06383 0.00921657
1  0.594325  0.793535 -0.130693  0.182032 -0.291024 -0.939239 -0.783353  0.534423 -0.317411  0.948499 -0.609403  0.612942 0.00160049 0.997222 0.053731 1.53648 0.00788026
1  0.593032   0.79528 -0.125868   0.19111 -0.290882 -0.937478  -0.78217    0.5319 -0.324488  0.944986  -0.60635  0.621481 0.00156741 0.999074 0.0898327 1.28623 0.00723162
1  0.589893  0.797913 -0.123941  0.192483 -0.288016 -0.938082 -0.784204  0.529511 -0.323483  0.947225 -0.603924  0.620335 0.00156472 0.999074 0.0933764 1.50203 0.00735865
1    0.5926  0.795803 -0.124589  0.193956 -0.291098 -0.936826 -0.781797  0.530998 -0.326856  0.943716  -0.60501  0.624439 0.00157101 0.998148 0.136243 1.75742 0.011385
1  0.594536  0.794282 -0.125074  0.191646 -0.291049 -0.937316 -0.780896  0.533298  -0.32526  0.943416  -0.60793  0.622345 0.00157065 0.999074 0.0812097 1.82759 0.00962558
1   0.59041  0.797869 -0.121744  0.195571 -0.287772 -0.937518 -0.783051   0.52971 -0.325943   0.94503 -0.604509  0.623371 0.00156994 0.999074 0.111068 1.51429 0.0115289
1  0.591023  0.797235 -0.122917  0.195115 -0.289142 -0.937191 -0.782702  0.529919 -0.326442  0.944815 -0.604356  0.623747 0.00155628 0.999074 0.0491849 1.41181 0.0113006
1  0.593359  0.795408 -0.123497  0.193748 -0.290043 -0.937196 -0.781273  0.532167 -0.326208   0.94339 -0.606766  0.623515 0.00156113 0.999074 0.15405 1.65161 0.0109621
1  0.591206  0.795567 -0.132467   0.18209  -0.29167 -0.939027 -0.785696  0.531038 -0.317302  0.951565 -0.605116  0.612638 0.00161705 0.999074 0.034167 1.5825 0.00808269
1  0.594571  0.793833  -0.12773  0.189075 -0.292446 -0.937404 -0.781496  0.533202 -0.323974  0.944746 -0.607546   0.62069 0.00157764 0.999074 0.0716233 1.50099 0.00699357
1  0.587436  0.799429 -0.125825  0.190008  -0.28738 -0.938781 -0.786648  0.527566 -0.320715  0.950923 -0.601694   0.61698 0.00158511 0.999074 0.114097 1.83827 0.0082722
1  0.592171  0.795954 -0.125661  0.193971 -0.292159 -0.936493 -0.782118  0.530189   -0.3274  0.944322 -0.603875  0.624854 0.00156599 0.999074 0.0883901 1.87209 0.0117153
1  0.591671  0.796536 -0.124322  0.192432 -0.289293 -0.937699 -0.782877  0.530886 -0.324445  0.945588 -0.605475  0.621433 0.00155798 0.999074 0.0920932 1.60102 0.00763151
1  0.593922  0.794582 -0.126082  0.193957 -0.293509 -0.936073 -0.780793    0.5315 -0.328436  0.942778 -0.605203  0.626008 0.00157405 0.999074 0.114665 1.54702 0.013513
1  0.595166  0.794205 -0.122538  0.195697 -0.291138 -0.936452  -0.77941  0.533364 -0.328699  0.940358 -0.608032  0.626687 0.00157266 0.998148 0.0232123 1.71064 0.0162439
1  0.591111   0.79731 -0.122001  0.195898  -0.28864 -0.937183 -0.782439  0.530079  -0.32681  0.944302 -0.604647  0.624259 0.00155485 0.999074 0.0397845 1.31176 0.0123442
1  0.587798  0.799425 -0.124147  0.189689 -0.285367 -0.939459 -0.786455  0.528663  -0.31938  0.950596 -0.603615  0.615483 0.00158771 0.999074 0.0691524 1.78043 0.00797902
1  0.590723  0.797794  -0.12071  0.196618 -0.287419 -0.937407 -0.782552  0.530014 -0.326646  0.944031 -0.604824  0.624216 0.00156799 0.999074 0.102805 1.45644 0.0130794
1  0.592395  0.795952 -0.124616  0.192201 -0.289837 -0.937578 -0.782386  0.531465 -0.324681  0.945098 -0.606044  0.621619 0.00155583 0.999074 0.0304455 1.28341 0.00779965
1  0.588872  0.799084 -0.121221  0.196428 -0.286986 -0.937579 -0.783994  0.528303  -0.32596  0.946153 -0.602771   0.62331 0.00156156 0.999074 0.125815 1.3903 0.0125763
1  0.592942  0.795759 -0.123241  0.193924 -0.289657 -0.937279 -0.781546  0.531852 -0.326067  0.943004 -0.606541  0.623642 0.00162283 0.998148 0.0248877 1.49394 0.0111691
1  0.592856  0.795607 -0.124622   0.19412 -0.291374 -0.936706 -0.781562   0.53114 -0.327187   0.94362 -0.605204  0.624665 0.00156188 0.999074 0.115097 1.47667 0.0117506
1  0.592965  0.795966 -0.121781  0.198883 -0.291323 -0.935722 -0.780281   0.53063 -0.331049  0.940733 -0.604543   0.62948 0.00157072 0.998148 0.0159452 1.02218 0.0191766
1  0.588198  0.799678 -0.120573  0.198105 -0.287025 -0.937215 -0.784077  0.527382 -0.327248  0.945789  -0.60158  0.624913 0.00157039 0.999074 0.100373 1.42773 0.015127
1   0.59053  0.797535 -0.123337   0.19282 -0.287842 -0.938066 -0.783642  0.530174  -0.32376  0.946455 -0.604961   0.62067 0.00155938 0.999074 0.12668 1.23918 0.00762568
1  0.592096  0.795546 -0.128567  0.187541 -0.291185 -0.938104 -0.783742  0.531336 -0.321607  0.947685  -0.60546  0.617943 0.00158634 0.999074 0.115314 1.92148 0.0020512
1  0.591652  0.795832  -0.12884  0.188288 -0.291799 -0.937764 -0.783898  0.530571 -0.322489  0.947801 -0.604524  0.618948 0.00157925 0.999074 0.0445258 1.36227 0.00354294
1   0.59008  0.797435 -0.126105   0.19042 -0.289258  -0.93812 -0.784567  0.529554 -0.322533  0.948103 -0.603891  0.619054 0.00156889 0.999074 0.0484869 1.62304 0.00506522
1   0.59087  0.797544  -0.12164  0.196128 -0.288252 -0.937254 -0.782564  0.529938  -0.32674  0.944375 -0.604547  0.624276 0.00155826 0.999074 0.0787782 1.2893 0.0125542
1  0.593684  0.794941 -0.124929  0.191677  -0.29048 -0.937487 -0.781536  0.532625 -0.324826  0.944204 -0.607205  0.621796 0.00156721 0.999074 0.0997135 1.22051 0.00842598
1   0.59315  0.793972 -0.133349  0.179594 -0.291946 -0.939422 -0.784805   0.53327  -0.31576  0.951104 -0.607896   0.61073 0.00163063 0.998148 0.0551275 1.38355 0.0107163
1  0.589802  0.798476 -0.120702  0.195757 -0.286377 -0.937906 -0.783462  0.529551 -0.325213  0.945583 -0.604466  0.622477 0.0015589 0.999074 0.0806928 1.52065 0.0114588
1  0.593104  0.794179 -0.132315  0.184716  -0.29418  -0.93773  -0.78365  0.531731 -0.321177  0.948623 -0.605443  0.616991 0.00162741 0.999074 0.132935 1.58663 0.00496186
1  0.592052  0.796537  -0.12249  0.192996 -0.287705 -0.938072 -0.782449  0.531747 -0.324065  0.945093 -0.606505  0.621092 0.00159746 0.999074 0.0215628 1.39904 0.00844243
1  0.590944  0.797036 -0.124575  0.191456 -0.288576 -0.938119 -0.783664  0.530526  -0.32313  0.946622 -0.605155  0.619981 0.00157612 0.999074 0.069065 1.55435 0.00595675
1  0.585496  0.801441 -0.122011  0.195521 -0.285666 -0.938172 -0.786744   0.52544 -0.323955  0.949895 -0.599494  0.620849 0.00159435 0.999074 0.114808 1.60137 0.0138609
1  0.593836  0.794813 -0.125021  0.189392 -0.289105 -0.938376 -0.781978  0.533564 -0.322212  0.945775 -0.608776  0.618523 0.00165741 0.999074 0.0493346 1.34116 0.00578189
1  0.594194   0.79431 -0.126509   0.19212 -0.292897 -0.936644  -0.78104  0.532243 -0.326641  0.943504 -0.606197  0.623916 0.00157461 0.999074 0.0615301 1.66163 0.0107291
1  0.593904  0.795274 -0.121725  0.196679 -0.290224 -0.936529 -0.780125  0.532268 -0.328779  0.940961 -0.606918  0.626791 0.00156696 0.998148 0.0676549 1.52956 0.0160852
1  0.588846  0.799466 -0.118801  0.197521 -0.284871 -0.937995 -0.783738  0.528869 -0.325656   0.94555 -0.603988  0.623122 0.00157066 0.999074 0.100404 1.56866 0.0137744
1  0.593881   0.79461 -0.126097  0.191161 -0.291602 -0.937244 -0.781513  0.532507 -0.325075  0.944287 -0.606854  0.622099 0.00156869 0.999074 0.078187 1.26809 0.00838541
1  0.592807  0.795719  -0.12414  0.195344 -0.291615 -0.936377 -0.781294  0.530841  -0.32831   0.94317 -0.604884  0.625629 0.00160755 0.999074 0.0718946 1.50911 0.0133849
1  0.592058  0.797545 -0.115712  0.202348 -0.286098 -0.936591 -0.780079  0.531102 -0.330769  0.939083 -0.606448  0.629629 0.00170415 0.998148 0.0241544 1.59 0.022455
1  0.591375  0.796952  -0.12306  0.194246 -0.288894 -0.937448 -0.782652  0.530479  -0.32565  0.945069 -0.605055  0.622809 0.00155841 0.999074 0.0418026 1.29226 0.0099939
1  0.593554  0.795177 -0.124047  0.194731 -0.291457 -0.936554  -0.78088  0.531739 -0.327841  0.942278 -0.606178  0.625615 0.00158043 0.998148 0.0961547 1.64413 0.0134437
1  0.590701  0.797476 -0.122898  0.194981 -0.288872 -0.937302 -0.782978  0.529703  -0.32613  0.945141 -0.604318  0.623441 0.00157104 0.999074 0.0726176 1.60555 0.010968
1   0.60145  0.788753 -0.126987  0.190766 -0.296142   -0.9359   -0.7758  0.538672 -0.328582  0.937135 -0.613493  0.626251 0.00162781 0.998148 0.0767476 1.48604 0.0212051
1  0.592037  0.796484 -0.122906  0.194629 -0.289297 -0.937244 -0.782056  0.530962 -0.326294  0.944116 -0.605504  0.623719 0.00155924 0.999074 0.0703741 1.61828 0.0111264
1  0.594212  0.794711 -0.123879  0.192902 -0.290336  -0.93728 -0.780834  0.533046 -0.325822  0.943185 -0.607801  0.622989 0.00157571 0.999074 0.108096 1.5463 0.0106571
1  0.593295  0.795001 -0.126393  0.189075 -0.290245 -0.938088 -0.782465  0.532665 -0.322516  0.945771 -0.607509   0.61906 0.00157257 0.999074 0.059989 1.68276 0.00465728
1  0.591101  0.797143 -0.123134  0.193092 -0.288065 -0.937941 -0.783144  0.530642 -0.324198  0.945766 -0.605429  0.621155 0.00155688 0.999074 0.0933734 1.51086 0.00810802
1  0.592204  0.796116 -0.124472  0.193518 -0.290468 -0.937112 -0.782205  0.530875 -0.326079  0.944537 -0.605175  0.623315 0.00155555 0.999074 0.108381 1.58486 0.00995972
1   0.59131  0.797166 -0.121981  0.195348  -0.28834  -0.93739 -0.782427  0.530459 -0.326223  0.944392 -0.605139  0.623598 0.00155505 0.999074 0.089468 1.31151 0.0115301
1  0.594296  0.794387 -0.125549  0.189185 -0.289811   -0.9382 -0.781679  0.533816  -0.32252  0.944935 -0.608904   0.61896 0.00156876 0.998148 0.0731879 1.40365 0.00632155
1  0.592859  0.795655 -0.124302  0.192213 -0.289703 -0.937617 -0.782031  0.531983 -0.324688  0.944669 -0.606738   0.62172 0.00156137 0.999074 0.0507944 1.22945 0.00821562
1  0.590293  0.797525 -0.124531  0.193268 -0.289433 -0.937484  -0.78371  0.529323 -0.324987  0.946561 -0.603391  0.621994 0.00155989 0.999074 0.121157 1.84532 0.00876102
1   0.58912  0.799114 -0.119812  0.197614 -0.286252 -0.937555 -0.783509  0.528655 -0.326553  0.945166 -0.603389  0.624109 0.00156241 0.999074 0.021439 1.32474 0.0140242
1  0.589393  0.797953 -0.126043  0.189411 -0.288173 -0.938658 -0.785327  0.529365 -0.320988  0.949593 -0.603667  0.617234 0.00158629 0.999074 0.0331987 1.10587 0.00512103
1  0.589571  0.798391 -0.122383  0.194191 -0.287181 -0.937985 -0.784025  0.529243 -0.324354  0.946555 -0.603976  0.621494 0.00156778 0.999074 0.0726938 1.64363 0.00951849
1   0.59324  0.795925 -0.120704  0.198665 -0.290046 -0.936165 -0.780127  0.531391 -0.330189  0.940787 -0.605799  0.628329 0.0015627 0.999074 0.0906908 1.66116 0.0182434
1   0.59066  0.797304 -0.124206  0.191284 -0.287888 -0.938366 -0.783921  0.530496 -0.322556  0.947055 -0.605361   0.61927 0.00156948 0.999074 0.0644799 1.43663 0.00566065
1  0.596245  0.793833 -0.119672  0.201998 -0.292621  -0.93465 -0.776974  0.533107 -0.334826  0.935898 -0.607227  0.633937 0.00159602 0.998148 0.0729003 1.61258 0.0270153
1  0.589819  0.798357 -0.121406  0.195594 -0.287102 -0.937718  -0.78349  0.529338 -0.325493  0.945597 -0.604171  0.622783 0.00156327 0.999074 0.0812633 1.58203 0.0113264
1  0.595092  0.793286 -0.128698  0.186602 -0.292156  -0.93799 -0.781694  0.534175 -0.321888  0.945564 -0.608873  0.618104 0.00159075 0.999074 0.0440286 1.51382 0.00588015
1  0.591499  0.797328 -0.119986  0.196021 -0.286543   -0.9378 -0.782116  0.531188 -0.325783  0.943856 -0.606414  0.623203 0.00156306 0.999074 0.0789199 1.42153 0.0124142
1  0.593221  0.795112 -0.126036  0.191242 -0.291262 -0.937333 -0.781995  0.531942 -0.324842  0.944787 -0.606206  0.621787 0.00156478 0.999074 0.0535983 1.66319 0.00766779
1  0.592119  0.796244 -0.124057   0.19376 -0.290103 -0.937175  -0.78221  0.530882 -0.326056  0.944538 -0.605264  0.623282 0.0015544 0.999074 0.086311 1.7602 0.010084
1  0.592111  0.795896 -0.126306  0.189917  -0.29014  -0.93795 -0.783157  0.531383  -0.32295   0.94656 -0.605954  0.619522 0.00156496 0.999074 0.104955 1.61959 0.00438828
1  0.596069  0.792845 -0.126879  0.190705 -0.293291  -0.93681 -0.779958  0.534206 -0.326021  0.942388 -0.608721  0.623123 0.00156527 0.998148 0.00406219 1.03012 0.0114201
1  0.593262  0.795369 -0.124208  0.192326 -0.289865 -0.937544 -0.781697  0.532321 -0.324936  0.943927  -0.60726   0.62204 0.00157982 0.999074 0.0462504 1.48391 0.00895489
1  0.593617  0.794718 -0.126658  0.187009 -0.289307 -0.938791 -0.782717  0.533596 -0.320357  0.946284 -0.608787  0.616757 0.00161695 0.998148 0.147667 2.07296 0.00437038
1  0.593253  0.795419 -0.123928  0.193623 -0.290414 -0.937107 -0.781384  0.531947 -0.326301  0.943312 -0.606529   0.62366 0.00156532 0.999074 0.0765365 1.47515 0.0109354
1    0.5911  0.795383  -0.13404  0.178553 -0.291086 -0.939887 -0.786587  0.531634 -0.314079  0.953747 -0.605836  0.608712 0.00165932 0.998148 0.131194 1.91819 0.0136022
1  0.592947  0.795818 -0.122829  0.195477  -0.29023 -0.936779 -0.781155  0.531451 -0.327655  0.942898  -0.60581  0.625257 0.00156322 0.999074 0.0872292 1.33836 0.013254
1  0.590798  0.797234 -0.123998  0.194067 -0.289593 -0.937269 -0.783132  0.529673 -0.325808  0.945687  -0.60388  0.623024 0.0015608 0.999074 0.0254162 1.29901 0.00995109
1   0.59274  0.795851 -0.123616  0.194608 -0.290464 -0.936888 -0.781529  0.531274 -0.327049  0.943524 -0.605558  0.624494 0.00155992 0.999074 0.0395553 1.26226 0.0119016
1  0.592917   0.79535 -0.125964  0.193107 -0.292297 -0.936628 -0.781766  0.531019 -0.326895   0.94415 -0.604966  0.624129 0.00156592 0.999074 0.0403235 1.70747 0.0107366
1  0.592105   0.79644 -0.122863  0.191617 -0.287233 -0.938499 -0.782748  0.532147 -0.322683  0.945699 -0.607402  0.619361 0.00156902 0.999074 0.221402 1.59467 0.0068373
1  0.596182  0.792874 -0.126167  0.191239 -0.292871 -0.936832  -0.77974  0.534394 -0.326233  0.942024 -0.608933  0.623486 0.0015672 0.998148 0.0882355 1.20903 0.0120581
1  0.595306  0.793286 -0.127707  0.189591 -0.293131 -0.937086 -0.780811  0.533641 -0.324902  0.943845 -0.608013  0.621672 0.00158499 0.999074 0.0476164 1.46135 0.00885675
1  0.593097  0.795155 -0.126355  0.192803 -0.292638 -0.936584 -0.781705  0.531123 -0.326871  0.944214 -0.604964  0.624098 0.00157118 0.999074 0.0516807 1.44552 0.0106286
1  0.592244  0.796274 -0.123266  0.194641 -0.289831 -0.937077 -0.781896  0.530985 -0.326639  0.943945 -0.605411  0.624017 0.00155451 0.999074 0.0944496 1.81879 0.0113836
1  0.591543  0.796948 -0.122275  0.194919 -0.288509 -0.937427 -0.782358  0.530694 -0.326005  0.944422 -0.605414  0.623309 0.00155457 0.999074 0.129184 1.63614 0.0110171
1  0.595525  0.793719 -0.123936  0.193345 -0.291355 -0.936872 -0.779722  0.533969 -0.326971  0.941635 -0.608756  0.624319 0.00157551 0.999074 0.0700938 1.48122 0.0132028
1   0.59118  0.797467 -0.120634    0.1985 -0.288829 -0.936576 -0.781731   0.52974 -0.329047  0.942428 -0.604175  0.627133 0.00159333 0.999074 0.0941918 1.4846 0.016591
1  0.591313  0.796735 -0.124752  0.191715  -0.28914 -0.937893 -0.783323  0.530671 -0.323719  0.946234  -0.60536   0.62057 0.00156626 0.999074 0.0926726 1.61112 0.00642903
1  0.592374   0.79613 -0.123571  0.193587 -0.289538 -0.937386  -0.78206  0.531361 -0.325635  0.944372 -0.605916  0.622872 0.00155825 0.999074 0.058049 1.55957 0.00981084
