1  0.592486  0.796128 -0.123049  0.194367 -0.289508 -0.937233 -0.781781  0.531381 -0.326271  0.943861  -0.60594   0.62362 0.00155739 0.999074 0.111843 0.190341 0.0110274
1  0.591377  0.796941 -0.123123  0.194136 -0.288895  -0.93747 -0.782678  0.530495 -0.325561  0.945063 -0.605007  0.622757 0.00155586 0.999074 0.1083 0.28098 0.00988362
1   0.59251  0.796119 -0.122988  0.194595 -0.289603 -0.937157 -0.781706  0.531342 -0.326514  0.943719  -0.60587  0.623911 0.00155732 0.999074 0.0673105 0.0972445 0.0114167
1  0.591931  0.796509 -0.123253  0.193956 -0.289197 -0.937414 -0.782304  0.530979 -0.325673  0.944606 -0.605587  0.622887 0.0015551 0.999074 0.0460482 0.104772 0.00996163
1  0.590791  0.797617 -0.121541   0.19612 -0.288092 -0.937305 -0.782625  0.529915 -0.326631   0.94445 -0.604556  0.624109 0.00155594 0.999074 0.0906254 0.116867 0.0124473
1  0.592251  0.796236 -0.123478  0.194623 -0.290072 -0.937006 -0.781895  0.530911 -0.326761  0.943952 -0.605289  0.624143 0.0015543 0.999074 0.065492 0.119005 0.0114515
1  0.592484  0.796049 -0.123571  0.194485 -0.290202 -0.936994 -0.781753  0.531121  -0.32676  0.943817 -0.605516  0.624135 0.00155462 0.999074 0.0581753 0.104425 0.0114301
1  0.591173  0.797212 -0.122342  0.195729 -0.288956  -0.93712 -0.782435  0.530054 -0.326861  0.944329 -0.604527  0.624323 0.00155481 0.999074 0.0217486 0.105109 0.0122365
1  0.592188  0.796289 -0.123437  0.194663 -0.290019 -0.937014 -0.781933   0.53086 -0.326754  0.943986 -0.605237  0.624138 0.00155413 0.999074 0.0637567 0.118811 0.0114575
1  0.592486  0.796128 -0.123049  0.194367 -0.289508 -0.937233 -0.781781  0.531381 -0.326271  0.943861 -0.605939   0.62362 0.00155739 0.999074 0.100632 0.191545 0.0110273
1  0.591377  0.796941 -0.123123  0.194137 -0.288895  -0.93747 -0.782678  0.530495 -0.325561  0.945063 -0.605007  0.622757 0.00155586 0.999074 0.0870066 0.282507 0.00988373
1  0.592553  0.795993 -0.123591  0.194391 -0.290196 -0.937016 -0.781724  0.531207  -0.32669  0.943797 -0.605624  0.624053 0.00155452 0.999074 0.117609 0.111777 0.0113304
1  0.592089  0.796382 -0.123318  0.193804 -0.289247 -0.937431 -0.782222  0.531143 -0.325601   0.94453  -0.60578  0.622802 0.00155493 0.999074 0.048107 0.183809 0.00984141
1  0.592484  0.796049 -0.123571  0.194485 -0.290202 -0.936994 -0.781753  0.531121  -0.32676  0.943817 -0.605516  0.624135 0.00155462 0.999074 0.114813 0.145954 0.0114302
1  0.590791  0.797617 -0.121541   0.19612 -0.288092 -0.937305 -0.782625  0.529915 -0.326631   0.94445 -0.604556  0.624109 0.00155594 0.999074 0.117479 0.133826 0.0124473
1  0.590817  0.797588 -0.121606  0.196107 -0.288172 -0.937283 -0.782609  0.529915  -0.32667  0.944431 -0.604536  0.624156 0.00155612 0.999074 0.0625837 0.147906 0.0124615
1  0.591113   0.79728 -0.122187  0.195736 -0.288749 -0.937183 -0.782478  0.530065  -0.32674   0.94438 -0.604597  0.624182 0.00155482 0.999074 0.065171 0.0901597 0.0121499
1  0.590771  0.797629 -0.121559  0.196034 -0.288046 -0.937337 -0.782662  0.529922 -0.326532  0.944516 -0.604578  0.623987 0.00155582 0.999074 0.0757241 0.132121 0.0122992
1  0.592484  0.796049 -0.123571  0.194485 -0.290202 -0.936994 -0.781753  0.531121  -0.32676  0.943817 -0.605516  0.624135 0.00155462 0.999074 0.0763253 0.139583 0.0114302
1  0.592371  0.796148 -0.123468  0.194618 -0.290116 -0.936993 -0.781806  0.531019 -0.326801  0.943844 -0.605406  0.624191 0.00155447 0.999074 0.0436427 0.125638 0.0115306
1  0.592043  0.796428 -0.123241  0.193984 -0.289255 -0.937391 -0.782212  0.531069 -0.325745  0.944479 -0.605685  0.622975 0.00155485 0.999074 0.0430777 0.148239 0.0100854
1  0.592043  0.796428 -0.123241  0.193984 -0.289255 -0.937391 -0.782212  0.531069 -0.325746  0.944479 -0.605685  0.622975 0.00155485 0.999074 0.0553636 0.183294 0.0100855
1  0.592251  0.796236 -0.123478  0.194623 -0.290072 -0.937006 -0.781895  0.530911 -0.326761  0.943952 -0.605289  0.624143 0.00155431 0.999074 0.037808 0.125318 0.0114515
1  0.592043  0.796428 -0.123241  0.193984 -0.289255 -0.937391 -0.782212  0.531069 -0.325745  0.944479 -0.605685  0.622975 0.00155485 0.999074 0.0887643 0.180039 0.0100854
1  0.591113   0.79728 -0.122187  0.195736 -0.288749 -0.937183 -0.782478  0.530065  -0.32674   0.94438 -0.604597  0.624182 0.00155482 0.999074 0.116042 0.160877 0.0121501
1  0.592553  0.795993 -0.123591  0.194391 -0.290196 -0.937016 -0.781724  0.531207  -0.32669  0.943797 -0.605624  0.624053 0.00155452 0.999074 0.134156 0.14852 0.0113305
1  0.592486  0.796128 -0.123049  0.194367 -0.289508 -0.937233 -0.781781  0.531381 -0.326271  0.943861  -0.60594   0.62362 0.00155739 0.999074 0.108517 0.204947 0.011027
1  0.592078  0.796399 -0.123255   0.19397  -0.28928 -0.937386 -0.782189  0.531098 -0.325754  0.944455 -0.605711  0.622985 0.00155485 0.999074 0.058415 0.134751 0.0100921
1   0.59251  0.796119 -0.122988  0.194595 -0.289603 -0.937157 -0.781706  0.531342 -0.326514  0.943719  -0.60587  0.623911 0.00155732 0.999074 0.125588 0.217789 0.0114166
1  0.592251  0.796236 -0.123478  0.194623 -0.290072 -0.937006 -0.781895  0.530911 -0.326761  0.943952 -0.605289  0.624143 0.0015543 0.999074 0.0696642 0.146285 0.0114516
1  0.592089  0.796382 -0.123318  0.193804 -0.289247 -0.937431 -0.782222  0.531143 -0.325601   0.94453  -0.60578  0.622802 0.00155494 0.999074 0.0634264 0.189453 0.0098414
1   0.59078  0.797623 -0.121558  0.196029 -0.288045 -0.937338 -0.782657  0.529932 -0.326529  0.944509 -0.604593  0.623984 0.00155585 0.999074 0.0956867 0.104169 0.012294
1  0.592486  0.796128 -0.123049  0.194367 -0.289508 -0.937233 -0.781781  0.531381 -0.326271  0.943861 -0.605939   0.62362 0.00155739 0.999074 0.0909295 0.211053 0.0110271
1  0.592486  0.796128 -0.123049  0.194367 -0.289508 -0.937233 -0.781781  0.531381 -0.326271  0.943861 -0.605939   0.62362 0.00155739 0.999074 0.0792092 0.167558 0.0110273
1  0.591209  0.797214 -0.122154  0.195881 -0.288856 -0.937119  -0.78237  0.530106 -0.326933  0.944206 -0.604632   0.62441 0.0015549 0.999074 0.0970975 0.0983071 0.0124352
1  0.591065  0.797339 -0.122035  0.195962   -0.2887 -0.937151 -0.782458  0.530003 -0.326888   0.94429 -0.604524  0.624373 0.00155511 0.999074 0.0989427 0.1536 0.0124666
1   0.59251  0.796119 -0.122988  0.194595 -0.289603 -0.937157 -0.781706  0.531342 -0.326514  0.943719  -0.60587  0.623911 0.00155733 0.999074 0.143764 0.20312 0.0114166
1   0.59251  0.796119 -0.122988  0.194595 -0.289603 -0.937157 -0.781706  0.531342 -0.326514  0.943719  -0.60587  0.623911 0.00155733 0.999074 0.0890058 0.133926 0.0114166
1  0.592078  0.796399 -0.123255   0.19397  -0.28928 -0.937386 -0.782189  0.531098 -0.325754  0.944456 -0.605711  0.622985 0.00155485 0.999074 0.119612 0.155039 0.0100921
1  0.590791  0.797617 -0.121541   0.19612 -0.288092 -0.937305 -0.782625  0.529915 -0.326631   0.94445 -0.604556  0.624109 0.00155594 0.999074 0.0493875 0.120879 0.0124474
1  0.592089  0.796382 -0.123318  0.193804 -0.289247 -0.937431 -0.782222  0.531143 -0.325601   0.94453  -0.60578  0.622802 0.00155493 0.999074 0.157408 0.235947 0.00984148
1  0.592557  0.795991  -0.12359  0.194387 -0.290194 -0.937017 -0.781722  0.531211 -0.326687  0.943795 -0.605627   0.62405 0.00155455 0.999074 0.0714981 0.111218 0.0113269
1   0.59251  0.796119 -0.122988  0.194595 -0.289603 -0.937157 -0.781706  0.531342 -0.326514  0.943718  -0.60587  0.623911 0.00155732 0.999074 0.0835772 0.205838 0.0114167
1  0.592188  0.796289 -0.123437  0.194663 -0.290019 -0.937014 -0.781933   0.53086 -0.326754  0.943986 -0.605237  0.624138 0.00155413 0.999074 0.131413 0.165428 0.0114575
1  0.592484  0.796049 -0.123571  0.194485 -0.290202 -0.936994 -0.781753  0.531121  -0.32676  0.943817 -0.605516  0.624135 0.00155462 0.999074 0.0950056 0.142379 0.0114301
1  0.592486  0.796128 -0.123049  0.194367 -0.289508 -0.937233 -0.781781  0.531381 -0.326271  0.943861  -0.60594   0.62362 0.00155739 0.999074 0.0924356 0.176114 0.0110271
1  0.592484  0.796049 -0.123571  0.194485 -0.290202 -0.936994 -0.781754  0.531121  -0.32676  0.943817 -0.605516  0.624135 0.00155462 0.999074 0.125595 0.111918 0.01143
1   0.59251  0.796119 -0.122988  0.194595 -0.289603 -0.937157 -0.781706  0.531342 -0.326514  0.943719  -0.60587  0.623911 0.00155733 0.999074 0.0327394 0.0992092 0.0114167
1  0.591082  0.797317   -0.1221  0.195735 -0.288631 -0.937219 -0.782502  0.530074 -0.326667  0.944408 -0.604653  0.624093 0.00155499 0.999074 0.0396963 0.119368 0.0120932
1   0.59078  0.797623 -0.121558  0.196029 -0.288045 -0.937338 -0.782657  0.529932 -0.326529   0.94451 -0.604593  0.623984 0.00155585 0.999074 0.0878305 0.13767 0.0122938
1  0.590817  0.797588 -0.121606  0.196107 -0.288172 -0.937283 -0.782609  0.529915  -0.32667  0.944431 -0.604536  0.624156 0.00155612 0.999074 0.109598 0.162208 0.0124616
1  0.592486  0.796128 -0.123049  0.194367 -0.289508 -0.937233 -0.781781  0.531381 -0.326271  0.943861 -0.605939   0.62362 0.00155739 0.999074 0.029473 0.164385 0.0110272
1  0.592052  0.796452 -0.123036  0.195078 -0.289763 -0.937007 -0.781933  0.530755 -0.326925  0.943871 -0.605169  0.624367 0.00155352 0.999074 0.130317 0.167436 0.0119212
1  0.591275  0.797119  -0.12245  0.195653 -0.289081 -0.937098 -0.782377  0.530125 -0.326885  0.944278 -0.604579  0.624342 0.00155448 0.999074 0.0659556 0.211296 0.0121965
1  0.592486  0.796128 -0.123049  0.194367 -0.289508 -0.937233 -0.781781  0.531381 -0.326271  0.943861  -0.60594   0.62362 0.00155739 0.999074 0.117644 0.204891 0.0110273
1   0.59251  0.796119 -0.122988  0.194595 -0.289603 -0.937157 -0.781706  0.531342 -0.326514  0.943719  -0.60587  0.623911 0.00155732 0.999074 0.0243404 0.167284 0.0114167
1  0.591065  0.797339 -0.122035  0.195962   -0.2887 -0.937151 -0.782458  0.530003 -0.326888   0.94429 -0.604524  0.624373 0.00155511 0.999074 0.109129 0.141898 0.0124668
1  0.590807  0.797599 -0.121583  0.196105 -0.288139 -0.937293 -0.782617  0.529917 -0.326648  0.944442 -0.604547   0.62413 0.00155605 0.999074 0.128541 0.0972627 0.0124451
1   0.59113   0.79728 -0.122105  0.195909 -0.288778 -0.937137 -0.782423  0.530048   -0.3269  0.944264 -0.604562  0.624381 0.00155491 0.999074 0.132843 0.118184 0.0124322
1  0.592484  0.796049 -0.123571  0.194485 -0.290202 -0.936994 -0.781753  0.531121  -0.32676  0.943817 -0.605516  0.624135 0.00155462 0.999074 0.0594296 0.126485 0.0114301
1  0.590771  0.797629  -0.12156  0.196034 -0.288046 -0.937337 -0.782662  0.529922 -0.326532  0.944516 -0.604578  0.623987 0.00155582 0.999074 0.0564134 0.0911725 0.012299
1  0.590791  0.797617 -0.121541   0.19612 -0.288092 -0.937305 -0.782625  0.529915 -0.326631   0.94445 -0.604556  0.624109 0.00155595 0.999074 0.0801463 0.139063 0.0124474
1  0.592484  0.796049 -0.123571  0.194485 -0.290202 -0.936994 -0.781754  0.531121  -0.32676  0.943817 -0.605516  0.624135 0.00155462 0.999074 0.106945 0.147098 0.01143
1  0.592326  0.796243 -0.123076  0.194201 -0.289349 -0.937317 -0.781944  0.531296  -0.32602  0.944104 -0.605887  0.623317 0.00155613 0.999074 0.0982937 0.138472 0.0106175
1  0.590771  0.797629  -0.12156  0.196034 -0.288046 -0.937337 -0.782662  0.529922 -0.326531  0.944516 -0.604578  0.623987 0.00155582 0.999074 0.0825082 0.140869 0.0122989
1  0.593464  0.795217 -0.124222  0.192281  -0.28995 -0.937527 -0.781556  0.532503  -0.32498  0.944064 -0.607309  0.622003 0.00155961 0.999074 0.16906 0.198695 0.00893501
1  0.592371  0.796148 -0.123468  0.194618 -0.290116 -0.936993 -0.781806  0.531019 -0.326801  0.943844 -0.605406   0.62419 0.00155447 0.999074 0.0478958 0.132322 0.0115304
1  0.592554  0.795993 -0.123591  0.194391 -0.290196 -0.937016 -0.781724  0.531207  -0.32669  0.943797 -0.605624  0.624053 0.00155453 0.999074 0.0818221 0.112388 0.0113305
1  0.590771  0.797629  -0.12156  0.196034 -0.288046 -0.937337 -0.782662  0.529922 -0.326531  0.944516 -0.604578  0.623987 0.00155582 0.999074 0.136199 0.157332 0.0122989
1  0.593362  0.795299 -0.124182  0.192425  -0.28995 -0.937497 -0.781598  0.532379 -0.325081  0.944092  -0.60715  0.622123 0.00155886 0.999074 0.105859 0.12707 0.00902353
1  0.592486  0.796128 -0.123049  0.194367 -0.289508 -0.937233 -0.781781  0.531381 -0.326271  0.943861  -0.60594   0.62362 0.00155739 0.999074 0.0717942 0.15445 0.0110272
1  0.592042  0.796428 -0.123241  0.193984 -0.289255 -0.937391 -0.782212  0.531069 -0.325745  0.944479 -0.605685  0.622975 0.00155484 0.999074 0.0748646 0.134299 0.0100854
1  0.592872  0.795704 -0.123926  0.192841 -0.289694 -0.937491 -0.781866  0.531914 -0.325196  0.944303 -0.606628  0.622276 0.00155624 0.999074 0.108665 0.139683 0.00910077
1  0.592089  0.796382 -0.123318  0.193804 -0.289247 -0.937431 -0.782222  0.531143 -0.325601   0.94453  -0.60578  0.622802 0.00155493 0.999074 0.086274 0.171841 0.00984136
1  0.592188  0.796289 -0.123437  0.194663 -0.290019 -0.937014 -0.781933   0.53086 -0.326754  0.943986 -0.605237  0.624138 0.00155413 0.999074 0.10274 0.140389 0.0114575
1   0.59251  0.796119 -0.122988  0.194595 -0.289603 -0.937157 -0.781706  0.531342 -0.326514  0.943719  -0.60587  0.623911 0.00155732 0.999074 0.108229 0.230492 0.0114166
1  0.591342  0.797067 -0.122472  0.195433 -0.288991 -0.937171 -0.782382  0.530254 -0.326665  0.944337 -0.604791  0.624067 0.00155484 0.999074 0.0439974 0.150472 0.0118422
1  0.591954  0.796478 -0.123339  0.193772 -0.289184 -0.937457 -0.782331  0.531032 -0.325519  0.944678 -0.605658  0.622703 0.0015551 0.999074 0.11064 0.120119 0.00969659
1  0.592486  0.796128 -0.123049  0.194367 -0.289508 -0.937233 -0.781781  0.531381 -0.326271  0.943861 -0.605939   0.62362 0.00155739 0.999074 0.0806756 0.183651 0.011027
1  0.592486  0.796128 -0.123049  0.194367 -0.289508 -0.937233 -0.781781  0.531381 -0.326271  0.943861 -0.605939   0.62362 0.00155739 0.999074 0.116684 0.203791 0.0110273
1  0.592043  0.796428  -0.12324  0.193984 -0.289255 -0.937391 -0.782212  0.531069 -0.325746  0.944479 -0.605685  0.622975 0.00155485 0.999074 0.0729928 0.202935 0.0100856
1  0.593308  0.795345 -0.124145  0.192373 -0.289846 -0.937541 -0.781651  0.532368  -0.32497  0.944172  -0.60717   0.62199 0.0015591 0.999074 0.117503 0.113436 0.00886974
1   0.59251  0.796119 -0.122988  0.194595 -0.289603 -0.937157 -0.781706  0.531342 -0.326513  0.943719  -0.60587  0.623911 0.00155732 0.999074 0.0691009 0.133053 0.0114165
1  0.591954  0.796478 -0.123339  0.193772 -0.289184 -0.937457 -0.782331  0.531032 -0.325519  0.944678 -0.605658  0.622703 0.0015551 0.999074 0.0944067 0.125751 0.00969671
1  0.591401  0.796987 -0.122702  0.195296 -0.289198 -0.937136 -0.782371   0.53026  -0.32668  0.944346 -0.604754  0.624079 0.00155478 0.999074 0.108824 0.111389 0.0117378
1  0.592371  0.796148 -0.123468  0.194618 -0.290116 -0.936993 -0.781806  0.531019 -0.326801  0.943844 -0.605406  0.624191 0.00155447 0.999074 0.0898111 0.141188 0.0115306
1  0.592439  0.796169 -0.123011  0.194381  -0.28945 -0.937248 -0.781813  0.531351 -0.326242  0.943902 -0.605919  0.623585 0.00155704 0.999074 0.0801115 0.15441 0.0109952
1  0.592043  0.796428  -0.12324  0.193984 -0.289255 -0.937391 -0.782212  0.531069 -0.325746  0.944479 -0.605685  0.622975 0.00155485 0.999074 0.054758 0.179769 0.0100855
1  0.592553  0.795993 -0.123591  0.194391 -0.290196 -0.937016 -0.781724  0.531207  -0.32669  0.943797 -0.605624  0.624053 0.00155453 0.999074 0.124179 0.141271 0.0113305
1  0.590773  0.797626 -0.121574   0.19603 -0.288061 -0.937333 -0.782662  0.529919 -0.326538  0.944516 -0.604568  0.623994 0.00155582 0.999074 0.0255674 0.107042 0.012299
1  0.592251  0.796236 -0.123478  0.194623 -0.290072 -0.937006 -0.781895  0.530911 -0.326761  0.943952 -0.605289  0.624143 0.0015543 0.999074 0.0526928 0.139594 0.0114514
1  0.590771  0.797629  -0.12156  0.196034 -0.288046 -0.937337 -0.782662  0.529922 -0.326532  0.944516 -0.604578  0.623987 0.00155582 0.999074 0.0797693 0.13911 0.0122991
1  0.591314  0.797054 -0.122691  0.195275 -0.289128 -0.937162 -0.782442  0.530198  -0.32661  0.944444 -0.604692  0.623995 0.0015548 0.999074 0.0952895 0.164005 0.0116479
1  0.592089  0.796382 -0.123318  0.193804 -0.289247 -0.937431 -0.782222  0.531143 -0.325601   0.94453  -0.60578  0.622802 0.00155493 0.999074 0.0731539 0.105022 0.00984129
1   0.59251  0.796119 -0.122988  0.194595 -0.289603 -0.937157 -0.781706  0.531342 -0.326513  0.943719  -0.60587  0.623911 0.00155733 0.999074 0.0953739 0.216704 0.0114165
1  0.590791  0.797617 -0.121541   0.19612 -0.288092 -0.937305 -0.782625  0.529915 -0.326631   0.94445 -0.604556  0.624109 0.00155594 0.999074 0.0855672 0.135982 0.0124474
1  0.592486  0.796128 -0.123049  0.194367 -0.289508 -0.937233 -0.781781  0.531381 -0.326271  0.943861 -0.605939   0.62362 0.00155739 0.999074 0.0640771 0.18174 0.0110274
1  0.592486  0.796128 -0.123049  0.194367 -0.289508 -0.937233 -0.781781  0.531381 -0.326271  0.943861  -0.60594   0.62362 0.00155739 0.999074 0.0822592 0.119434 0.0110272
1  0.592371  0.796148 -0.123468  0.194618 -0.290116 -0.936993 -0.781806  0.531019 -0.326801  0.943844 -0.605406   0.62419 0.00155446 0.999074 0.0598386 0.112392 0.0115304
1  0.591065  0.797339 -0.122035  0.195962   -0.2887 -0.937151 -0.782458  0.530003 -0.326888   0.94429 -0.604524  0.624373 0.00155511 0.999074 0.0858916 0.113072 0.0124667
1  0.591352  0.797022 -0.122715   0.19525 -0.289158 -0.937158 -0.782419   0.53023 -0.326613   0.94442 -0.604726  0.623999 0.00155481 0.999074 0.110763 0.118215 0.0116355
1  0.592486  0.796128 -0.123049  0.194367 -0.289508 -0.937233 -0.781781  0.531381 -0.326271  0.943861 -0.605939   0.62362 0.00155739 0.999074 0.00907846 0.15439 0.0110273
1  0.592089  0.796382 -0.123318  0.193804 -0.289247 -0.937431 -0.782222  0.531143 -0.325601   0.94453  -0.60578  0.622802 0.00155493 0.999074 0.0612767 0.154437 0.00984125
1  0.590798  0.797612 -0.121541  0.196112  -0.28809 -0.937307 -0.782622  0.529924 -0.326624  0.944448 -0.604573  0.624099 0.00155592 0.999074 0.179838 0.089697 0.012435
1  0.590798  0.797612 -0.121541  0.196112  -0.28809 -0.937307 -0.782622  0.529924 -0.326624  0.944448 -0.604573  0.624099 0.00155592 0.999074 0.0820787 0.118825 0.012435
1  0.592484  0.796049 -0.123571  0.194485 -0.290202 -0.936994 -0.781753  0.531121  -0.32676  0.943817 -0.605516  0.624135 0.00155462 0.999074 0.186014 0.160016 0.0114301
1  0.591377  0.796941 -0.123123  0.194137 -0.288895  -0.93747 -0.782678  0.530495 -0.325561  0.945063 -0.605007  0.622757 0.00155586 0.999074 0.0915285 0.275006 0.00988379
1  0.590773  0.797626 -0.121574   0.19603 -0.288061 -0.937333 -0.782662  0.529919 -0.326538  0.944516 -0.604568  0.623994 0.00155582 0.999074 0.0285266 0.105054 0.0122991
1  0.592484  0.796049 -0.123571  0.194485 -0.290202 -0.936994 -0.781753  0.531121  -0.32676  0.943817 -0.605516  0.624135 0.00155462 0.999074 0.0428179 0.111524 0.0114301
1  0.592484  0.796048 -0.123571  0.194485 -0.290202 -0.936994 -0.781753  0.531121  -0.32676  0.943817 -0.605516  0.624135 0.00155462 0.999074 0.0472449 0.0967654 0.0114302
1  0.592043  0.796428 -0.123241  0.193984 -0.289255 -0.937391 -0.782212  0.531069 -0.325746  0.944479 -0.605685  0.622975 0.00155485 0.999074 0.228434 0.175569 0.0100854
1  0.593465   0.79522 -0.124193  0.192331 -0.289951 -0.937517 -0.781542  0.532497 -0.325021  0.944037 -0.607301  0.622056 0.00155957 0.999074 0.0926758 0.062467 0.00900935
1  0.592486  0.796128 -0.123049  0.194367 -0.289508 -0.937233 -0.781781  0.531381 -0.326271  0.943861 -0.605939   0.62362 0.00155739 0.999074 0.0641982 0.191008 0.0110273
1  0.592089  0.796382 -0.123318  0.193804 -0.289247 -0.937431 -0.782222  0.531143 -0.325601   0.94453  -0.60578  0.622802 0.00155493 0.999074 0.0614895 0.189885 0.00984142
1  0.592251  0.796236 -0.123478  0.194623 -0.290072 -0.937006 -0.781895  0.530911 -0.326761  0.943952 -0.605289  0.624143 0.0015543 0.999074 0.0945704 0.153377 0.0114514
1   0.59251  0.796119 -0.122988  0.194595 -0.289603 -0.937157 -0.781706  0.531342 -0.326514  0.943719  -0.60587  0.623911 0.00155733 0.999074 0.12764 0.235837 0.0114166
1  0.593459  0.795219  -0.12423  0.192314  -0.28998 -0.937511 -0.781551  0.532483 -0.325023  0.944051 -0.607277  0.622055 0.00155946 0.999074 0.0795678 0.1613 0.00898306
1  0.591747  0.796707 -0.122854  0.195335 -0.289572 -0.937012   -0.7821  0.530476 -0.326978  0.944011 -0.604888  0.624431 0.00155367 0.999074 0.116743 0.210516 0.012086
1  0.590771  0.797629  -0.12156  0.196034 -0.288046 -0.937337 -0.782662  0.529922 -0.326532  0.944516 -0.604578  0.623987 0.00155582 0.999074 0.0987169 0.132507 0.0122991
1   0.59251  0.796119 -0.122988  0.194595 -0.289603 -0.937157 -0.781706  0.531342 -0.326514  0.943719  -0.60587  0.623911 0.00155732 0.999074 0.0586121 0.132898 0.0114166
