1  0.592554  0.795993 -0.123591  0.194391 -0.290196 -0.937016 -0.781724  0.531207  -0.32669  0.943797 -0.605624  0.624053 0.00155452 0.999074 0.162394 2.45492 0.0113305
1  0.591138  0.797259 -0.122205  0.195667 -0.288736 -0.937201 -0.782477  0.530104 -0.326681  0.944395 -0.604666  0.624099 0.00155496 0.999074 0.0902419 2.10721 0.0120408
1  0.592089  0.796382 -0.123318  0.193804 -0.289247 -0.937431 -0.782222  0.531143 -0.325601   0.94453  -0.60578  0.622802 0.00155493 0.999074 0.0590712 1.61802 0.00984132
1  0.592089  0.796382 -0.123318  0.193804 -0.289247 -0.937431 -0.782222  0.531143 -0.325601   0.94453  -0.60578  0.622802 0.00155493 0.999074 0.0278867 1.72758 0.00984143
1   0.59251  0.796119 -0.122988  0.194595 -0.289603 -0.937157 -0.781706  0.531342 -0.326514  0.943718  -0.60587  0.623911 0.00155733 0.999074 0.081237 2.27926 0.0114167
1  0.592038  0.796463 -0.123033  0.195066 -0.289744 -0.937015 -0.781946  0.530749 -0.326903  0.943884 -0.605169  0.624342 0.00155345 0.999074 0.106841 2.1424 0.011891
1  0.592044  0.796439 -0.123163  0.194856 -0.289757 -0.937055 -0.781995  0.530778  -0.32674  0.944021 -0.605193  0.624133 0.0015542 0.999074 0.0417148 1.7155 0.0115653
1  0.592089  0.796382 -0.123318  0.193804 -0.289247 -0.937431 -0.782222  0.531143 -0.325601   0.94453  -0.60578  0.622802 0.00155493 0.999074 0.0655242 1.99716 0.00984136
1  0.591202  0.797201 -0.122275  0.195699 -0.288871 -0.937153 -0.782421  0.530117 -0.326792  0.944318 -0.604644  0.624231 0.00155479 0.999074 0.103426 1.91761 0.0121582
1  0.592484  0.796049 -0.123571  0.194485 -0.290202 -0.936994 -0.781753  0.531121  -0.32676  0.943817 -0.605516  0.624135 0.00155462 0.999074 0.047214 1.53427 0.0114301
1  0.592089  0.796382 -0.123318  0.193804 -0.289247 -0.937431 -0.782222  0.531143 -0.325601   0.94453  -0.60578  0.622802 0.00155493 0.999074 0.0337211 2.26361 0.00984136
1  0.591954  0.796478 -0.123339  0.193772 -0.289184 -0.937457 -0.782331  0.531032 -0.325519  0.944678 -0.605658  0.622703 0.0015551 0.999074 0.0894322 1.75428 0.0096966
1  0.593465   0.79522 -0.124193  0.192331 -0.289951 -0.937517 -0.781542  0.532498 -0.325021  0.944036 -0.607301  0.622056 0.00155957 0.999074 0.125767 1.77992 0.00900946
1  0.592872  0.795704 -0.123926  0.192842 -0.289694 -0.937491 -0.781866  0.531914 -0.325196  0.944303 -0.606628  0.622276 0.00155624 0.999074 0.146841 2.146 0.00910099
1  0.591387   0.79693 -0.123139   0.19415 -0.288928 -0.937457 -0.782667  0.530493 -0.325592  0.945046 -0.605005  0.622791 0.00155577 0.999074 0.122674 2.35691 0.00991594
1  0.593465   0.79522 -0.124193  0.192331 -0.289951 -0.937517 -0.781542  0.532498 -0.325021  0.944037 -0.607301  0.622056 0.00155957 0.999074 0.0835894 2.07413 0.00900941
1  0.592066  0.796397 -0.123326    0.1938 -0.289242 -0.937433  -0.78224  0.531122 -0.325592  0.944552 -0.605756  0.622791 0.0015549 0.999074 0.174166 2.27694 0.00982135
1   0.59251  0.796119 -0.122988  0.194595 -0.289603 -0.937157 -0.781706  0.531342 -0.326514  0.943719  -0.60587  0.623911 0.00155733 0.999074 0.104219 1.89917 0.0114166
1  0.592553  0.795993 -0.123591  0.194391 -0.290196 -0.937016 -0.781724  0.531207  -0.32669  0.943797 -0.605624  0.624053 0.00155452 0.999074 0.0445872 2.06365 0.0113305
1  0.592486  0.796128 -0.123049  0.194367 -0.289508 -0.937233 -0.781781  0.531381 -0.326271  0.943861 -0.605939   0.62362 0.00155739 0.999074 0.0878773 2.06712 0.0110272
1  0.592445  0.796141  -0.12316  0.194249 -0.289538 -0.937249 -0.781842  0.531344 -0.326185  0.943961 -0.605888  0.623515 0.00155722 0.999074 0.0568649 1.77129 0.010832
1  0.592066  0.796397 -0.123326    0.1938 -0.289242 -0.937433  -0.78224  0.531122 -0.325592  0.944551 -0.605756  0.622791 0.0015549 0.999074 0.0266863 1.65086 0.00982143
1  0.593379  0.795236 -0.124499  0.191972 -0.290025 -0.937567 -0.781695  0.532433 -0.324758  0.944302  -0.60723  0.621722 0.0015598 0.999074 0.129797 2.14385 0.00842495
1  0.593459  0.795219  -0.12423  0.192314  -0.28998 -0.937511 -0.781551  0.532483 -0.325023  0.944051 -0.607277  0.622055 0.00155946 0.999074 0.0525357 1.94947 0.00898316
1  0.592251  0.796236 -0.123478  0.194623 -0.290072 -0.937006 -0.781895  0.530911 -0.326761  0.943952 -0.605289  0.624143 0.0015543 0.999074 0.118368 1.85009 0.0114515
1  0.593465   0.79522 -0.124193  0.192331 -0.289951 -0.937517 -0.781542  0.532497 -0.325021  0.944036 -0.607301  0.622056 0.00155957 0.999074 0.0910513 1.97381 0.00900944
1  0.592484  0.796049 -0.123571  0.194485 -0.290202 -0.936994 -0.781753  0.531121  -0.32676  0.943817 -0.605516  0.624135 0.00155462 0.999074 0.0912084 2.18208 0.0114301
1  0.591138  0.797259 -0.122205  0.195667 -0.288736 -0.937201 -0.782477  0.530104 -0.326681  0.944395 -0.604666  0.624099 0.00155496 0.999074 0.0457602 2.39339 0.0120408
1  0.592554  0.795993 -0.123591  0.194391 -0.290196 -0.937016 -0.781724  0.531207  -0.32669  0.943797 -0.605624  0.624053 0.00155452 0.999074 0.13641 2.38988 0.0113304
1   0.59251  0.796119 -0.122988  0.194595 -0.289603 -0.937157 -0.781706  0.531342 -0.326513  0.943719  -0.60587   0.62391 0.00155733 0.999074 0.110321 1.45068 0.0114165
1  0.594135    0.7947  -0.12432  0.192389 -0.290469 -0.937344 -0.781019  0.532991 -0.325469  0.943394 -0.607725  0.622595 0.0015648 0.999074 0.0906848 2.20804 0.00996797
1  0.593465   0.79522 -0.124193  0.192331 -0.289951 -0.937517 -0.781542  0.532498 -0.325021  0.944037 -0.607301  0.622056 0.00155957 0.999074 0.068883 2.21627 0.00900937
1  0.592445  0.796141  -0.12316  0.194249 -0.289538 -0.937249 -0.781842  0.531344 -0.326185  0.943961 -0.605888  0.623515 0.00155722 0.999074 0.173808 1.90576 0.010832
1   0.59251  0.796119 -0.122988  0.194595 -0.289603 -0.937157 -0.781706  0.531342 -0.326514  0.943719  -0.60587  0.623911 0.00155732 0.999074 0.0396787 2.37266 0.0114166
1  0.591305  0.797072 -0.122617  0.195303 -0.289055 -0.937179 -0.782442  0.530211  -0.32659   0.94444  -0.60473  0.623967 0.00155494 0.999074 0.116213 2.456 0.0116535
1   0.59251  0.796119 -0.122988  0.194595 -0.289603 -0.937157 -0.781706  0.531342 -0.326514  0.943719  -0.60587  0.623911 0.00155732 0.999074 0.11141 2.37494 0.0114166
1  0.591931  0.796509 -0.123253  0.193956 -0.289197 -0.937414 -0.782304  0.530979 -0.325673  0.944606 -0.605587  0.622887 0.0015551 0.999074 0.0747496 1.92961 0.00996165
1  0.592078  0.796399 -0.123255   0.19397  -0.28928 -0.937386 -0.782189  0.531098 -0.325754  0.944455 -0.605711  0.622985 0.00155485 0.999074 0.122888 1.74262 0.0100922
1  0.591082  0.797317   -0.1221  0.195735 -0.288631 -0.937219 -0.782502  0.530074 -0.326667  0.944408 -0.604653  0.624092 0.00155499 0.999074 0.0958916 2.03156 0.0120931
1  0.591919  0.796523 -0.123222  0.193984 -0.289173 -0.937416 -0.782306  0.530971 -0.325679  0.944607 -0.605579  0.622895 0.00155522 0.999074 0.0669877 2.2475 0.00998708
1  0.592301  0.796253 -0.123128    0.1945 -0.289601 -0.937177 -0.781888  0.531143 -0.326403  0.944013 -0.605657  0.623746 0.00155685 0.999074 0.1541 2.51327 0.0111075
1  0.592335  0.796221 -0.123173  0.194096 -0.289395 -0.937325 -0.781963  0.531303 -0.325962  0.944148 -0.605893  0.623241 0.00155563 0.999074 0.0363843 1.87935 0.0104786
1  0.591919  0.796523 -0.123222  0.193984 -0.289173 -0.937416 -0.782306  0.530971 -0.325679  0.944607 -0.605579  0.622895 0.00155522 0.999074 0.0967826 2.04007 0.00998705
1   0.59113   0.79728 -0.122105  0.195909 -0.288778 -0.937137 -0.782423  0.530048   -0.3269  0.944264 -0.604562  0.624381 0.00155491 0.999074 0.122721 1.82323 0.0124321
1  0.591305  0.797072 -0.122617  0.195303 -0.289055 -0.937179 -0.782442  0.530211  -0.32659   0.94444  -0.60473  0.623967 0.00155493 0.999074 0.0752068 2.18713 0.0116535
1  0.592439  0.796169 -0.123011  0.194381  -0.28945 -0.937248 -0.781813  0.531351 -0.326242  0.943902 -0.605919  0.623585 0.00155704 0.999074 0.0936725 1.97872 0.0109954
1  0.590817  0.797588 -0.121606  0.196107 -0.288172 -0.937283 -0.782609  0.529915  -0.32667  0.944431 -0.604536  0.624156 0.00155611 0.999074 0.0360057 1.54112 0.0124616
1  0.592484  0.796049 -0.123571  0.194485 -0.290202 -0.936994 -0.781753  0.531121  -0.32676  0.943817 -0.605516  0.624135 0.00155462 0.999074 0.14873 2.17112 0.0114301
1  0.591954  0.796478 -0.123339  0.193772 -0.289184 -0.937457 -0.782331  0.531032 -0.325519  0.944678 -0.605658  0.622703 0.0015551 0.999074 0.0706532 1.80174 0.00969653
1  0.592043  0.796428  -0.12324  0.193984 -0.289255 -0.937391 -0.782212  0.531069 -0.325746  0.944479 -0.605685  0.622975 0.00155485 0.999074 0.0636132 1.59982 0.0100855
1  0.592089  0.796382 -0.123318  0.193804 -0.289247 -0.937431 -0.782222  0.531143 -0.325601   0.94453  -0.60578  0.622802 0.00155493 0.999074 0.120383 2.00133 0.00984126
1  0.592486  0.796128 -0.123049  0.194367 -0.289508 -0.937233 -0.781781  0.531381 -0.326271  0.943861  -0.60594   0.62362 0.00155739 0.999074 0.11959 2.46341 0.0110272
1  0.592089  0.796382 -0.123318  0.193804 -0.289247 -0.937431 -0.782222  0.531143 -0.325601   0.94453  -0.60578  0.622802 0.00155493 0.999074 0.128473 1.99713 0.00984126
1   0.59251  0.796119 -0.122988  0.194595 -0.289603 -0.937157 -0.781706  0.531342 -0.326514  0.943719  -0.60587  0.623911 0.00155733 0.999074 0.125147 2.26198 0.0114166
1  0.592484  0.796048 -0.123571  0.194485 -0.290202 -0.936994 -0.781753  0.531121  -0.32676  0.943817 -0.605516  0.624135 0.00155462 0.999074 0.0935422 1.77082 0.0114301
1  0.592066  0.796397 -0.123326    0.1938 -0.289242 -0.937433  -0.78224  0.531122 -0.325592  0.944552 -0.605756  0.622791 0.0015549 0.999074 0.0502343 1.92407 0.00982131
1  0.591415  0.796991 -0.122614  0.195478 -0.289224  -0.93709 -0.782315  0.530241 -0.326845  0.944247 -0.604694  0.624286 0.00155439 0.999074 0.0280643 1.44403 0.0120322
1  0.591919  0.796523 -0.123222  0.193984 -0.289173 -0.937416 -0.782306  0.530971 -0.325679  0.944607 -0.605579  0.622895 0.00155521 0.999074 0.132103 2.55193 0.00998709
1  0.592371  0.796148 -0.123468  0.194618 -0.290116 -0.936993 -0.781806  0.531019 -0.326801  0.943844 -0.605406  0.624191 0.00155447 0.999074 0.0923223 1.80477 0.0115306
1  0.592439  0.796169 -0.123011  0.194381  -0.28945 -0.937248 -0.781813  0.531351 -0.326242  0.943902 -0.605919  0.623585 0.00155704 0.999074 0.116206 2.43137 0.0109953
1  0.592089  0.796382 -0.123318  0.193804 -0.289247 -0.937431 -0.782222  0.531143 -0.325601   0.94453  -0.60578  0.622802 0.00155493 0.999074 0.0650348 1.9554 0.00984125
1  0.592486  0.796128 -0.123049  0.194367 -0.289508 -0.937233 -0.781781  0.531381 -0.326271  0.943861 -0.605939   0.62362 0.00155739 0.999074 0.05908 2.11759 0.0110272
1  0.592018  0.796464 -0.123126  0.195022 -0.289814 -0.937003 -0.781972  0.530711 -0.326903  0.943925 -0.605109  0.624335 0.00155341 0.999074 0.038163 2.08232 0.0118406
1  0.592078  0.796399 -0.123255   0.19397  -0.28928 -0.937386 -0.782189  0.531098 -0.325754  0.944455 -0.605711  0.622985 0.00155485 0.999074 0.056526 2.05564 0.0100922
1  0.592078  0.796399 -0.123255   0.19397  -0.28928 -0.937386 -0.782189  0.531098 -0.325754  0.944455 -0.605711  0.622985 0.00155485 0.999074 0.0605553 1.57802 0.0100921
1  0.591896  0.796538  -0.12323   0.19398 -0.289169 -0.937418 -0.782324   0.53095  -0.32567  0.944628 -0.605555  0.622885 0.00155517 0.999074 0.154914 2.24602 0.0099685
1  0.591532  0.796887 -0.122723  0.195374  -0.28934 -0.937076 -0.782252  0.530334 -0.326845  0.944185 -0.604786   0.62428 0.00155423 0.999074 0.0402354 1.63426 0.0119656
1  0.592553  0.795993 -0.123591  0.194391 -0.290196 -0.937016 -0.781724  0.531207  -0.32669  0.943797 -0.605624  0.624053 0.00155452 0.999074 0.0975943 1.58714 0.0113305
1  0.591133  0.797281 -0.122087  0.195907 -0.288757 -0.937145 -0.782421  0.530059 -0.326886  0.944262 -0.604583  0.624365 0.00155493 0.999074 0.0478628 2.30357 0.0124207
1  0.592188  0.796289 -0.123437  0.194663 -0.290019 -0.937014 -0.781933   0.53086 -0.326754  0.943986 -0.605237  0.624138 0.00155413 0.999074 0.0832179 1.89423 0.0114574
1  0.591931  0.796459 -0.123574  0.193709 -0.289406 -0.937401 -0.782365  0.530939 -0.325589  0.944807 -0.605447  0.622756 0.00155699 0.999074 0.155862 2.11446 0.00962623
1  0.592486  0.796128 -0.123049  0.194367 -0.289508 -0.937233 -0.781781  0.531381 -0.326271  0.943861 -0.605939   0.62362 0.00155739 0.999074 0.0867012 2.17433 0.0110272
1  0.592553  0.795993 -0.123591  0.194391 -0.290196 -0.937016 -0.781724  0.531207  -0.32669  0.943797 -0.605624  0.624053 0.00155452 0.999074 0.123514 2.58204 0.0113304
1  0.592089  0.796382 -0.123318  0.193804 -0.289247 -0.937431 -0.782222  0.531143 -0.325601   0.94453  -0.60578  0.622802 0.00155493 0.999074 0.0128627 1.43159 0.00984131
1  0.591999  0.796487 -0.123069  0.195023 -0.289738 -0.937026 -0.781987  0.530717 -0.326858  0.943947  -0.60513  0.624287 0.00155346 0.999074 0.055281 1.7373 0.0118021
1  0.592439  0.796169 -0.123011  0.194381  -0.28945 -0.937248 -0.781813  0.531351 -0.326242  0.943902 -0.605919  0.623585 0.00155704 0.999074 0.0198056 1.60926 0.0109953
1  0.591415  0.796991 -0.122614  0.195478 -0.289224  -0.93709 -0.782315  0.530241 -0.326845  0.944247 -0.604694  0.624286 0.00155439 0.999074 0.0602454 2.27101 0.0120321
1  0.592372  0.796203  -0.12311  0.194279 -0.289464 -0.937265  -0.78189  0.531291 -0.326156  0.944018 -0.605844   0.62348 0.0015567 0.999074 0.0863269 2.07014 0.0108025
1  0.592066  0.796397 -0.123326    0.1938 -0.289242 -0.937433  -0.78224  0.531122 -0.325592  0.944552 -0.605756  0.622791 0.0015549 0.999074 0.0844074 1.4612 0.00982127
1  0.592251  0.796236 -0.123478  0.194623 -0.290072 -0.937006 -0.781895  0.530911 -0.326761  0.943952 -0.605289  0.624143 0.0015543 0.999074 0.0871574 2.22687 0.0114514
1   0.59251  0.796119 -0.122988  0.194595 -0.289603 -0.937157 -0.781706  0.531342 -0.326514  0.943719  -0.60587  0.623911 0.00155732 0.999074 0.129201 2.2755 0.0114166
1  0.592407  0.796201 -0.122955  0.194404 -0.289384 -0.937264 -0.781832  0.531338 -0.326218  0.943921 -0.605931  0.623557 0.00155632 0.999074 0.0835006 2.04472 0.0109866
1  0.592553  0.795993 -0.123591  0.194391 -0.290196 -0.937016 -0.781724  0.531207  -0.32669  0.943797 -0.605624  0.624053 0.00155452 0.999074 0.0824116 1.9295 0.0113305
1  0.591986   0.79645 -0.123367  0.193761 -0.289226 -0.937446  -0.78231  0.531052 -0.325538  0.944657 -0.605673  0.622723 0.00155508 0.999074 0.0629062 1.74461 0.00970757
1   0.59341  0.795252 -0.124256  0.192217  -0.28992 -0.937549 -0.781612  0.532467 -0.324902  0.944145 -0.607291  0.621908 0.00155967 0.999074 0.116537 2.05368 0.00878402
1  0.591957  0.796491 -0.123246  0.193957 -0.289202 -0.937413 -0.782284  0.531003  -0.32568  0.944583 -0.605614  0.622896 0.00155515 0.999074 0.105742 1.90405 0.00997761
1  0.592251  0.796236 -0.123478  0.194623 -0.290072 -0.937006 -0.781895  0.530911 -0.326761  0.943952 -0.605289  0.624143 0.0015543 0.999074 0.150459 1.87057 0.0114515
1  0.592078  0.796399 -0.123255   0.19397  -0.28928 -0.937386 -0.782189  0.531098 -0.325754  0.944456 -0.605711  0.622985 0.00155485 0.999074 0.0605672 2.15369 0.0100921
1  0.592078  0.796399 -0.123255   0.19397  -0.28928 -0.937386 -0.782189  0.531098 -0.325754  0.944456 -0.605711  0.622985 0.00155485 0.999074 0.0573735 1.97628 0.0100921
1  0.593465   0.79522 -0.124193  0.192331 -0.289951 -0.937517 -0.781542  0.532498 -0.325021  0.944037 -0.607301  0.622056 0.00155957 0.999074 0.130581 2.23536 0.00900936
1  0.591676  0.796763 -0.122836  0.195254 -0.289461 -0.937064 -0.782173  0.530454 -0.326838  0.944112 -0.604906  0.624269 0.00155402 0.999074 0.0762708 1.78524 0.0118916
1  0.592486  0.796128 -0.123049  0.194367 -0.289508 -0.937233 -0.781781  0.531381 -0.326271  0.943861  -0.60594   0.62362 0.00155739 0.999074 0.132358 1.805 0.0110272
1  0.591377  0.796941 -0.123123  0.194137 -0.288895  -0.93747 -0.782678  0.530495 -0.325561  0.945063 -0.605007  0.622757 0.00155586 0.999074 0.0825603 1.93746 0.00988367
1  0.592087  0.796436 -0.122972  0.195143 -0.289748 -0.936998  -0.78189  0.530787 -0.326975    0.9438 -0.605216  0.624428 0.00155353 0.999074 0.0895105 1.55774 0.0120315
1  0.592043  0.796439 -0.123163  0.194856 -0.289757 -0.937055 -0.781995  0.530778  -0.32674  0.944021 -0.605193  0.624134 0.0015542 0.999074 0.0395856 1.86192 0.0115653
1  0.592089  0.796382 -0.123318  0.193804 -0.289247 -0.937431 -0.782222  0.531143 -0.325601   0.94453  -0.60578  0.622802 0.00155493 0.999074 0.0789726 1.92848 0.00984124
1  0.592089  0.796382 -0.123318  0.193804 -0.289247 -0.937431 -0.782222  0.531143 -0.325601   0.94453  -0.60578  0.622802 0.00155493 0.999074 0.0562352 1.79491 0.00984129
1  0.591146  0.797245 -0.122262  0.195787 -0.288888 -0.937129 -0.782441  0.530042 -0.326865  0.944317 -0.604528  0.624334 0.00155483 0.999074 0.0971332 2.00828 0.012293
1  0.591255  0.797148 -0.122361  0.195701 -0.288999 -0.937113  -0.78238  0.530127 -0.326875  0.944269 -0.604599  0.624339 0.00155461 0.999074 0.15359 2.1335 0.0122356
1  0.592554  0.795993 -0.123591  0.194391 -0.290196 -0.937016 -0.781724  0.531207  -0.32669  0.943797 -0.605624  0.624053 0.00155453 0.999074 0.13861 2.05512 0.0113304
1  0.592486  0.796128 -0.123049  0.194367 -0.289508 -0.937233 -0.781781  0.531381 -0.326271  0.943861 -0.605939   0.62362 0.00155739 0.999074 0.0708188 2.01106 0.0110272
1  0.591931  0.796509 -0.123253  0.193956 -0.289197 -0.937414 -0.782304  0.530979 -0.325673  0.944606 -0.605587  0.622887 0.0015551 0.999074 0.0623364 2.12725 0.00996164
1   0.59251  0.796119 -0.122988  0.194595 -0.289603 -0.937157 -0.781706  0.531342 -0.326513  0.943719  -0.60587   0.62391 0.00155732 0.999074 0.0517681 1.89653 0.0114165
1  0.591986   0.79645 -0.123367  0.193761 -0.289226 -0.937446  -0.78231  0.531052 -0.325538  0.944657 -0.605673  0.622723 0.00155508 0.999074 0.090616 2.55271 0.00970759
1  0.591978  0.796494 -0.123119  0.195015 -0.289781 -0.937014 -0.782004  0.530682 -0.326873  0.943966 -0.605089    0.6243 0.00155354 0.999074 0.0876208 2.01793 0.0117972
1  0.592505  0.796114 -0.123045  0.194411 -0.289543 -0.937214 -0.781756  0.531382 -0.326329  0.943819 -0.605933   0.62369 0.00155743 0.999074 0.0512855 1.77442 0.0111177
1  0.592486  0.796128 -0.123049  0.194367 -0.289508 -0.937233 -0.781781  0.531381 -0.326271  0.943861  -0.60594   0.62362 0.00155739 0.999074 0.158652 1.83701 0.0110272
1  0.591133  0.797281 -0.122087  0.195907 -0.288757 -0.937145 -0.782421  0.530059 -0.326886  0.944262 -0.604583  0.624365 0.00155493 0.999074 0.0395639 1.70693 0.0124206
1  0.593464  0.795217 -0.124222  0.192281  -0.28995 -0.937527 -0.781556  0.532503  -0.32498  0.944064 -0.607309  0.622003 0.0015596 0.999074 0.201643 2.11091 0.00893496
1   0.59251  0.796119 -0.122988  0.194595 -0.289603 -0.937157 -0.781706  0.531342 -0.326514  0.943719  -0.60587  0.623911 0.00155733 0.999074 0.0896552 1.95818 0.0114166
1   0.59192   0.79654 -0.123106  0.194999 -0.289726 -0.937035 -0.782053  0.530644 -0.326819  0.944034 -0.605048  0.624238 0.00155346 0.999074 0.134897 2.01035 0.0117209
1   0.59078  0.797623 -0.121558  0.196029 -0.288045 -0.937338 -0.782657  0.529932 -0.326529   0.94451 -0.604593  0.623984 0.00155585 0.999074 0.0543458 1.78326 0.0122939
1  0.591916  0.796539 -0.123133  0.194984 -0.289745 -0.937032 -0.782059  0.530636 -0.326817  0.944046 -0.605039  0.624233 0.00155358 0.999074 0.0315457 1.77474 0.0117023
1  0.591834  0.796541 -0.123512   0.19374 -0.289308 -0.937425  -0.78243  0.530871 -0.325544  0.944874 -0.605391  0.622709 0.00155686 0.999074 0.118501 2.4944 0.00959713
1  0.592371  0.796148 -0.123468  0.194618 -0.290116 -0.936993 -0.781806  0.531019 -0.326801  0.943844 -0.605406  0.624191 0.00155447 0.999074 0.0479881 2.62421 0.0115305
1  0.592445  0.796141  -0.12316  0.194249 -0.289538 -0.937249 -0.781842  0.531344 -0.326185  0.943961 -0.605888  0.623515 0.00155722 0.999074 0.0287365 2.19137 0.010832
1  0.592554  0.795993 -0.123591  0.194391 -0.290196 -0.937016 -0.781724  0.531207  -0.32669  0.943797 -0.605624  0.624053 0.00155452 0.999074 0.129521 3.74435 0.0113305
1  0.592043  0.796428 -0.123241  0.193984 -0.289255 -0.937391 -0.782212  0.531069 -0.325746  0.944479 -0.605685  0.622975 0.00155485 0.999074 0.0553934 2.67231 0.0100855
1  0.592089  0.796382 -0.123318  0.193804 -0.289247 -0.937431 -0.782222  0.531143 -0.325601   0.94453  -0.60578  0.622802 0.00155493 0.999074 0.14655 4.76242 0.00984127
1  0.592089  0.796382 -0.123318  0.193804 -0.289247 -0.937431 -0.782222  0.531143 -0.325601   0.94453  -0.60578  0.622802 0.00155493 0.999074 0.0917649 2.10067 0.00984124
