1  0.591885  0.796594 -0.122919  0.195227 -0.289644 -0.937013 -0.782022  0.530607 -0.326953  0.943964 -0.604999  0.624396 0.00155389 0.999074 0.162735 0.13839 0.0120076
1  0.592251  0.796236 -0.123478  0.194623 -0.290072 -0.937006 -0.781895  0.530911 -0.326761  0.943952 -0.605289  0.624143 0.0015543 0.999074 0.090624 0.147601 0.0114515
1   0.59251  0.796119 -0.122988  0.194595 -0.289603 -0.937157 -0.781706  0.531342 -0.326514  0.943719  -0.60587  0.623911 0.00155733 0.999074 0.0576215 0.158098 0.0114166
1  0.592486  0.796128 -0.123049  0.194367 -0.289508 -0.937233 -0.781781  0.531381 -0.326271  0.943861 -0.605939   0.62362 0.00155739 0.999074 0.0263474 0.132359 0.0110271
1   0.59251  0.796119 -0.122988  0.194595 -0.289603 -0.937157 -0.781706  0.531342 -0.326513  0.943719  -0.60587   0.62391 0.00155732 0.999074 0.0812376 0.212307 0.0114164
1  0.591305  0.797072 -0.122617  0.195303 -0.289055 -0.937179 -0.782442  0.530211  -0.32659   0.94444  -0.60473  0.623968 0.00155493 0.999074 0.105988 0.101811 0.0116536
1  0.591082  0.797317   -0.1221  0.195735 -0.288631 -0.937219 -0.782502  0.530074 -0.326667  0.944408 -0.604653  0.624093 0.00155499 0.999074 0.0412233 0.13224 0.0120932
1   0.59251  0.796119 -0.122988  0.194595 -0.289603 -0.937157 -0.781706  0.531342 -0.326513  0.943719  -0.60587   0.62391 0.00155733 0.999074 0.0640849 0.173519 0.0114164
1  0.592554  0.795993 -0.123591  0.194391 -0.290196 -0.937016 -0.781724  0.531207  -0.32669  0.943797 -0.605624  0.624053 0.00155452 0.999074 0.10358 0.0812387 0.0113306
1  0.592188  0.796289 -0.123437  0.194663 -0.290019 -0.937014 -0.781933   0.53086 -0.326754  0.943986 -0.605236  0.624138 0.00155413 0.999074 0.0475181 0.0879343 0.0114574
1  0.592089  0.796382 -0.123318  0.193804 -0.289247 -0.937431 -0.782222  0.531143 -0.325601   0.94453  -0.60578  0.622802 0.00155493 0.999074 0.0337195 0.170624 0.0098414
1   0.59251  0.796119 -0.122988  0.194595 -0.289603 -0.937157 -0.781706  0.531342 -0.326513  0.943719  -0.60587  0.623911 0.00155733 0.999074 0.0881294 0.146483 0.0114165
1  0.594135    0.7947  -0.12432  0.192389 -0.290469 -0.937344 -0.781019  0.532991 -0.325469  0.943394 -0.607725  0.622595 0.0015648 0.999074 0.122832 0.0952174 0.00996789
1  0.592867   0.79571 -0.123913  0.192845 -0.289677 -0.937495  -0.78187  0.531914 -0.325189  0.944306 -0.606632  0.622267 0.00155625 0.999074 0.146835 0.16698 0.00909718
1  0.591377  0.796941 -0.123123  0.194137 -0.288895  -0.93747 -0.782678  0.530495 -0.325561  0.945063 -0.605007  0.622757 0.00155586 0.999074 0.122624 0.289407 0.00988365
1   0.59344  0.795221 -0.124313  0.192185 -0.289981 -0.937537 -0.781597   0.53248 -0.324916  0.944138 -0.607295  0.621917 0.00155977 0.999074 0.0834761 0.136327 0.00878019
1  0.591986   0.79645 -0.123367  0.193761 -0.289226 -0.937446  -0.78231  0.531052 -0.325538  0.944657 -0.605673  0.622723 0.00155508 0.999074 0.174068 0.119071 0.00970749
1  0.592089  0.796382 -0.123318  0.193804 -0.289247 -0.937431 -0.782222  0.531143 -0.325601   0.94453  -0.60578  0.622802 0.00155493 0.999074 0.105596 0.17929 0.00984136
1  0.592251  0.796236 -0.123478  0.194623 -0.290072 -0.937006 -0.781895  0.530911 -0.326761  0.943952 -0.605289  0.624143 0.00155431 0.999074 0.0447215 0.149888 0.0114514
1   0.59251  0.796119 -0.122988  0.194595 -0.289603 -0.937157 -0.781706  0.531342 -0.326513  0.943719  -0.60587  0.623911 0.00155732 0.999074 0.0879169 0.195914 0.0114165
1  0.592089  0.796382 -0.123318  0.193804 -0.289247 -0.937431 -0.782222  0.531143 -0.325601   0.94453  -0.60578  0.622802 0.00155493 0.999074 0.0582477 0.19416 0.00984146
1  0.592089  0.796382 -0.123318  0.193804 -0.289247 -0.937431 -0.782222  0.531143 -0.325601   0.94453  -0.60578  0.622802 0.00155493 0.999074 0.0266641 0.0613919 0.00984123
1  0.592867   0.79571 -0.123913  0.192845 -0.289677 -0.937495  -0.78187  0.531914 -0.325189  0.944307 -0.606632  0.622267 0.00155625 0.999074 0.131781 0.145763 0.00909707
1  0.593464  0.795217 -0.124222  0.192281  -0.28995 -0.937527 -0.781556  0.532503  -0.32498  0.944064 -0.607309  0.622003 0.00155961 0.999074 0.0524497 0.12287 0.00893508
1  0.590771  0.797629  -0.12156  0.196034 -0.288046 -0.937337 -0.782662  0.529922 -0.326532  0.944516 -0.604578  0.623987 0.00155582 0.999074 0.117507 0.115818 0.012299
1  0.593464  0.795217 -0.124222   0.19228  -0.28995 -0.937527 -0.781556  0.532503  -0.32498  0.944064 -0.607309  0.622003 0.00155961 0.999074 0.0910302 0.171009 0.00893487
1  0.591065  0.797339 -0.122035  0.195962   -0.2887 -0.937151 -0.782458  0.530003 -0.326888   0.94429 -0.604524  0.624373 0.00155511 0.999074 0.0909227 0.102562 0.0124666
1  0.591305  0.797072 -0.122617  0.195303 -0.289055 -0.937179 -0.782442  0.530211  -0.32659   0.94444  -0.60473  0.623967 0.00155494 0.999074 0.045772 0.101858 0.0116534
1  0.591143  0.797228 -0.122387  0.195496 -0.288835 -0.937206 -0.782516  0.530097 -0.326597  0.944481 -0.604635  0.623993 0.00155489 0.999074 0.136204 0.124486 0.0118188
1  0.592089  0.796382 -0.123318  0.193804 -0.289247 -0.937431 -0.782222  0.531143 -0.325601   0.94453  -0.60578  0.622802 0.00155493 0.999074 0.111691 0.164695 0.00984135
1  0.593465   0.79522 -0.124193  0.192331 -0.289951 -0.937517 -0.781542  0.532498 -0.325021  0.944036 -0.607301  0.622056 0.00155957 0.999074 0.0937271 0.199502 0.00900941
1  0.594202  0.794648 -0.124331  0.192323  -0.29047 -0.937358 -0.780984  0.533068 -0.325427  0.943362 -0.607823  0.622545 0.00156507 0.999074 0.065598 0.0978439 0.00996361
1   0.59251  0.796119 -0.122988  0.194595 -0.289603 -0.937157 -0.781706  0.531342 -0.326514  0.943718  -0.60587  0.623911 0.00155732 0.999074 0.17375 0.23294 0.0114168
1  0.592486  0.796128 -0.123049  0.194367 -0.289508 -0.937233 -0.781781  0.531381 -0.326271  0.943861 -0.605939   0.62362 0.00155739 0.999074 0.0396373 0.151802 0.0110272
1  0.590771  0.797629  -0.12156  0.196034 -0.288046 -0.937337 -0.782662  0.529922 -0.326532  0.944516 -0.604578  0.623987 0.00155582 0.999074 0.11571 0.117412 0.0122991
1  0.592089  0.796382 -0.123318  0.193804 -0.289247 -0.937431 -0.782222  0.531143 -0.325601   0.94453  -0.60578  0.622802 0.00155493 0.999074 0.112776 0.199008 0.00984134
1  0.591954  0.796478 -0.123339  0.193772 -0.289184 -0.937457 -0.782331  0.531032 -0.325519  0.944678 -0.605658  0.622703 0.0015551 0.999074 0.0747507 0.14764 0.00969671
1   0.59251  0.796119 -0.122988  0.194595 -0.289603 -0.937157 -0.781706  0.531342 -0.326514  0.943719  -0.60587  0.623911 0.00155733 0.999074 0.121491 0.199981 0.0114166
1  0.590791  0.797617 -0.121541   0.19612 -0.288092 -0.937305 -0.782625  0.529915 -0.326631   0.94445 -0.604556  0.624109 0.00155595 0.999074 0.0953367 0.129711 0.0124473
1  0.591954  0.796478 -0.123339  0.193772 -0.289184 -0.937457 -0.782331  0.531032 -0.325519  0.944678 -0.605658  0.622703 0.0015551 0.999074 0.0670587 0.103307 0.00969666
1  0.591834  0.796541 -0.123512   0.19374 -0.289308 -0.937425  -0.78243  0.530871 -0.325544  0.944874 -0.605391  0.622709 0.00155687 0.999074 0.15409 0.130186 0.00959721
1  0.592096  0.796391 -0.123222  0.194032 -0.289292  -0.93737  -0.78216  0.531104 -0.325814  0.944402 -0.605711  0.623055 0.00155456 0.999074 0.037047 0.0889016 0.0101988
1  0.592486  0.796128 -0.123049  0.194367 -0.289508 -0.937233 -0.781781  0.531381 -0.326271  0.943861 -0.605939   0.62362 0.00155739 0.999074 0.0955203 0.133938 0.0110272
1   0.59078  0.797623 -0.121558  0.196029 -0.288045 -0.937338 -0.782657  0.529932 -0.326529  0.944509 -0.604593  0.623984 0.00155585 0.999074 0.122193 0.129036 0.012294
1  0.591082  0.797317   -0.1221  0.195735 -0.288631 -0.937219 -0.782502  0.530074 -0.326667  0.944408 -0.604653  0.624093 0.00155499 0.999074 0.0751715 0.144293 0.0120931
1  0.592043  0.796428 -0.123241  0.193984 -0.289255 -0.937391 -0.782212  0.531069 -0.325746  0.944479 -0.605685  0.622975 0.00155485 0.999074 0.0949454 0.192514 0.0100854
1  0.590817  0.797588 -0.121606  0.196107 -0.288172 -0.937283 -0.782609  0.529915  -0.32667  0.944431 -0.604536  0.624156 0.00155612 0.999074 0.0360041 0.115828 0.0124616
1  0.592484  0.796049 -0.123571  0.194485 -0.290202 -0.936994 -0.781753  0.531121  -0.32676  0.943817 -0.605516  0.624135 0.00155462 0.999074 0.148729 0.144501 0.0114302
1  0.592089  0.796382 -0.123318  0.193804 -0.289247 -0.937431 -0.782222  0.531143 -0.325601   0.94453  -0.60578  0.622802 0.00155493 0.999074 0.0707535 0.150191 0.00984143
1  0.592089  0.796382 -0.123318  0.193804 -0.289247 -0.937431 -0.782222  0.531143 -0.325601   0.94453  -0.60578  0.622802 0.00155493 0.999074 0.0635646 0.102329 0.0098413
1   0.59251  0.796119 -0.122988  0.194595 -0.289603 -0.937157 -0.781706  0.531342 -0.326513  0.943719  -0.60587  0.623911 0.00155733 0.999074 0.119028 0.169342 0.0114165
1   0.59251  0.796119 -0.122988  0.194595 -0.289603 -0.937157 -0.781706  0.531342 -0.326514  0.943719  -0.60587  0.623911 0.00155732 0.999074 0.119627 0.220541 0.0114167
1   0.59251  0.796119 -0.122988  0.194595 -0.289603 -0.937157 -0.781706  0.531342 -0.326514  0.943719  -0.60587  0.623911 0.00155732 0.999074 0.127135 0.210312 0.0114167
1   0.59251  0.796119 -0.122988  0.194595 -0.289603 -0.937157 -0.781706  0.531342 -0.326514  0.943719  -0.60587  0.623911 0.00155733 0.999074 0.125147 0.222625 0.0114166
1  0.592554  0.795993 -0.123591  0.194391 -0.290196 -0.937016 -0.781724  0.531207  -0.32669  0.943797 -0.605624  0.624053 0.00155452 0.999074 0.0935976 0.1291 0.0113305
1   0.59251  0.796119 -0.122988  0.194595 -0.289603 -0.937157 -0.781706  0.531342 -0.326513  0.943719  -0.60587  0.623911 0.00155733 0.999074 0.0487516 0.182276 0.0114165
1   0.59232  0.796195 -0.123415  0.194612 -0.290023 -0.937023 -0.781846     0.531 -0.326735  0.943879 -0.605398  0.624121 0.00155412 0.999074 0.0282309 0.053934 0.0114608
1  0.592362   0.79623 -0.122985  0.194326 -0.289344 -0.937293 -0.781885  0.531318 -0.326124  0.944007 -0.605905  0.623443 0.0015567 0.999074 0.131275 0.111142 0.0108248
1  0.590771  0.797629  -0.12156  0.196034 -0.288046 -0.937337 -0.782662  0.529922 -0.326532  0.944516 -0.604578  0.623987 0.00155582 0.999074 0.0915316 0.123241 0.012299
1  0.592089  0.796382 -0.123318  0.193804 -0.289247 -0.937431 -0.782222  0.531143 -0.325601   0.94453  -0.60578  0.622802 0.00155493 0.999074 0.117401 0.221337 0.00984147
1   0.59251  0.796119 -0.122988  0.194595 -0.289603 -0.937157 -0.781706  0.531342 -0.326514  0.943719  -0.60587  0.623911 0.00155732 0.999074 0.0635971 0.186034 0.0114166
1  0.592089  0.796382 -0.123318  0.193804 -0.289247 -0.937431 -0.782222  0.531143 -0.325601   0.94453  -0.60578  0.622802 0.00155493 0.999074 0.0605677 0.137291 0.00984121
1  0.592484  0.796048 -0.123571  0.194485 -0.290202 -0.936994 -0.781753  0.531121  -0.32676  0.943817 -0.605516  0.624135 0.00155462 0.999074 0.0374151 0.110044 0.01143
1   0.59251  0.796119 -0.122988  0.194595 -0.289603 -0.937157 -0.781706  0.531342 -0.326514  0.943718  -0.60587  0.623911 0.00155733 0.999074 0.0550229 0.187045 0.0114168
1  0.592486  0.796128 -0.123049  0.194367 -0.289508 -0.937233 -0.781781  0.531381 -0.326271  0.943861 -0.605939   0.62362 0.00155739 0.999074 0.0590188 0.153434 0.0110273
1  0.592445  0.796141  -0.12316  0.194249 -0.289538 -0.937249 -0.781842  0.531344 -0.326185  0.943961 -0.605888  0.623515 0.00155722 0.999074 0.153802 0.0682246 0.010832
1  0.592052  0.796452 -0.123036  0.195078 -0.289763 -0.937007 -0.781933  0.530755 -0.326925  0.943871 -0.605169  0.624367 0.00155352 0.999074 0.0406712 0.160178 0.0119213
1  0.591929  0.796551 -0.122988  0.195202 -0.289729 -0.936992 -0.781995  0.530625 -0.326987  0.943935  -0.60499  0.624436 0.00155395 0.999074 0.0979289 0.124686 0.0120271
1  0.590867  0.797548 -0.121627  0.196079 -0.288202  -0.93728 -0.782578   0.52996 -0.326671  0.944401 -0.604586  0.624156 0.00155604 0.999074 0.0471857 0.0768984 0.0124406
1  0.592317  0.796231 -0.123193  0.194894 -0.289953 -0.936987 -0.781778  0.530983 -0.326925  0.943721 -0.605394  0.624354 0.00155386 0.999074 0.0833743 0.137201 0.0118604
1  0.591377  0.796941 -0.123123  0.194137 -0.288895  -0.93747 -0.782678  0.530495 -0.325561  0.945063 -0.605007  0.622757 0.00155586 0.999074 0.156475 0.284528 0.00988382
1   0.59251  0.796119 -0.122988  0.194595 -0.289603 -0.937157 -0.781706  0.531342 -0.326514  0.943719  -0.60587  0.623911 0.00155732 0.999074 0.0867395 0.178892 0.0114166
1  0.592554  0.795993 -0.123591  0.194391 -0.290196 -0.937016 -0.781724  0.531207  -0.32669  0.943797 -0.605624  0.624053 0.00155452 0.999074 0.123514 0.115737 0.0113306
1  0.592089  0.796382 -0.123318  0.193804 -0.289247 -0.937431 -0.782222  0.531143 -0.325601   0.94453  -0.60578  0.622802 0.00155493 0.999074 0.0128642 0.123739 0.00984119
1  0.592371  0.796148 -0.123468  0.194618 -0.290116 -0.936993 -0.781806  0.531019 -0.326801  0.943844 -0.605406  0.624191 0.00155447 0.999074 0.0546695 0.136462 0.0115306
1  0.592089  0.796382 -0.123318  0.193804 -0.289247 -0.937431 -0.782222  0.531143 -0.325601   0.94453  -0.60578  0.622802 0.00155493 0.999074 0.0211325 0.122758 0.00984126
1  0.592188  0.796289 -0.123437  0.194663 -0.290019 -0.937014 -0.781933   0.53086 -0.326754  0.943986 -0.605237  0.624138 0.00155413 0.999074 0.060404 0.150448 0.0114575
1  0.592078  0.796399 -0.123255   0.19397  -0.28928 -0.937386 -0.782189  0.531098 -0.325754  0.944456 -0.605711  0.622985 0.00155485 0.999074 0.0874094 0.172177 0.0100921
1   0.59251  0.796119 -0.122988  0.194595 -0.289603 -0.937157 -0.781706  0.531342 -0.326514  0.943719  -0.60587  0.623911 0.00155732 0.999074 0.0829803 0.178919 0.0114166
1    0.5908  0.797607 -0.121569  0.196102 -0.288116 -0.937301 -0.782624  0.529917 -0.326631  0.944451 -0.604552  0.624109 0.00155598 0.999074 0.0861735 0.14294 0.0124309
1   0.59251  0.796119 -0.122988  0.194595 -0.289603 -0.937157 -0.781706  0.531342 -0.326514  0.943719  -0.60587  0.623911 0.00155733 0.999074 0.129199 0.192676 0.0114167
1   0.59251  0.796119 -0.122988  0.194595 -0.289603 -0.937157 -0.781706  0.531342 -0.326514  0.943719  -0.60587  0.623911 0.00155732 0.999074 0.0829114 0.193133 0.0114165
1  0.592554  0.795993 -0.123591  0.194391 -0.290196 -0.937016 -0.781724  0.531207  -0.32669  0.943797 -0.605624  0.624053 0.00155453 0.999074 0.08241 0.136284 0.0113305
1  0.592089  0.796382 -0.123317  0.193804 -0.289247 -0.937431 -0.782222  0.531143 -0.325601   0.94453  -0.60578  0.622802 0.00155493 0.999074 0.0629951 0.16622 0.00984158
1  0.593465   0.79522 -0.124193  0.192331 -0.289951 -0.937517 -0.781542  0.532497 -0.325021  0.944037 -0.607301  0.622056 0.00155957 0.999074 0.116595 0.164558 0.0090094
1   0.59251  0.796119 -0.122988  0.194595 -0.289603 -0.937157 -0.781706  0.531342 -0.326514  0.943719  -0.60587  0.623911 0.00155732 0.999074 0.10449 0.220715 0.0114167
1  0.592251  0.796236 -0.123478  0.194623 -0.290072 -0.937006 -0.781895  0.530911 -0.326761  0.943952 -0.605289  0.624143 0.0015543 0.999074 0.150459 0.146648 0.0114515
1  0.592486  0.796128 -0.123049  0.194367 -0.289508 -0.937233 -0.781781  0.531381 -0.326271  0.943861 -0.605939   0.62362 0.00155739 0.999074 0.0590322 0.143711 0.0110273
1   0.59251  0.796119 -0.122988  0.194595 -0.289603 -0.937157 -0.781706  0.531342 -0.326514  0.943719  -0.60587  0.623911 0.00155733 0.999074 0.0558718 0.170871 0.0114166
1  0.593465   0.79522 -0.124193  0.192331 -0.289951 -0.937517 -0.781542  0.532498 -0.325021  0.944037 -0.607301  0.622056 0.00155957 0.999074 0.130582 0.17501 0.00900933
1  0.592251  0.796236 -0.123478  0.194623 -0.290072 -0.937006 -0.781895  0.530911 -0.326761  0.943952 -0.605289  0.624143 0.0015543 0.999074 0.0761012 0.143808 0.0114515
1   0.59251  0.796119 -0.122988  0.194595 -0.289603 -0.937157 -0.781706  0.531342 -0.326513  0.943719  -0.60587  0.623911 0.00155733 0.999074 0.132392 0.202532 0.0114165
1  0.591377  0.796941 -0.123123  0.194137 -0.288895  -0.93747 -0.782678  0.530495 -0.325561  0.945063 -0.605007  0.622757 0.00155586 0.999074 0.0825597 0.270111 0.00988377
1  0.592371  0.796148 -0.123468  0.194618 -0.290116 -0.936993 -0.781806  0.531019 -0.326801  0.943844 -0.605406  0.624191 0.00155447 0.999074 0.0889606 0.143633 0.0115306
1  0.591121  0.797293 -0.122064  0.195779 -0.288637 -0.937208 -0.782462  0.530106 -0.326712  0.944345 -0.604692  0.624147 0.00155494 0.999074 0.0391243 0.112257 0.0121729
1  0.592089  0.796382 -0.123318  0.193804 -0.289247 -0.937431 -0.782222  0.531143 -0.325601   0.94453  -0.60578  0.622802 0.00155493 0.999074 0.0789754 0.143486 0.00984122
1  0.592089  0.796382 -0.123318  0.193804 -0.289247 -0.937431 -0.782222  0.531143 -0.325601   0.94453  -0.60578  0.622802 0.00155493 0.999074 0.0562348 0.109263 0.00984143
1  0.591164  0.797239 -0.122212  0.195661 -0.288753 -0.937197 -0.782459  0.530125 -0.326689  0.944374 -0.604686  0.624108 0.00155486 0.999074 0.0971182 0.184798 0.0120448
1  0.591468  0.796931 -0.122746  0.195359 -0.289325 -0.937084 -0.782304  0.530276 -0.326814  0.944258 -0.604714  0.624243 0.00155427 0.999074 0.153772 0.137098 0.011912
1  0.590771  0.797629  -0.12156  0.196034 -0.288046 -0.937337 -0.782662  0.529922 -0.326531  0.944516 -0.604578  0.623987 0.00155582 0.999074 0.137891 0.130585 0.0122989
1   0.59251  0.796119 -0.122988  0.194595 -0.289603 -0.937157 -0.781706  0.531342 -0.326514  0.943718  -0.60587  0.623911 0.00155733 0.999074 0.0708591 0.185439 0.0114167
1   0.59251  0.796119 -0.122988  0.194595 -0.289603 -0.937157 -0.781706  0.531342 -0.326514  0.943719  -0.60587  0.623911 0.00155733 0.999074 0.060995 0.119112 0.0114166
1  0.592486  0.796128 -0.123049  0.194367 -0.289508 -0.937233 -0.781781  0.531381 -0.326271  0.943861 -0.605939   0.62362 0.00155739 0.999074 0.0517244 0.170959 0.0110272
1  0.592486  0.796128 -0.123049  0.194367 -0.289508 -0.937233 -0.781781  0.531381 -0.326271  0.943861 -0.605939   0.62362 0.00155739 0.999074 0.0892687 0.193268 0.0110273
1  0.591269  0.797156 -0.122245  0.195828 -0.288955   -0.9371 -0.782338  0.530139 -0.326955  0.944183 -0.604651  0.624427 0.00155481 0.999074 0.0868723 0.108564 0.0124068
1  0.592078    0.7964 -0.123255   0.19397  -0.28928 -0.937386 -0.782189  0.531098 -0.325754  0.944455 -0.605711  0.622985 0.00155485 0.999074 0.0528553 0.176478 0.0100922
1  0.592486  0.796128 -0.123049  0.194367 -0.289508 -0.937233 -0.781781  0.531381 -0.326271  0.943861 -0.605939   0.62362 0.00155739 0.999074 0.158649 0.21211 0.0110271
1  0.590771  0.797629  -0.12156  0.196034 -0.288046 -0.937337 -0.782662  0.529922 -0.326532  0.944516 -0.604578  0.623987 0.00155582 0.999074 0.0390167 0.109734 0.012299
1  0.592957  0.795621 -0.124054  0.192625 -0.289738 -0.937522 -0.781855  0.532015 -0.325058  0.944349 -0.606745  0.622107 0.00155678 0.999074 0.203091 0.172087 0.00886966
1   0.59251  0.796119 -0.122988  0.194595 -0.289603 -0.937157 -0.781706  0.531342 -0.326513  0.943719  -0.60587  0.623911 0.00155732 0.999074 0.0896577 0.220235 0.0114165
1  0.592251  0.796236 -0.123478  0.194623 -0.290072 -0.937006 -0.781895  0.530911 -0.326761  0.943952 -0.605289  0.624143 0.0015543 0.999074 0.134429 0.123542 0.0114515
1  0.591202  0.797201 -0.122275  0.195699 -0.288871 -0.937153 -0.782421  0.530117 -0.326792  0.944318 -0.604644  0.624231 0.00155479 0.999074 0.0549882 0.138742 0.0121583
1  0.591255  0.797148 -0.122361  0.195701 -0.288999 -0.937113  -0.78238  0.530127 -0.326875  0.944269 -0.604599  0.624339 0.00155461 0.999074 0.0309073 0.126934 0.0122358
1  0.591377  0.796941 -0.123123  0.194137 -0.288895  -0.93747 -0.782678  0.530495 -0.325561  0.945063 -0.605007  0.622757 0.00155586 0.999074 0.119067 0.277595 0.0098837
1  0.592484  0.796049 -0.123571  0.194485 -0.290202 -0.936994 -0.781753  0.531121  -0.32676  0.943817 -0.605516  0.624135 0.00155462 0.999074 0.0478935 0.131417 0.0114301
1  0.591986   0.79645 -0.123367  0.193761 -0.289226 -0.937446  -0.78231  0.531052 -0.325538  0.944657 -0.605673  0.622723 0.00155508 0.999074 0.0300707 0.0891361 0.00970753
1  0.592251  0.796236 -0.123478  0.194623 -0.290072 -0.937006 -0.781895  0.530911 -0.326761  0.943952 -0.605289  0.624143 0.0015543 0.999074 0.129644 0.170602 0.0114514
1  0.591931  0.796509 -0.123253  0.193956 -0.289197 -0.937414 -0.782304  0.530979 -0.325673  0.944605 -0.605587  0.622887 0.0015551 0.999074 0.0552413 0.144168 0.00996175
1  0.592486  0.796128 -0.123049  0.194367 -0.289508 -0.937233 -0.781781  0.531381 -0.326271  0.943861 -0.605939   0.62362 0.00155739 0.999074 0.145202 0.247842 0.0110273
1   0.59251  0.796119 -0.122988  0.194595 -0.289603 -0.937157 -0.781706  0.531342 -0.326514  0.943719  -0.60587  0.623911 0.00155732 0.999074 0.0903655 0.210194 0.0114165
