1  0.592786  0.795777 -0.123866  0.194194 -0.290501 -0.936962 -0.781596  0.531364  -0.32674  0.943688 -0.605733  0.624111 0.00155571 0.999074 0.161756 2.41107 0.0113246
1  0.590441  0.797439 -0.124378   0.19197 -0.288449 -0.938054 -0.783918  0.529988 -0.323397  0.946942 -0.604625  0.620208 0.00156287 0.999074 0.0856146 2.04913 0.00658503
1  0.592299  0.795652 -0.126964   0.19058 -0.291456 -0.937408 -0.782855  0.531029 -0.324264  0.945797  -0.60518  0.621012 0.00158599 0.999074 0.0402782 1.5474 0.00619698
1  0.594127  0.794664 -0.124591   0.19211 -0.290594 -0.937363 -0.781093  0.532977 -0.325313  0.943616 -0.607696  0.622371 0.00156781 0.999074 0.0198299 1.58751 0.00956794
1  0.594122  0.795121 -0.121661  0.196383 -0.290054 -0.936644 -0.780034  0.532588 -0.328476  0.940852 -0.607322  0.626655 0.00160461 0.998148 0.0533405 2.10033 0.0159674
1  0.592171  0.796437 -0.122563  0.195996 -0.289888 -0.936777 -0.781613   0.53071 -0.327762  0.943272 -0.605098  0.625365 0.00155434 0.999074 0.106331 2.11371 0.0134217
1   0.59197  0.796435  -0.12354  0.193587 -0.289303 -0.937458 -0.782365  0.531032 -0.325438  0.944771 -0.605606  0.622611 0.00155589 0.999074 0.0406707 1.67263 0.00946878
1  0.593065  0.795598 -0.123686  0.192981 -0.289599 -0.937492 -0.781686  0.532124 -0.325287  0.944078 -0.606966  0.622391 0.0015591 0.999074 0.0630196 1.93346 0.00945949
1  0.591182  0.797174 -0.122543  0.195334 -0.288929 -0.937211 -0.782527  0.530126 -0.326525  0.944526 -0.604642  0.623907 0.00155472 0.999074 0.103467 1.88133 0.0116272
1  0.592206  0.796287 -0.123365  0.194813 -0.290046 -0.936975 -0.781882  0.530849 -0.326894   0.94398  -0.60519  0.624314 0.00155918 0.999074 0.0444176 1.48445 0.0116882
1  0.593147  0.795411 -0.124493  0.191704 -0.289721 -0.937716 -0.781938  0.532337 -0.324331  0.944709 -0.607154  0.621189 0.00156133 0.999074 0.0297475 2.17266 0.00770241
1  0.591622  0.796705 -0.123472  0.193061 -0.288696 -0.937754 -0.782759  0.530958 -0.324611  0.945382 -0.605685  0.621634 0.00155741 0.999074 0.0880826 1.71112 0.00835346
1  0.593362  0.795414 -0.123444  0.193299 -0.289676 -0.937402 -0.781382  0.532357 -0.325635  0.943663 -0.607157  0.622821 0.00156026 0.999074 0.125377 1.68792 0.0102069
1  0.592337  0.796318 -0.122533  0.195759 -0.289773 -0.936862 -0.781547  0.530951  -0.32753  0.943276 -0.605408  0.625058 0.00155493 0.999074 0.147558 2.08209 0.0130753
1  0.591844   0.79639 -0.124437  0.191913 -0.289162 -0.937846 -0.782873  0.531177 -0.323976   0.94574 -0.605843  0.620939 0.00156488 0.999074 0.117539 2.28643 0.0069525
1  0.593389  0.795258 -0.124312  0.192074 -0.289878 -0.937592 -0.781663   0.53248 -0.324759  0.944236 -0.607301  0.621754 0.00156014 0.999074 0.0832567 2.03799 0.0085622
1  0.591638    0.7961 -0.127234  0.189367  -0.29063 -0.937909 -0.783648  0.530809 -0.322703  0.947211 -0.605091  0.619246 0.00156971 0.999074 0.166296 2.21241 0.00375487
1  0.592629  0.796108 -0.122484  0.195374 -0.289598 -0.936996 -0.781421  0.531362 -0.327163  0.943163 -0.605847   0.62472 0.00155968 0.999074 0.102862 1.84164 0.0126894
1   0.59333  0.794859 -0.127119  0.188897 -0.290997  -0.93789 -0.782482  0.532466 -0.322804   0.94594 -0.607059  0.619335 0.00156979 0.999074 0.0352068 1.96621 0.00454438
1  0.594368  0.794591 -0.123907  0.192893 -0.290441 -0.937249 -0.780717   0.53317   -0.3259   0.94291 -0.607924  0.623168 0.00156876 0.999074 0.0812205 1.97094 0.0109618
1  0.592383  0.796186 -0.123169  0.194311  -0.28956 -0.937229 -0.781873  0.531265 -0.326238  0.943977 -0.605786  0.623571 0.00155658 0.999074 0.0572519 1.74193 0.01089
1  0.592483  0.795897 -0.124549  0.192292 -0.289863 -0.937552 -0.782297  0.531533 -0.324784  0.944981 -0.606171  0.621779 0.00155817 0.999074 0.0246351 1.58755 0.0080319
1  0.592793  0.795619 -0.124849  0.190827 -0.289372 -0.938003  -0.78242  0.532217 -0.323363   0.94549 -0.607172   0.62004 0.00156527 0.999074 0.126744 2.0731 0.00611336
1  0.593206  0.795303 -0.124901  0.191595 -0.290157 -0.937604  -0.78192  0.532262 -0.324498  0.944684 -0.606973  0.621427 0.00156066 0.999074 0.0518081 1.8999 0.00774406
1  0.590932  0.796782 -0.126241  0.186881 -0.287436 -0.939391 -0.784777  0.531525 -0.318759  0.949315 -0.606666   0.61455 0.00158855 0.999074 0.0989416 1.73845 0.00443495
1  0.594155  0.794496 -0.125521  0.191813 -0.291503 -0.937141 -0.781145  0.532731 -0.325593  0.943672 -0.607145  0.622649 0.00156718 0.999074 0.0866156 1.8344 0.00949401
1  0.592613  0.795978 -0.123405  0.194591 -0.290142 -0.936991 -0.781629  0.531259 -0.326832  0.943656 -0.605688  0.624219 0.00155522 0.999074 0.0908558 2.1532 0.0116357
1  0.590674  0.797361 -0.123771  0.192451 -0.288174  -0.93804 -0.783624  0.530255  -0.32367  0.946451 -0.604989  0.620509 0.0015603 0.999074 0.0424828 2.3366 0.00715157
1  0.594169  0.794625 -0.124634  0.191606 -0.290322  -0.93755 -0.781185  0.533182 -0.324756  0.943717 -0.607973  0.621753 0.00156614 0.999074 0.129957 2.30453 0.00895538
1  0.591246  0.796863 -0.124245  0.193324   -0.2896 -0.937421 -0.782978  0.530227 -0.325277  0.945354  -0.60444  0.622642 0.00158608 0.999074 0.0938958 1.3383 0.0091417
1  0.594601  0.793776 -0.127945  0.189407 -0.292941 -0.937182 -0.781393  0.533015  -0.32453   0.94462 -0.607047  0.621249 0.00159608 0.999074 0.0725118 2.13071 0.00754742
1  0.594228  0.794572 -0.124692  0.191431   -0.2903 -0.937593 -0.781183  0.533274  -0.32461    0.9438 -0.608092  0.621693 0.00157734 0.999074 0.0582725 2.06237 0.00885603
1  0.592291  0.796145 -0.123875  0.193139  -0.28955 -0.937474 -0.782233  0.531332 -0.325264  0.944681  -0.60587  0.622455 0.00156165 0.999074 0.171457 1.86962 0.00911465
1  0.592254  0.796242 -0.123424  0.195324 -0.290486 -0.936732 -0.781718  0.530676 -0.327567  0.943536 -0.604848  0.625124 0.00155668 0.999074 0.0400756 2.31554 0.0127426
1  0.589617  0.797554 -0.127514  0.186457  -0.28802 -0.939297 -0.785866  0.530049 -0.318531  0.950678 -0.604781  0.614319 0.00158842 0.999074 0.0971838 2.36526 0.00553686
1  0.591998  0.795993  -0.12623  0.192043 -0.291436 -0.937115 -0.782725  0.530529 -0.325394  0.945523 -0.604199  0.622392 0.00159175 0.999074 0.0917649 2.27391 0.00824708
1  0.591542  0.797359  -0.11957   0.19601 -0.286068 -0.937947 -0.782086  0.531398 -0.325512  0.943816 -0.606816  0.622909 0.00156656 0.999074 0.0679308 1.83066 0.0124618
1  0.593014  0.795603 -0.123895  0.192827 -0.289716 -0.937487 -0.781762  0.532053 -0.325219  0.944203 -0.606772  0.622347 0.0015589 0.999074 0.120605 1.65103 0.00923099
1   0.59075  0.797597 -0.121875  0.195484 -0.288033 -0.937456 -0.782816  0.529977 -0.326073   0.94484 -0.604653  0.623435 0.00155574 0.999074 0.0954569 1.98189 0.0114783
1  0.591817  0.796623 -0.123063  0.194588 -0.289347 -0.937237 -0.782233  0.530726 -0.326254  0.944389 -0.605222  0.623585 0.00155561 0.999074 0.0667556 2.20442 0.0109036
1  0.592444  0.795796 -0.125377  0.192455  -0.29093 -0.937188 -0.782286  0.531102 -0.325515  0.944862 -0.605329  0.622607 0.00155799 0.999074 0.153477 2.44953 0.00872664
1  0.592772  0.795099 -0.128212  0.187454 -0.291035 -0.938168 -0.783251  0.532086 -0.321562  0.947288 -0.606449  0.617837 0.00158033 0.999074 0.0210828 1.74336 0.0022912
1  0.591794  0.796535 -0.123746  0.193604  -0.28947 -0.937403 -0.782495  0.530792 -0.325519  0.944926 -0.605282   0.62267 0.00155486 0.999074 0.0969907 2.00269 0.00944362
1  0.590745  0.797596 -0.121907  0.195422 -0.288027  -0.93747 -0.782835  0.529982 -0.326018   0.94491   -0.6046  0.623423 0.00155975 0.999074 0.119993 1.75978 0.0114163
1  0.591252  0.797087 -0.122777  0.195654 -0.289455 -0.936982 -0.782394  0.529971 -0.327093  0.944355 -0.604403  0.624433 0.00156602 0.999074 0.0686144 2.12317 0.0122286
1  0.592607  0.796131 -0.122443  0.194961 -0.289257 -0.937188 -0.781542  0.531512  -0.32663  0.943462 -0.606155  0.624037 0.00155786 0.999074 0.0931952 1.93564 0.0118959
1  0.590411  0.798111 -0.120137  0.197115  -0.28693 -0.937452 -0.782662  0.529801 -0.326726  0.944013 -0.604611  0.624395 0.00157678 0.999074 0.0232013 1.42832 0.0136695
1  0.592454  0.795895 -0.124699  0.193654 -0.290951 -0.936934 -0.781983  0.530941 -0.326503  0.944307 -0.605124  0.623784 0.00155669 0.999074 0.147594 2.12843 0.0105125
1   0.59168  0.796591 -0.123924  0.192323 -0.288755 -0.937887 -0.782896  0.531096 -0.324054  0.945688 -0.605836  0.621003 0.00155985 0.999074 0.0678143 1.75866 0.00735318
1   0.59308  0.796086 -0.120429  0.196694   -0.2883  -0.93712 -0.780748  0.532099  -0.32757  0.941636 -0.607258  0.625375 0.00158755 0.999074 0.0439219 1.4517 0.0149042
1  0.592519  0.795955 -0.124004  0.193564 -0.290103 -0.937216 -0.781955  0.531316  -0.32596  0.944277 -0.605779  0.623187 0.00155514 0.999074 0.120263 1.93703 0.0100316
1    0.5937  0.795131 -0.123641  0.193108 -0.289945 -0.937359 -0.781172  0.532634 -0.325687  0.943499 -0.607367  0.622908 0.0015714 0.999074 0.111669 2.37178 0.0103381
1    0.5922  0.796283 -0.123423  0.193528 -0.289238 -0.937491 -0.782206  0.531296 -0.325389  0.944558 -0.605953  0.622556 0.00155509 0.999074 0.128385 1.94586 0.00950527
1  0.591956  0.796464  -0.12342  0.194285 -0.289629 -0.937213 -0.782203  0.530811 -0.326189  0.944237 -0.605183  0.623563 0.00156124 0.999074 0.12295 2.18417 0.0107136
1   0.59243  0.795972 -0.124321  0.193733 -0.290547 -0.937043 -0.781981  0.531048 -0.326335  0.944303 -0.605354  0.623567 0.00155605 0.999074 0.0927062 1.72014 0.0103826
1  0.592083  0.796302 -0.123859  0.193313 -0.289548 -0.937439 -0.782348  0.531098 -0.325372  0.944773 -0.605669  0.622518 0.00155533 0.999074 0.0499731 1.89505 0.00920869
1  0.591359  0.796999 -0.122829  0.195023 -0.289142  -0.93721 -0.782471  0.530273  -0.32642  0.944533 -0.604765  0.623791 0.00155483 0.999074 0.0277864 1.40827 0.0113079
1  0.591904  0.796511  -0.12337  0.193884 -0.289272 -0.937406 -0.782342  0.530935 -0.325652  0.944684   -0.6055  0.622869 0.00155616 0.999074 0.131574 2.52298 0.009866
1  0.592431   0.79604  -0.12388  0.193512 -0.289878 -0.937296 -0.782035  0.531311 -0.325776  0.944388 -0.605819  0.623002 0.00155651 0.999074 0.091127 1.76857 0.0098291
1  0.592791  0.796034  -0.12218  0.194955 -0.289035 -0.937257 -0.781403  0.531778 -0.326528  0.943385 -0.606485  0.623913 0.00156693 0.999074 0.11059 2.315 0.0119302
1  0.592182  0.795736 -0.126985  0.189631  -0.29078  -0.93781 -0.783174  0.531274 -0.323091  0.946683 -0.605599  0.619744 0.00156927 0.999074 0.0564127 1.87778 0.00437327
1  0.593531  0.795225 -0.123847  0.193532 -0.290393 -0.937132 -0.781196  0.532249 -0.326258  0.943362 -0.606815  0.623564 0.0015617 0.999074 0.0564755 2.03298 0.0109179
1  0.592312  0.796274 -0.122944  0.195092 -0.289791 -0.936996 -0.781733  0.531008 -0.326993  0.943609 -0.605497  0.624442 0.00155399 0.999074 0.0378067 2.03893 0.0120932
1  0.591037  0.797488 -0.121194   0.19479 -0.286903 -0.937946 -0.782772  0.530753 -0.324913  0.944885 -0.605744  0.622183 0.00156425 0.999074 0.050824 1.94942 0.0104822
1  0.592391  0.796222   -0.1229  0.194625 -0.289461 -0.937194 -0.781789  0.531266 -0.326439  0.943806 -0.605862  0.623804 0.00155462 0.999074 0.0606953 1.52112 0.0113254
1  0.591098  0.797161 -0.123033  0.194915  -0.28918 -0.937221 -0.782695  0.530008 -0.326312  0.944901 -0.604357   0.62367 0.0015568 0.999074 0.154031 2.20255 0.0110874
1  0.592789  0.795705 -0.124314  0.192103 -0.289607  -0.93767 -0.782111  0.531959 -0.324533  0.944727 -0.606856  0.621548 0.00156764 0.999074 0.0319535 1.53552 0.00802042
1  0.593119  0.795617 -0.123303   0.19488 -0.290468  -0.93683 -0.781173  0.531622 -0.327332  0.943032  -0.60603  0.624792 0.00155803 0.999074 0.0955576 1.52937 0.0125468
1  0.590935  0.797577 -0.121111  0.196098 -0.287642 -0.937448 -0.782523  0.530221 -0.326381  0.944341 -0.605026  0.623871 0.0015584 0.999074 0.0457429 2.20588 0.01237
1  0.590797  0.797239 -0.123971  0.194589 -0.289914 -0.937062 -0.783003   0.52949 -0.326414  0.945394 -0.603559    0.6237 0.0015586 0.999074 0.0805779 1.80941 0.0108705
1  0.590964  0.796092 -0.130382  0.183232 -0.289866 -0.939363 -0.785613   0.53124  -0.31717  0.951182 -0.605726  0.612638 0.0015968 0.998148 0.134281 2.01647 0.00706817
1  0.592706  0.795567 -0.125589   0.19086 -0.290224 -0.937733 -0.782478   0.53183  -0.32386  0.945519 -0.606323  0.620705 0.00156632 0.999074 0.081465 2.10377 0.00625853
1  0.592447  0.795438 -0.127615  0.185963  -0.28916 -0.939044 -0.783853  0.532602 -0.319234  0.948291 -0.607662  0.615079 0.00157557 0.998148 0.111647 2.47738 0.00345521
1  0.592697  0.795416 -0.126586  0.189364 -0.290378 -0.937988 -0.782848  0.531972 -0.322729  0.946322 -0.606551  0.619255 0.00156637 0.999074 0.00560245 1.33152 0.00416349
1  0.591672  0.796748 -0.122951  0.194937  -0.28938 -0.937155 -0.782256   0.53052 -0.326533  0.944293 -0.604946  0.623911 0.0015535 0.999074 0.0552574 1.67333 0.0113826
1  0.592452  0.796139 -0.123137   0.19426 -0.289522 -0.937251 -0.781834  0.531356 -0.326186  0.943957 -0.605913  0.623519 0.00155723 0.999074 0.0196827 1.58658 0.010848
1  0.591311  0.797054 -0.122703    0.1948 -0.288819 -0.937356 -0.782563  0.530366 -0.326048  0.944715 -0.604958  0.623351 0.0015553 0.999074 0.0596915 2.21413 0.0108361
1  0.592257   0.79624 -0.123426  0.193859 -0.289494 -0.937343 -0.782081  0.531221 -0.325813  0.944343 -0.605749  0.623071 0.00155705 0.999074 0.0861216 2.04119 0.0101159
1  0.591763  0.796446 -0.124461  0.191838   -0.2891  -0.93788 -0.782953  0.531126 -0.323868  0.945836 -0.605795  0.620756 0.00155948 0.999074 0.0817083 1.43194 0.0067553
1   0.59256   0.79577 -0.124993  0.192291 -0.290423 -0.937379 -0.782238  0.531418 -0.325112   0.94484 -0.605855  0.622164 0.00155785 0.999074 0.0850729 2.17747 0.00831743
1  0.592494  0.796119 -0.123063  0.194544 -0.289648 -0.937153 -0.781731  0.531317 -0.326495  0.943761 -0.605816  0.623887 0.00155804 0.999074 0.128799 2.23947 0.0113444
1  0.592294  0.796344 -0.122569  0.195169 -0.289393 -0.937102 -0.781727  0.531119 -0.326827  0.943612 -0.605648  0.624286 0.00155579 0.999074 0.0838132 1.99471 0.0120632
1  0.592018  0.795705 -0.127938  0.188929 -0.291347 -0.937775 -0.783467  0.531009 -0.322814  0.947164 -0.605125  0.619279 0.00157188 0.999074 0.072167 1.831 0.00369518
1  0.591901  0.796422 -0.123957  0.192668 -0.289136 -0.937699 -0.782644  0.531143 -0.324585  0.945318 -0.605821  0.621529 0.00155647 0.999074 0.0620676 1.69456 0.0079823
1   0.59337  0.795275 -0.124296  0.192206 -0.289941 -0.937545 -0.781645  0.532421 -0.324899  0.944186 -0.607225  0.621906 0.00155947 0.999074 0.116653 2.02423 0.00873188
1     0.592   0.79647 -0.123172  0.194029 -0.289186 -0.937403 -0.782233  0.531043 -0.325736   0.94451 -0.605666  0.622965 0.00155541 0.999074 0.105592 1.88213 0.0101032
1  0.591894  0.796421 -0.123992  0.194589 -0.290477 -0.936887 -0.782174  0.530411 -0.326906  0.944296 -0.604572   0.62427 0.00155505 0.999074 0.150053 1.83447 0.0114131
1   0.59252  0.795938 -0.124107  0.192704 -0.289641 -0.937536 -0.782167  0.531593 -0.324998  0.944718 -0.606201  0.622075 0.00155734 0.999074 0.0590634 2.06878 0.008614
1  0.591927  0.796456 -0.123612  0.193977 -0.289631 -0.937276 -0.782302  0.530821 -0.325935  0.944577  -0.60527  0.623168 0.00155374 0.999074 0.0580466 1.93349 0.0101354
1   0.59403  0.794824 -0.124025  0.192709 -0.290288 -0.937335 -0.781019  0.532905  -0.32561  0.943334 -0.607665   0.62275 0.00156365 0.999074 0.128306 2.15695 0.0102268
1  0.591628   0.79678 -0.122955  0.195241 -0.289569 -0.937033 -0.782213  0.530369 -0.326881  0.944154 -0.604775  0.624318 0.00155408 0.999074 0.0762346 1.75644 0.0119011
1  0.592731  0.795853 -0.123642   0.19396  -0.29005  -0.93715 -0.781697  0.531496 -0.326285  0.943916  -0.60586  0.623631 0.00156714 0.999074 0.126925 1.72025 0.0107626
1  0.594605  0.794788 -0.121479  0.196731 -0.290318 -0.936489 -0.779578  0.532942 -0.328984   0.94023 -0.607681  0.627073 0.00157304 0.998148 0.07243 1.72746 0.0169084
1  0.592185  0.796406 -0.122692  0.195477 -0.289694 -0.936945 -0.781732  0.530862 -0.327231  0.943536 -0.605318  0.624738 0.00155378 0.999074 0.0893601 1.5355 0.0125652
1  0.592271  0.796398 -0.122333  0.194894 -0.288918 -0.937306 -0.781813  0.531297 -0.326331  0.943789 -0.605989  0.623684 0.0015557 0.999074 0.0386595 1.79804 0.0114784
1  0.592379  0.796063 -0.123984  0.193984 -0.290296 -0.937069 -0.781958  0.531049 -0.326389  0.944176 -0.605411  0.623689 0.00155468 0.999074 0.0791248 1.87891 0.010659
1  0.592111  0.796363 -0.123329  0.193725 -0.289217 -0.937456 -0.782224  0.531187 -0.325524  0.944525 -0.605818  0.622711 0.00155422 0.999074 0.0566661 1.74503 0.00973503
1  0.591058  0.797348 -0.122009  0.196275 -0.288877  -0.93703 -0.782385  0.529892 -0.327243  0.944135 -0.604329  0.624798 0.00155544 0.999074 0.0967781 1.96573 0.0130041
1  0.590614  0.797604 -0.122485  0.195402 -0.288628 -0.937289 -0.782939  0.529642 -0.326322  0.945018 -0.604069  0.623659 0.00155528 0.999074 0.153224 2.04947 0.0114936
1  0.593097  0.795407 -0.124755  0.192759 -0.290724 -0.937189 -0.781716  0.531796  -0.32575  0.944125 -0.606278  0.622879 0.00155703 0.999074 0.137223 1.99172 0.00951151
1  0.593284  0.795477 -0.123415  0.193459 -0.289713 -0.937358 -0.781401  0.532243 -0.325774  0.943576 -0.606863  0.623088 0.00156828 0.999074 0.0643231 1.92691 0.0104391
1  0.590085  0.798024   -0.1223  0.194141   -0.2873 -0.937959 -0.783651  0.529732 -0.324461  0.945973 -0.604489  0.621668 0.00157502 0.999074 0.0503271 1.99463 0.00945622
1  0.592653  0.796007 -0.123023  0.194814 -0.289864 -0.937031 -0.781543  0.531367 -0.326862  0.943464 -0.605842  0.624292 0.00155654 0.999074 0.0522462 1.86741 0.0119168
1  0.592034  0.795928 -0.126469  0.189626 -0.290096 -0.938022 -0.783287  0.531359 -0.322676  0.946831 -0.605925  0.619169 0.00156613 0.999074 0.084158 2.48149 0.00389304
1  0.594201  0.794551 -0.124954  0.193209 -0.291808 -0.936759 -0.780766  0.532481 -0.326907  0.942724 -0.607022  0.624224 0.00157147 0.999074 0.0770878 1.92763 0.0117323
1  0.593325  0.795013 -0.126174  0.192176 -0.292111 -0.936878 -0.781686  0.531625 -0.326099  0.944199 -0.605595   0.62329 0.00156672 0.999074 0.0456241 1.69002 0.00960992
1   0.59426  0.794604 -0.124337  0.192792 -0.290825 -0.937151 -0.780824   0.53294 -0.326019  0.943049 -0.607449  0.623275 0.00157171 0.999074 0.150913 1.73155 0.0107675
1  0.590002  0.798006 -0.122814  0.194839 -0.288335 -0.937497  -0.78354  0.529197   -0.3256   0.94582 -0.603601  0.622895 0.00156139 0.999074 0.035575 1.6226 0.0106261
1  0.593998  0.794664   -0.1252  0.191288 -0.290689 -0.937501 -0.781393  0.532925 -0.324679  0.944091 -0.607676  0.621605 0.00156385 0.999074 0.199468 2.03335 0.00837103
1  0.592759  0.795934 -0.122988  0.194911  -0.28994 -0.936987 -0.781438  0.531436 -0.327001  0.943328 -0.605897  0.624475 0.00155825 0.999074 0.0891169 1.9155 0.0121713
1  0.591987   0.79656 -0.122649  0.195388 -0.289485 -0.937028 -0.781904  0.530745  -0.32701  0.943773 -0.605222  0.624472 0.00155365 0.999074 0.134795 1.97448 0.0122394
1  0.590364  0.798055 -0.120743  0.195954 -0.286832 -0.937726 -0.782989   0.52994 -0.325717  0.944889 -0.604929  0.623049 0.0015587 0.999074 0.0526137 1.72655 0.011846
1  0.591816  0.796564 -0.123446  0.194145 -0.289496 -0.937283 -0.782343  0.530733 -0.325978  0.944591 -0.605217  0.623226 0.0015536 0.999074 0.0315311 1.73777 0.0102858
1  0.591722  0.796387 -0.125031  0.192261 -0.290038 -0.937504  -0.78288  0.530703 -0.324736  0.945744 -0.605028  0.621705 0.00155766 0.999074 0.11805 2.43033 0.00763278
1  0.592399  0.796116  -0.12354  0.194353 -0.290034 -0.937074 -0.781851  0.531111 -0.326543  0.943958 -0.605531  0.623896 0.00155473 0.999074 0.0478245 2.60163 0.0111207
1  0.592612  0.795531 -0.126259  0.189992 -0.290378 -0.937861  -0.78276    0.5318 -0.323226     0.946 -0.606231   0.61991 0.00156854 0.999074 0.0216766 2.11911 0.00498106
1  0.593707  0.795115 -0.123708  0.194003 -0.290637 -0.936959 -0.780945   0.53228 -0.326808  0.942946 -0.606821  0.624207 0.00156057 0.999074 0.126133 3.67198 0.0118532
1  0.591965  0.796539 -0.122894  0.193542  -0.28851 -0.937712  -0.78238  0.531307 -0.324952  0.944738 -0.606137    0.6221 0.00155756 0.999074 0.0537487 2.61941 0.009259
1  0.593526  0.795315 -0.123294  0.193857 -0.289961 -0.937199 -0.781119   0.53235 -0.326277  0.943255 -0.607077  0.623559 0.00156284 0.999074 0.14221 4.64821 0.0112116
1  0.592081  0.796263 -0.124119  0.192887 -0.289564 -0.937522 -0.782454  0.531148 -0.325034  0.945003 -0.605707  0.622129 0.00155637 0.999074 0.090921 2.05698 0.00858841
