1   0.988161  -0.149443  0.0347053 -0.0819711  -0.705497  -0.703956   0.129686   0.692777  -0.709395  -0.141135  -0.727427    1.04099 0.00209416 0.913758 0.122292 1.48032 0.104825
1  0.981547 -0.186905 0.0403972 -0.103794 -0.698184 -0.708355    0.1606  0.691091   -0.7047 -0.178849 -0.727243   1.03576 0.00213064 0.909651 0.205119 1.92261 0.0595532
1   0.987907  -0.151212  0.0342853 -0.0836921   -0.70619  -0.703058   0.130523   0.691686  -0.710305  -0.141869  -0.725913    1.04198 0.00209251 0.913758 0.105865 1.04622 0.102858
1   0.987298  -0.155323  0.0334431 -0.0868514  -0.703862  -0.705007   0.133043   0.693147  -0.708411  -0.144531  -0.728382    1.03992 0.00210233 0.909651 0.155682 1.1538 0.0992358
1  0.981547 -0.186905 0.0403972 -0.103794 -0.698184 -0.708355    0.1606  0.691091   -0.7047 -0.178849 -0.727243   1.03576 0.00213065 0.909651 0.158205 2.23252 0.0595533
1  0.988004 -0.150543 0.0344298 -0.082996 -0.705634 -0.703699  0.130232  0.692399 -0.709664 -0.141622 -0.726968   1.04127 0.00210981 0.913758 0.203502 1.3403 0.103699
1  0.981566 -0.186806 0.0403857 -0.103758 -0.698304 -0.708241  0.160505  0.690995 -0.704815 -0.178735 -0.727091   1.03588 0.00212819 0.909651 0.0901561 2.21416 0.0595707
1  0.981566 -0.186806 0.0403857 -0.103758 -0.698305 -0.708241  0.160505  0.690995 -0.704815 -0.178735 -0.727091   1.03588 0.0021282 0.909651 0.140874 2.31854 0.0595706
1  0.975364 -0.214753 0.0504669 -0.117451 -0.699169 -0.705243  0.186738  0.681941 -0.707167 -0.211837 -0.715669   1.03831 0.00225757 0.903491 0.0459237 1.59578 0.0356969
1  0.988004 -0.150543 0.0344298 -0.082996 -0.705634 -0.703699  0.130232  0.692399 -0.709664 -0.141622 -0.726968   1.04127 0.00210981 0.913758 0.0409354 2.70563 0.103699
1  0.981566 -0.186806 0.0403857 -0.103758 -0.698305 -0.708241  0.160505  0.690995 -0.704815 -0.178735 -0.727091   1.03588 0.00212819 0.909651 0.0767601 1.30575 0.0595705
1   0.987907  -0.151212  0.0342852 -0.0836921   -0.70619  -0.703058   0.130523   0.691686  -0.710305  -0.141869  -0.725914    1.04198 0.0020925 0.913758 0.121029 1.54407 0.102859
1   0.988052  -0.150155  0.0347516 -0.0824983  -0.705715  -0.703677   0.130185   0.692402   -0.70967  -0.141672  -0.726885    1.04129 0.00208544 0.913758 0.305786 1.22195 0.103866
1  0.987884 -0.151354   0.03431 -0.083745 -0.706016 -0.703227  0.130659  0.691833 -0.710137 -0.142029 -0.726141    1.0418 0.00209542 0.913758 0.174353 1.28611 0.102712
1   0.988167  -0.149357  0.0349012 -0.0818581  -0.705976   -0.70349    0.12971   0.692309  -0.709848  -0.141181  -0.726729    1.04149 0.00208727 0.913758 0.198173 1.33275 0.104654
1  0.987942 -0.151306 0.0328086 -0.084909 -0.706711 -0.702388  0.129462  0.691133 -0.711037 -0.140059 -0.725141   1.04276 0.00206002 0.909651 0.0755719 1.29007 0.103995
1   0.991163  -0.130327  0.0247153 -0.0743376  -0.700039  -0.710224   0.109863   0.702111  -0.703541  -0.115142  -0.740488    1.03454 0.00208961 0.89117 0.11645 1.44384 0.139722
1   0.990346  -0.136979  0.0212336 -0.0814982   -0.69931  -0.710157   0.112125   0.701571  -0.703723  -0.116578  -0.739912    1.03475 0.00213722 0.895277 0.204476 2.01846 0.134989
1   0.990861  -0.132242  0.0265681 -0.0750255   -0.70403  -0.706196   0.112093   0.697749  -0.707518  -0.118179    -0.7341    1.03891 0.00215256 0.901437 -0.0485109 1.21608 0.134037
1  0.981566 -0.186806 0.0403857 -0.103758 -0.698304 -0.708241  0.160505  0.690995 -0.704815 -0.178735 -0.727091   1.03588 0.00212817 0.909651 0.156515 1.15917 0.0595706
1  0.981612 -0.186794 0.0393093 -0.104107 -0.696495 -0.709969  0.159997  0.692822 -0.703135 -0.177937 -0.729779   1.03403 0.00215911 0.909651 0.249244 2.1145 0.0617609
1   0.988913  -0.144903  0.0324814 -0.0807905  -0.708515  -0.701056   0.124599   0.690659  -0.712366  -0.134315  -0.724122    1.04422 0.00213492 0.913758 -0.0918889 1.27363 0.111866
1  0.981566 -0.186806 0.0403857 -0.103758 -0.698304 -0.708241  0.160505  0.690995 -0.704815 -0.178735 -0.727091   1.03588 0.00212819 0.909651 0.186287 2.08471 0.0595707
1  0.981566 -0.186806 0.0403857 -0.103758 -0.698304 -0.708241  0.160506  0.690995 -0.704815 -0.178735 -0.727091   1.03588 0.00212818 0.909651 0.143929 2.76326 0.0595706
1  0.981566 -0.186806 0.0403857 -0.103758 -0.698304 -0.708241  0.160505  0.690995 -0.704815 -0.178735 -0.727091   1.03588 0.00212818 0.909651 0.0736231 1.18649 0.0595707
1  0.981547 -0.186905 0.0403972 -0.103794 -0.698184 -0.708355    0.1606  0.691091   -0.7047 -0.178849 -0.727243   1.03576 0.00213064 0.909651 -0.00280439 1.46765 0.0595533
1  0.988004 -0.150543 0.0344298 -0.082996 -0.705634 -0.703699  0.130232  0.692399 -0.709664 -0.141622 -0.726968   1.04127 0.00210979 0.913758 0.164067 1.52241 0.103699
1  0.981924 -0.184902 0.0404547 -0.101592 -0.695195 -0.711606  0.159701  0.694633 -0.701414 -0.178104 -0.732459   1.03213 0.00214258 0.905544 -0.00362321 1.37367 0.0644388
1  0.981566 -0.186806 0.0403857 -0.103758 -0.698305 -0.708241  0.160505  0.690995 -0.704815 -0.178735 -0.727091   1.03588 0.00212817 0.909651 0.113845 1.34838 0.0595705
1  0.990475 -0.136096 0.0209266 -0.080908 -0.698203 -0.711313  0.111418  0.702844 -0.702564 -0.115799 -0.741809   1.03348 0.00217434 0.895277 0.122128 2.2384 0.136858
1   0.987838   -0.15165  0.0343212 -0.0840097  -0.706314  -0.702896   0.130836   0.691465  -0.710464  -0.142195  -0.725625    1.04215 0.00209804 0.913758 -0.00719172 1.25246 0.102289
1   0.991313  -0.130217  0.0184688 -0.0773291  -0.690669  -0.719025   0.106385   0.711351  -0.694739  -0.109741   -0.75435    1.02483 0.00202267 0.87269 0.40778 3.06365 0.150999
1  0.987884 -0.151353 0.0343099 -0.083745 -0.706016 -0.703227  0.130659  0.691833 -0.710137 -0.142028 -0.726141    1.0418 0.00209541 0.913758 0.150141 1.23244 0.102712
1  0.981612 -0.186794 0.0393094 -0.104107 -0.696495 -0.709969  0.159997  0.692822 -0.703135 -0.177937 -0.729778   1.03403 0.0021591 0.909651 0.181955 1.58641 0.0617608
1   0.987907  -0.151212  0.0342852 -0.0836921   -0.70619  -0.703058   0.130523   0.691686  -0.710305  -0.141869  -0.725914    1.04198 0.0020925 0.913758 0.0630885 1.47553 0.102859
1  0.981924 -0.184902 0.0404546 -0.101592 -0.695195 -0.711606  0.159701  0.694633 -0.701414 -0.178104 -0.732459   1.03213 0.00214262 0.905544 0.13813 1.29206 0.0644389
1  0.981809 -0.185504 0.0404837 -0.102192  -0.69598 -0.710752  0.160023  0.693686 -0.702277 -0.178422  -0.73105   1.03308 0.00217889 0.909651 0.0825812 1.44435 0.0629695
1   0.987338  -0.155096  0.0333011 -0.0867031  -0.703423  -0.705464   0.132839   0.693644  -0.707963  -0.144286  -0.729085    1.03943 0.00210237 0.909651 0.109397 1.20175 0.0997763
1  0.981547 -0.186905 0.0403972 -0.103794 -0.698184 -0.708355    0.1606   0.69109   -0.7047 -0.178849 -0.727243   1.03576 0.00213063 0.909651 0.11579 1.75717 0.0595532
1   0.987838   -0.15165  0.0343212 -0.0840097  -0.706314  -0.702897   0.130836   0.691465  -0.710464  -0.142195  -0.725625    1.04215 0.00209804 0.913758 0.133223 1.51352 0.102289
1   0.988161  -0.149443  0.0347053 -0.0819711  -0.705497  -0.703956   0.129686   0.692777  -0.709395  -0.141135  -0.727427    1.04099 0.00209416 0.913758 0.157542 1.29672 0.104825
1  0.981566 -0.186806 0.0403856 -0.103758 -0.698305 -0.708241  0.160505  0.690995 -0.704815 -0.178735 -0.727091   1.03588 0.00212818 0.909651 0.172233 2.11915 0.0595706
1   0.987839  -0.151878  0.0332735 -0.0850204  -0.706834  -0.702252   0.130176   0.690883  -0.711151  -0.140991  -0.724795    1.04289 0.00205579 0.909651 0.161423 1.28761 0.102879
1   0.987267  -0.155563  0.0332252 -0.0872564  -0.704248  -0.704571   0.133004   0.692701  -0.708855  -0.144365  -0.727741     1.0404 0.00210167 0.909651 0.0542869 1.37173 0.0990267
1   0.987466  -0.154292  0.0332304 -0.0862703  -0.703961   -0.70498   0.132166   0.693277  -0.708448  -0.143468  -0.728477    1.03996 0.00208781 0.909651 0.126396 1.2851 0.100632
1   0.988167  -0.149357  0.0349012 -0.0818581  -0.705976   -0.70349    0.12971   0.692309  -0.709848  -0.141181  -0.726729    1.04149 0.00208725 0.913758 0.182352 1.86845 0.104654
1   0.991313  -0.130217  0.0184687 -0.0773292  -0.690669  -0.719025   0.106385   0.711351  -0.694739  -0.109741   -0.75435    1.02483 0.00202266 0.87269 0.283056 2.65059 0.150999
0   0.994639  -0.101506  0.0197274 -0.0578775  -0.704585  -0.707256  0.0856902   0.702322  -0.706683 -0.0856273  -0.739586    1.03788 0.00224192 0.89117 0.0851126 1.34099 0.178763
1  0.981929 -0.184892 0.0403709 -0.101676 -0.695329 -0.711463  0.159615  0.694501 -0.701563 -0.177969 -0.732267   1.03229 0.00214208 0.905544 0.245851 1.26773 0.0643644
1  0.981498 -0.187173  0.040351 -0.103879 -0.697556  -0.70896  0.160846  0.691651 -0.704093 -0.179147   -0.7281   1.03509 0.00214587 0.909651 0.299721 1.20623 0.0598143
1  0.981547 -0.186905 0.0403972 -0.103794 -0.698184 -0.708355    0.1606  0.691091   -0.7047 -0.178849 -0.727243   1.03576 0.00213063 0.909651 0.148965 2.18089 0.0595533
1   0.988182  -0.149272  0.0348337 -0.0817747  -0.705605  -0.703871   0.129647   0.692705  -0.709473  -0.141111   -0.72731    1.04107 0.00209251 0.913758 0.182666 1.72542 0.104909
1   0.991196  -0.129344  0.0283051 -0.0714512  -0.702504  -0.708084   0.111471   0.699827  -0.705561  -0.118268  -0.737069    1.03678 0.00223351 0.905544 -0.0140157 1.4587 0.13656
1   0.987821  -0.151911  0.0336472 -0.0845412  -0.705577  -0.703572   0.130621   0.692159  -0.709827  -0.141796  -0.726657    1.04146 0.00210905 0.913758 0.0965288 1.40369 0.102703
1  0.981566 -0.186806 0.0403857 -0.103758 -0.698305 -0.708241  0.160505  0.690995 -0.704815 -0.178735 -0.727091   1.03588 0.00212816 0.909651 0.351794 2.26978 0.0595706
1   0.985369  -0.168278  0.0270433 -0.0970874  -0.684602  -0.722422   0.140082   0.709226  -0.690923  -0.151643  -0.753306    1.02065 0.00199805 0.87885 0.263222 2.31492 0.10402
1  0.988214 -0.149027  0.034979 -0.081503  -0.70566 -0.703848  0.129576  0.692701 -0.709489 -0.141059 -0.727304   1.04109 0.0020965 0.913758 0.122686 1.56444 0.105089
1   0.987907  -0.151212  0.0342852 -0.0836922   -0.70619  -0.703058   0.130523   0.691686  -0.710305  -0.141869  -0.725914    1.04198 0.00209249 0.913758 0.0717389 1.40489 0.102859
1    0.98644  -0.160765  0.0330187 -0.0902011   -0.69914  -0.709272   0.137111   0.696676  -0.704161  -0.149307  -0.734073    1.03524 0.00205301 0.897331 0.159083 4.03266 0.0951207
1  0.981566 -0.186806 0.0403857 -0.103758 -0.698304 -0.708241  0.160505  0.690995 -0.704815 -0.178735 -0.727091   1.03588 0.0021282 0.909651 0.0928381 1.58404 0.0595707
1  0.981547 -0.186905 0.0403972 -0.103794 -0.698184 -0.708355    0.1606   0.69109   -0.7047 -0.178849 -0.727243   1.03576 0.00213062 0.909651 0.194089 2.15034 0.0595532
1  0.981977 -0.185112 0.0381342 -0.103713  -0.69645 -0.710071  0.158002  0.693319 -0.703097 -0.175281 -0.730402   1.03398 0.0021675 0.909651 0.311258 1.56325 0.0643838
1  0.981566 -0.186806 0.0403856 -0.103758 -0.698305 -0.708241  0.160505  0.690995 -0.704815 -0.178735 -0.727091   1.03588 0.00212819 0.909651 0.224152 2.25949 0.0595707
1   0.986206  -0.162109   0.033454 -0.0912121  -0.700885  -0.707419   0.138126   0.694609  -0.706003  -0.150431  -0.731038    1.03726 0.00211361 0.903491 -0.07337 1.50189 0.0922227
1   0.987821  -0.151911  0.0336472 -0.0845412  -0.705577  -0.703572   0.130621   0.692159  -0.709827  -0.141796  -0.726657    1.04145 0.00210903 0.913758 0.104165 1.54387 0.102703
1   0.987907  -0.151212  0.0342853 -0.0836921   -0.70619  -0.703058   0.130523   0.691686  -0.710305  -0.141869  -0.725914    1.04198 0.00209251 0.913758 0.161359 1.49712 0.102859
1  0.981924 -0.184902 0.0404547 -0.101592 -0.695195 -0.711606  0.159701  0.694633 -0.701414 -0.178104 -0.732459   1.03213 0.00214259 0.905544 0.224176 2.13212 0.0644389
1  0.990339  -0.13703 0.0212404 -0.081521 -0.699253 -0.710211  0.112173  0.701619 -0.703668 -0.116628 -0.739983   1.03469 0.00213837 0.895277 0.181512 3.0921 0.134951
1  0.990339  -0.13703 0.0212404 -0.081521 -0.699253 -0.710211  0.112173  0.701619 -0.703668 -0.116628 -0.739983   1.03469 0.00213833 0.895277 0.175172 2.41927 0.134951
1  0.981566 -0.186806 0.0403857 -0.103758 -0.698305 -0.708241  0.160505  0.690995 -0.704815 -0.178735 -0.727091   1.03588 0.0021282 0.909651 0.210519 1.52172 0.0595707
1  0.980414 -0.192626 0.0410232 -0.107843 -0.699373 -0.706574  0.164795  0.688311 -0.706449 -0.183656 -0.723389   1.03766 0.00214198 0.911704 0.0808032 1.57677 0.0522864
1  0.990985 -0.132208 0.0216759 -0.077409 -0.697096 -0.712787  0.109346  0.704683 -0.701046 -0.113807 -0.744506   1.03177 0.00218843 0.89117 0.257451 1.2418 0.141569
1   0.988004  -0.150543  0.0344298 -0.0829961  -0.705634  -0.703699   0.130232   0.692399  -0.709664  -0.141622  -0.726968    1.04127 0.00210984 0.913758 0.0329347 1.13487 0.103699
1  0.981547 -0.186905 0.0403972 -0.103794 -0.698184 -0.708355    0.1606  0.691091   -0.7047 -0.178849 -0.727243   1.03576 0.00213064 0.909651 0.101667 1.38487 0.0595532
1    0.99102   -0.13215  0.0203854 -0.0781626   -0.69623  -0.713551   0.108489    0.70555  -0.700307   -0.11247  -0.745777    1.03098 0.00221241 0.89117 0.290443 2.64146 0.143275
1  0.981476 -0.187315 0.0402369 -0.104081 -0.697624 -0.708864  0.160851  0.691545 -0.704197 -0.179121 -0.727948   1.03521 0.0021426 0.909651 0.0315736 1.34846 0.0596634
1  0.981547 -0.186905 0.0403972 -0.103794 -0.698184 -0.708355    0.1606  0.691091   -0.7047 -0.178849 -0.727243   1.03576 0.00213064 0.909651 0.114978 1.34558 0.0595533
1   0.987907  -0.151212  0.0342852 -0.0836922   -0.70619  -0.703058   0.130523   0.691686  -0.710305  -0.141869  -0.725914    1.04198 0.00209249 0.913758 0.289621 1.43442 0.102859
1   0.987821  -0.151911  0.0336472 -0.0845412  -0.705577  -0.703572   0.130621   0.692159  -0.709827  -0.141796  -0.726657    1.04145 0.00210905 0.913758 0.126114 1.85328 0.102703
1   0.988146  -0.149574  0.0345721 -0.0821643  -0.705513  -0.703918   0.129679   0.692733   -0.70944  -0.141087  -0.727373    1.04103 0.00209574 0.913758 0.00976912 1.3337 0.10477
1  0.985297 -0.168689 0.0270864 -0.096688 -0.681258  -0.72563  0.140859  0.712342 -0.687552 -0.152889 -0.757935   1.01689 0.00192875 0.87269 0.286024 1.69954 0.107637
1  0.981566 -0.186806 0.0403857 -0.103758 -0.698305 -0.708241  0.160505  0.690995 -0.704815 -0.178735 -0.727091   1.03588 0.0021282 0.909651 0.0630257 1.41347 0.0595706
1  0.991211 -0.129801  0.025531 -0.073474  -0.70067 -0.709692  0.110007  0.701579 -0.704049 -0.115566 -0.739693   1.03509 0.0020795 0.89117 0.0912049 1.38393 0.139356
1    0.99102   -0.13215  0.0203853 -0.0781626   -0.69623  -0.713551   0.108488    0.70555  -0.700307   -0.11247  -0.745777    1.03098 0.00221243 0.89117 0.168692 1.50366 0.143275
1  0.981547 -0.186905 0.0403972 -0.103794 -0.698184 -0.708355    0.1606  0.691091   -0.7047 -0.178849 -0.727243   1.03576 0.00213062 0.909651 0.176229 1.52586 0.0595533
1  0.981498 -0.187173  0.040351 -0.103879 -0.697556  -0.70896  0.160846  0.691651 -0.704093 -0.179147   -0.7281   1.03509 0.00214587 0.909651 0.125792 1.19477 0.0598143
1  0.981476 -0.187315 0.0402369 -0.104081 -0.697624 -0.708864  0.160851  0.691545 -0.704197 -0.179121 -0.727948   1.03521 0.00214261 0.909651 0.129953 2.18549 0.0596634
1  0.981566 -0.186806 0.0403856 -0.103758 -0.698305 -0.708241  0.160505  0.690995 -0.704815 -0.178735 -0.727091   1.03588 0.00212819 0.909651 0.213729 2.24709 0.0595706
1  0.981566 -0.186806 0.0403857 -0.103758 -0.698305 -0.708241  0.160505  0.690995 -0.704815 -0.178735 -0.727091   1.03588 0.00212817 0.909651 0.323443 2.02632 0.0595706
1  0.981566 -0.186806 0.0403856 -0.103758 -0.698305 -0.708241  0.160505  0.690995 -0.704815 -0.178735 -0.727091   1.03588 0.00212818 0.909651 0.336438 2.67827 0.0595706
1   0.987241  -0.155723  0.0332521 -0.0873784  -0.704375   -0.70443   0.133118   0.692536  -0.708994  -0.144487  -0.727515    1.04055 0.0021033 0.909651 0.0612903 1.61471 0.0987775
1  0.981566 -0.186806 0.0403857 -0.103758 -0.698305 -0.708241  0.160505  0.690995 -0.704815 -0.178735 -0.727091   1.03588 0.00212819 0.909651 0.138976 1.24688 0.0595706
1   0.98183 -0.185441  0.040259 -0.102312 -0.695993 -0.710722  0.159817  0.693689  -0.70232 -0.178105 -0.731053   1.03313 0.0021802 0.909651 0.230252 1.68724 0.063159
1  0.981566 -0.186806 0.0403856 -0.103758 -0.698304 -0.708241  0.160505  0.690995 -0.704815 -0.178735 -0.727091   1.03588 0.0021282 0.909651 0.248662 2.42195 0.0595707
1  0.981547 -0.186905 0.0403972 -0.103794 -0.698184 -0.708355    0.1606   0.69109   -0.7047 -0.178849 -0.727243   1.03576 0.00213063 0.909651 0.183333 1.59638 0.0595532
1  0.981566 -0.186806 0.0403856 -0.103758 -0.698305 -0.708241  0.160505  0.690995 -0.704815 -0.178735 -0.727091   1.03588 0.00212819 0.909651 0.163935 1.25246 0.0595706
1  0.988214 -0.149027 0.0349789 -0.081503  -0.70566 -0.703848  0.129575  0.692701 -0.709489 -0.141059 -0.727304   1.04109 0.00209648 0.913758 -0.0322042 1.43273 0.105089
1  0.981566 -0.186806 0.0403857 -0.103758 -0.698305 -0.708241  0.160505  0.690995 -0.704815 -0.178735 -0.727091   1.03588 0.00212818 0.909651 0.112363 1.39982 0.0595706
1  0.981547 -0.186905 0.0403972 -0.103794 -0.698184 -0.708355    0.1606   0.69109   -0.7047 -0.178849 -0.727243   1.03576 0.00213065 0.909651 0.111485 1.29629 0.0595532
1   0.991212   -0.12929  0.0279805 -0.0714131  -0.701047   -0.70953   0.111351   0.701296   -0.70412   -0.11813  -0.739243    1.03519 0.00215729 0.899384 -0.0808154 1.20945 0.137505
1  0.981566 -0.186806 0.0403856 -0.103758 -0.698305 -0.708241  0.160505  0.690995 -0.704815 -0.178735 -0.727091   1.03588 0.0021282 0.909651 0.225706 1.16394 0.0595706
1  0.981547 -0.186905 0.0403972 -0.103794 -0.698184 -0.708355    0.1606  0.691091   -0.7047 -0.178849 -0.727243   1.03576 0.00213062 0.909651 0.206592 1.24291 0.0595532
1   0.988214  -0.149027  0.0349789 -0.0815031   -0.70566  -0.703848   0.129575   0.692701  -0.709489  -0.141059  -0.727304    1.04109 0.00209649 0.913758 0.150792 1.2297 0.105089
1  0.981566 -0.186806 0.0403857 -0.103758 -0.698304 -0.708241  0.160505  0.690995 -0.704815 -0.178735 -0.727091   1.03588 0.00212817 0.909651 0.153041 1.75268 0.0595706
1  0.988214 -0.149027 0.0349789 -0.081503  -0.70566 -0.703848  0.129575  0.692701 -0.709489 -0.141059 -0.727304   1.04109 0.00209649 0.913758 0.279968 1.31497 0.105089
1   0.987907  -0.151212  0.0342852 -0.0836921   -0.70619  -0.703058   0.130523   0.691686  -0.710305  -0.141869  -0.725914    1.04198 0.00209252 0.913758 0.159145 1.19721 0.102859
1   0.987338  -0.155096  0.0333011 -0.0867032  -0.703423  -0.705464   0.132839   0.693644  -0.707963  -0.144286  -0.729085    1.03943 0.00210239 0.909651 0.199665 1.47765 0.0997764
1   0.991144  -0.129861  0.0277514 -0.0719136  -0.700583  -0.709938   0.111635   0.701655  -0.703717  -0.118389  -0.739809    1.03475 0.00216695 0.899384 0.0900109 1.52751 0.13721
1  0.981507 -0.187118 0.0403806 -0.103834 -0.697629 -0.708896  0.160818  0.691593 -0.704157 -0.179119  -0.72801   1.03516 0.002144 0.909651 0.19101 1.20024 0.0597959
1   0.988167  -0.149357  0.0349012 -0.0818581  -0.705976   -0.70349    0.12971   0.692309  -0.709848  -0.141181  -0.726729    1.04149 0.00208725 0.913758 0.27631 2.46065 0.104654
1   0.987815  -0.151961  0.0336182 -0.0845903  -0.705533  -0.703611    0.13064   0.692193   -0.70979  -0.141811  -0.726712    1.04141 0.00211043 0.913758 0.154735 1.20586 0.102678
1   0.988161  -0.149443  0.0347052 -0.0819711  -0.705497  -0.703956   0.129686   0.692777  -0.709395  -0.141135  -0.727427    1.04099 0.00209417 0.913758 -0.0370002 1.89187 0.104825
1   0.988162  -0.149392  0.0349093 -0.0818695  -0.705931  -0.703533   0.129745   0.692346  -0.709805  -0.141217  -0.726785    1.04144 0.00208747 0.913758 0.225579 1.22651 0.10462
1  0.981924 -0.184902 0.0404547 -0.101592 -0.695195 -0.711606  0.159701  0.694633 -0.701414 -0.178104 -0.732459   1.03213 0.00214259 0.905544 0.0793943 1.49161 0.0644388
1   0.988093  -0.149909  0.0346239 -0.0824225   -0.70578   -0.70362   0.129916   0.692388  -0.709733  -0.141334  -0.726896    1.04135 0.00209809 0.913758 0.14884 1.22109 0.104263
1   0.985512  -0.167357  0.0275297 -0.0962623  -0.685563  -0.721621   0.139642   0.708517   -0.69174  -0.151238  -0.752176    1.02156 0.00197538 0.87885 0.327607 2.09926 0.103584
1  0.981566 -0.186806 0.0403856 -0.103758 -0.698305 -0.708241  0.160505  0.690995 -0.704815 -0.178735 -0.727091   1.03588 0.00212817 0.909651 0.114439 1.33113 0.0595706
