1    0.98824  -0.148697  0.0356369 -0.0799239  -0.701012  -0.708657   0.130357   0.697475  -0.704653  -0.142374  -0.734266    1.03578 0.00215747 0.913758 0.095758 1.45028 0.106798
1  0.981444 -0.187125  0.041866 -0.102488 -0.696442 -0.710257  0.162064  0.692786 -0.702696 -0.180944 -0.729685   1.03357 0.0021672 0.911704 0.191482 1.90521 0.0600616
1   0.987813   -0.15106  0.0375064 -0.0827006  -0.713538  -0.695719   0.131857   0.684138  -0.717335  -0.143743  -0.714835    1.04972 0.00213828 0.919918 0.0863093 1.01248 0.100219
1   0.986393  -0.161442  0.0310565 -0.0943936  -0.710819  -0.697012   0.134603   0.684597  -0.716386  -0.145387  -0.715994    1.04864 0.00211173 0.911704 0.151908 1.09958 0.0931866
1  0.981298 -0.186126 0.0491108 -0.103532 -0.725401 -0.680496  0.162283  0.662684 -0.731105 -0.181249 -0.685587   1.06458 0.00220184 0.926078 0.130078 2.1121 0.0675436
1   0.988701  -0.145769  0.0349459 -0.0786818  -0.703099  -0.706726   0.127589   0.695991  -0.706624  -0.139083  -0.732348    1.03794 0.00216307 0.905544 0.183394 1.29667 0.110013
1  0.981742 -0.185531 0.0419596 -0.101662 -0.698209 -0.708639  0.160771  0.691435 -0.704323 -0.179423 -0.727631   1.03539 0.0021482 0.911704 0.0816003 2.18693 0.0601456
1  0.981618 -0.186079 0.0424465 -0.102624 -0.702104  -0.70464  0.160921  0.687331 -0.708294 -0.179461 -0.721705   1.03972 0.00212693 0.911704 0.141387 2.29753 0.0567727
1  0.975288 -0.215036 0.0507296 -0.117007 -0.697469 -0.706998  0.187412  0.683591 -0.705394 -0.212791 -0.718083   1.03638 0.00230268 0.905544 0.0268585 1.57508 0.0372286
1   0.987915  -0.151233  0.0339472 -0.0831999  -0.702214  -0.707088   0.130773   0.695719   -0.70631  -0.142324   -0.73187    1.03763 0.00211472 0.911704 0.0387045 2.68173 0.10438
1   0.98256 -0.181663 0.0396855 -0.100829 -0.699833 -0.707154  0.156237   0.69082 -0.705944 -0.173711 -0.726456   1.03726 0.00209429 0.909651 0.0914672 1.27203 0.064477
1    0.98797   -0.15021  0.0367667 -0.0816481  -0.708575  -0.700896   0.131334   0.689462  -0.712316  -0.143306  -0.722516    1.04422 0.00211085 0.917865 0.113318 1.51006 0.101666
1   0.988044  -0.149848  0.0362541 -0.0813004  -0.706222  -0.703307   0.130993   0.691951  -0.709961   -0.14289  -0.726207    1.04163 0.00208539 0.913758 0.305802 1.20839 0.102969
1   0.987915  -0.151102  0.0345372 -0.0830885  -0.704367  -0.704957   0.130847   0.693567  -0.708409  -0.142379   -0.72861    1.03997 0.00208998 0.913758 0.176493 1.26872 0.103276
1   0.988252  -0.148114  0.0376978 -0.0802433  -0.712753   -0.69681   0.130077   0.685599  -0.716264  -0.141939  -0.716997    1.04849 0.00215051 0.917865 0.173876 1.31891 0.103432
1   0.988462  -0.148143  0.0315601 -0.0846275  -0.712955  -0.696084   0.125621   0.685382  -0.717266  -0.134484  -0.716524    1.04968 0.00222673 0.915811 0.000761282 1.2142 0.10913
0   0.992807   -0.11586  0.0301691 -0.0611724  -0.707515  -0.704046   0.102916   0.697136  -0.709513  -0.108401  -0.732639    1.04108 0.00248047 0.911704 -0.0488182 1.37983 0.150672
1    0.99033  -0.136894  0.0224941 -0.0810712  -0.702647  -0.706905   0.112577   0.698246  -0.706951  -0.117268  -0.735102     1.0383 0.00215417 0.897331 0.198167 2.00133 0.132651
1   0.990988  -0.130726  0.0292186 -0.0720231  -0.703918   -0.70662   0.112941   0.698148  -0.706989  -0.119879  -0.734587    1.03835 0.00224787 0.907598 -0.0949359 1.17833 0.133692
1  0.982804 -0.180842 0.0373095 -0.102905 -0.704186 -0.702519  0.153318  0.686599 -0.710687 -0.169856 -0.720404   1.04242 0.00218315 0.911704 0.134726 1.12738 0.0650301
1  0.981738 -0.185359 0.0428116 -0.102802 -0.706264 -0.700445   0.16007  0.683252 -0.712421 -0.178315  -0.71539   1.04426 0.00206371 0.913758 0.282415 2.06461 0.0561018
1  0.989428 -0.141396 0.0322499   -0.0781 -0.706857 -0.703032  0.122202   0.69308 -0.710427 -0.131327 -0.727576   1.04218 0.00225579 0.913758 -0.15371 1.22935 0.116846
1  0.981842 -0.185241 0.0409019 -0.102542 -0.699641 -0.707098    0.1596  0.690064 -0.705931 -0.177772 -0.725588   1.03713 0.00209789 0.909651 0.197874 2.0574 0.0599722
1  0.981432 -0.187436 0.0407259 -0.104229  -0.69939 -0.707099  0.161019  0.689725 -0.705941 -0.179287 -0.725223   1.03714 0.00210407 0.909651 0.153629 2.7463 0.0578913
1  0.981479 -0.186744 0.0427204 -0.102278 -0.699373 -0.707401  0.161981   0.68993  -0.70552 -0.180904 -0.725488   1.03672 0.00213114 0.911704 0.0723341 1.16628 0.0575201
1  0.981208 -0.188673  0.040421 -0.104821 -0.697085 -0.709285     0.162  0.691719 -0.703762 -0.180503 -0.728217   1.03476 0.00212732 0.909651 -0.00124151 1.44388 0.0585275
1   0.988124  -0.149458  0.0356721 -0.0815433  -0.706828   -0.70267   0.130233   0.691417  -0.710621  -0.141896  -0.725598    1.04233 0.0021432 0.913758 0.150831 1.502 0.103777
1   0.981929  -0.184496   0.042142 -0.0997451  -0.693783  -0.713243   0.160828   0.696151  -0.699648  -0.179901  -0.734697    1.03014 0.00209152 0.899384 0.0202984 1.35331 0.0656477
1  0.981642 -0.185954 0.0424348 -0.104061 -0.708593 -0.697902  0.159847  0.680673 -0.714935 -0.177856 -0.711788   1.04697 0.00207847 0.913758 0.13454 1.29186 0.055886
1  0.990675 -0.134581 0.0212232  -0.08004 -0.700949 -0.708706  0.110255  0.700398 -0.705185 -0.114481 -0.738239   1.03635 0.00215442 0.893224 0.130172 2.22102 0.137226
1   0.988024   -0.15047  0.0341783 -0.0834159  -0.707201  -0.702074   0.129812   0.690815  -0.711283  -0.140947  -0.724622    1.04306 0.0020935 0.913758 -0.00501291 1.23086 0.103679
0   0.991597  -0.128765  0.0124655 -0.0789623  -0.678754  -0.730108   0.102474   0.722989  -0.683218  -0.104255   -0.77156    1.01211 0.00203139 0.862423 0.405226 3.02335 0.168024
1   0.988064  -0.150245  0.0339883 -0.0832711  -0.706588  -0.702709   0.129594   0.691491  -0.710665  -0.140704  -0.725576    1.04242 0.00211693 0.915811 0.141413 1.2085 0.104198
1  0.981009  -0.18788 0.0481909 -0.107015 -0.731497 -0.673394  0.161769  0.655449 -0.737711 -0.179674 -0.675105   1.07173 0.00225382 0.926078 0.146069 1.51626 0.0781643
1   0.988202  -0.149061  0.0351694 -0.0822962  -0.710479   -0.69889   0.129164    0.68775  -0.714364  -0.140388  -0.720006    1.04652 0.00210479 0.917865 0.0575869 1.44228 0.104192
1   0.98128 -0.188486 0.0395351 -0.102309 -0.684108  -0.72217  0.163165  0.704606 -0.690585 -0.182388 -0.747386   1.02019 0.00206766 0.889117 0.168282 1.24833 0.0760396
1  0.981938 -0.184572 0.0415977 -0.100626 -0.695647 -0.711301  0.160224  0.694268 -0.701656 -0.178997  -0.73186   1.03241 0.00221628 0.911704 0.0668375 1.42715 0.0637292
1   0.987618  -0.152938  0.0349315 -0.0842077  -0.704693  -0.704498    0.13236   0.692834  -0.708846  -0.144183  -0.728133    1.04035 0.00223647 0.909651 0.0525906 1.15786 0.100739
1   0.98111 -0.188583 0.0431192 -0.103639 -0.700606 -0.705982  0.163346  0.688177 -0.706916 -0.182528 -0.722411   1.03829 0.00208918 0.915811 0.132991 1.6477 0.0542728
1   0.987717  -0.151574  0.0379594 -0.0817593  -0.708358  -0.701103   0.133158   0.689387  -0.712049  -0.145492  -0.722625    1.04399 0.00218232 0.917865 0.0984079 1.49654 0.0992404
1   0.988278  -0.147956  0.0376144 -0.0781365  -0.701904  -0.707973    0.13115   0.696735  -0.705237  -0.143711  -0.733146    1.03646 0.00219112 0.915811 0.118532 1.27298 0.105854
1   0.983814  -0.174052  0.0426021 -0.0959111  -0.712309  -0.695282   0.151361   0.679942  -0.717474  -0.168237  -0.710172    1.04976 0.00216832 0.915811 0.15662 2.028 0.0690999
1   0.987783  -0.150603  0.0400328 -0.0829499  -0.725628  -0.683069   0.131921   0.671403  -0.729256  -0.143585  -0.696282    1.06249 0.00223263 0.924025 0.0892869 1.25713 0.104864
1   0.987367  -0.155229  0.0317949 -0.0882849  -0.705573  -0.703116   0.131577   0.691427  -0.710364  -0.142387  -0.725852    1.04211 0.0020845 0.909651 0.0620138 1.35123 0.100204
1   0.987698  -0.152399  0.0350338 -0.0826817  -0.699122  -0.710205   0.132728   0.698572  -0.703122  -0.144865  -0.736211    1.03416 0.00220132 0.911704 0.0789009 1.24826 0.103807
1   0.988332  -0.147332  0.0386368 -0.0792295  -0.713934  -0.695716   0.130085   0.684537  -0.717277  -0.142125  -0.715382    1.04958 0.00214016 0.917865 0.161629 1.85087 0.103765
0   0.992122  -0.124491  0.0140217 -0.0735246  -0.669229  -0.739409   0.101434   0.732553   -0.67311  -0.104042  -0.785524    1.00084 0.00201883 0.854209 0.284413 2.59577 0.182238
0   0.995877 -0.0878556  0.0225759 -0.0470685  -0.713245  -0.699333  0.0775425   0.695387  -0.714439 -0.0768366  -0.728893     1.0464 0.00239257 0.901437 0.0236362 1.21738 0.19167
1   0.98191 -0.185069 0.0400354 -0.101919 -0.694765 -0.711979   0.15958  0.695019 -0.701058 -0.177869  -0.73307   1.03177 0.00215423 0.905544 0.241575 1.25424 0.0649196
1   0.98148 -0.187095 0.0411434 -0.103008 -0.696524 -0.710101  0.161513  0.692712 -0.702897 -0.180186 -0.729647   1.03382 0.0021799 0.911704 0.288613 1.19256 0.0603591
1  0.981395  -0.18683 0.0442552 -0.105734 -0.718299 -0.687653  0.160262   0.67018 -0.724689 -0.178056 -0.696528   1.05749 0.00214115 0.919918 0.144762 2.1033 0.0604298
1    0.98833  -0.147562  0.0378105 -0.0795208  -0.711503  -0.698169   0.129926   0.687014  -0.714934   -0.14189  -0.719038    1.04705 0.00215707 0.917865 0.157447 1.7082 0.10392
1   0.991191  -0.129193  0.0291381 -0.0709378  -0.703694  -0.706953   0.111838   0.698659   -0.70666  -0.118876  -0.735353    1.03803 0.00222087 0.905544 -0.00827497 1.42829 0.135587
1   0.987106  -0.156439  0.0338853 -0.0892744  -0.713776  -0.694661   0.132858   0.682679  -0.718538  -0.143715  -0.712883      1.051 0.00210371 0.915811 0.0988172 1.36319 0.0971784
1  0.982122 -0.183238 0.0431407 -0.100436 -0.703872  -0.70319  0.159217  0.686286 -0.709692 -0.177625  -0.72009   1.04121 0.00214531 0.911704 0.346571 2.23936 0.0587636
1   0.985491  -0.168388  0.0212911 -0.0985325  -0.669727  -0.736041     0.1382   0.723264  -0.676602   -0.14891  -0.774096    1.00486 0.00188561 0.86037 0.304686 2.26778 0.127797
1   0.988284    -0.1483   0.036083 -0.0801898  -0.705679  -0.703979   0.129863   0.692838  -0.709303  -0.141664  -0.727466    1.04091 0.00209767 0.913758 0.122197 1.55069 0.105117
1   0.988008  -0.150156  0.0359757 -0.0821347  -0.708395  -0.701021   0.130747   0.689659  -0.712232  -0.142442  -0.722805    1.04416 0.00210837 0.917865 0.0646953 1.36495 0.102379
1    0.98654  -0.160071  0.0334215 -0.0886309  -0.695186  -0.713345    0.13742   0.700781  -0.700016  -0.149928  -0.740172    1.03072 0.00206065 0.893224 0.155955 3.97317 0.0984352
1  0.981956 -0.184845 0.0399369 -0.103534 -0.702197 -0.704415  0.158251   0.68757 -0.708664 -0.175806 -0.721948    1.0401 0.00209388 0.909651 0.107468 1.55319 0.0596387
1  0.981731 -0.184437 0.0467605 -0.100718  -0.71223 -0.694683  0.161429  0.677282 -0.717795 -0.180392 -0.706597   1.05005 0.00209673 0.917865 0.206908 2.05839 0.0559187
1  0.982685 -0.180209 0.0430671 -0.100148 -0.712163 -0.694834  0.155886   0.67849  -0.71788 -0.173137 -0.708427   1.05008 0.00206536 0.909651 0.343716 1.52273 0.0624991
1  0.981566 -0.186502 0.0417659 -0.104171 -0.705292 -0.701221  0.160236  0.683945 -0.711719 -0.178289 -0.716761   1.04349 0.00210343 0.911704 0.23318 2.23225 0.0557437
1  0.986057 -0.163002 0.0334828 -0.090848   -0.6959 -0.712369  0.139419  0.699395 -0.701006 -0.152245 -0.738027   1.03189 0.00217181 0.905544 -0.102925 1.48418 0.0941202
1   0.987835  -0.151708  0.0341612 -0.0839616  -0.705232  -0.703987   0.130892   0.692555  -0.709391  -0.142231  -0.727185    1.04101 0.00209798 0.913758 0.10886 1.52205 0.102625
1   0.988071  -0.149631  0.0364289 -0.0814783  -0.708658  -0.700832   0.130682   0.689503  -0.712396  -0.142442  -0.722586    1.04431 0.00211986 0.917865 0.150395 1.45228 0.102662
1    0.98327  -0.176784  0.0438967 -0.0922418  -0.691057  -0.716891    0.15707   0.700848  -0.695802  -0.176522  -0.741244    1.02588 0.00211901 0.893224 0.232716 2.10172 0.076577
1  0.990275 -0.137453 0.0215026 -0.081368 -0.697577 -0.711875  0.112849  0.703202 -0.701977 -0.117517 -0.742263   1.03284 0.00213315 0.895277 0.183512 3.07333 0.135019
1   0.990463  -0.136256  0.0204314 -0.0813711  -0.698158  -0.711305   0.111184   0.702859  -0.702587  -0.115342  -0.741739    1.03353 0.00214702 0.895277 0.17182 2.40129 0.137136
1  0.981719  -0.18563 0.0420674 -0.102133 -0.700257 -0.706548  0.160615  0.689334 -0.706414  -0.17916 -0.724613   1.03765 0.00214372 0.911704 0.204763 1.49498 0.0585084
1  0.980298 -0.193671 0.0388189 -0.109709 -0.697287 -0.708346  0.164254  0.690132 -0.704797 -0.182648 -0.726048   1.03595 0.00214264 0.911704 0.0805214 1.56312 0.053971
1   0.991347  -0.129081  0.0238457 -0.0744922  -0.702798  -0.707479   0.108081   0.699581  -0.706332  -0.112745  -0.736981    1.03755 0.00218117 0.89117 0.259915 1.21494 0.140987
1   0.988776   -0.14629  0.0303657 -0.0821911  -0.702307  -0.707113    0.12477   0.696681  -0.706448  -0.134832  -0.733285    1.03769 0.00214123 0.905544 0.0185465 1.09543 0.113239
1   0.98143 -0.187351 0.0411547 -0.107162 -0.713469 -0.692443  0.159093  0.675175 -0.720298 -0.176276 -0.703752   1.05279 0.00214342 0.919918 0.0962761 1.31626 0.0577734
0   0.992089   -0.12313  0.0244668 -0.0694381  -0.700596  -0.710172   0.104585   0.702854  -0.703603  -0.109104  -0.741796    1.03448 0.00230687 0.887064 0.260145 2.5953 0.148794
1  0.980972 -0.189729 0.0411844 -0.104524 -0.694874 -0.711494  0.163609  0.693652 -0.701484 -0.182688 -0.731149   1.03222 0.00217749 0.909651 0.0158041 1.30493 0.0592297
1  0.981189 -0.188543 0.0414617 -0.104286 -0.698416 -0.708053  0.162456   0.69041 -0.704941 -0.181153 -0.726346   1.03602 0.00213456 0.909651 0.11335 1.32543 0.0570528
1  0.987951 -0.150549  0.035882 -0.082218 -0.706964 -0.702455  0.131121  0.691041 -0.710824 -0.142923 -0.724943   1.04257 0.00208705 0.913758 0.291469 1.41077 0.102227
1   0.987752  -0.152259  0.0341191 -0.0846523  -0.706595  -0.702536   0.131076   0.691043  -0.710829  -0.142357  -0.725046    1.04256 0.00210201 0.913758 0.129031 1.82657 0.101677
1   0.988878  -0.144717   0.034322 -0.0771694  -0.696507  -0.713388   0.127145   0.702805  -0.699928  -0.138735   -0.74204    1.03071 0.00217571 0.907598 -0.0280188 1.29352 0.115365
1    0.98528  -0.168511  0.0287534 -0.0956725  -0.682962  -0.724162   0.141666   0.710751  -0.689031  -0.154163  -0.755422    1.01858 0.00193484 0.876797 0.283771 1.66946 0.104496
1  0.981932 -0.184473 0.0421754 -0.101496 -0.701523 -0.705382  0.159711  0.688356 -0.707572 -0.178144 -0.723109   1.03891 0.00213163 0.911704 0.0615181 1.38677 0.058943
1   0.990851  -0.133359  0.0207426 -0.0764181  -0.681051  -0.728238   0.111244    0.71999   -0.68501  -0.116673  -0.766979    1.01428 0.00215455 0.882957 0.0584061 1.31182 0.153492
0   0.993309  -0.114279  0.0166529 -0.0673609  -0.690453  -0.720234  0.0938054   0.714293  -0.693532 -0.0946041  -0.757891    1.02355 0.00215089 0.874743 0.191814 1.32284 0.172503
1  0.981838 -0.184589  0.043829 -0.102399 -0.710076  -0.69664  0.159714  0.679499 -0.716081 -0.177973 -0.709904   1.04826 0.0020777 0.915811 0.196692 1.45384 0.0566531
1  0.981637 -0.186899 0.0381712 -0.105393 -0.698172  -0.70813  0.158999  0.691104  -0.70505 -0.176516 -0.727324   1.03617 0.00215679 0.909651 0.12134 1.18123 0.060892
1  0.981368  -0.18776  0.040784 -0.103813 -0.696768 -0.709744  0.161679  0.692286 -0.703278 -0.180241 -0.729036   1.03424 0.00214013 0.909651 0.13096 2.1715 0.0596114
1  0.981653  -0.18537 0.0446759 -0.103382 -0.714294 -0.692168  0.160219   0.67485 -0.720353 -0.178126 -0.703226   1.05277 0.00207826 0.913758 0.232177 2.16147 0.0577708
1  0.982395 -0.182586 0.0395358  -0.10168 -0.700116 -0.706752  0.156723   0.69029 -0.706355 -0.173909 -0.725843    1.0376 0.00213167 0.909651 0.322333 1.95141 0.0636091
1  0.981556  -0.18691 0.0401589 -0.104091 -0.698705 -0.707797  0.160354  0.690562 -0.705274 -0.178494 -0.726447   1.03642 0.00211459 0.909651 0.340675 2.66799 0.0592525
1   0.986754  -0.158812  0.0331057 -0.0890305  -0.700736  -0.707844   0.135612    0.69552  -0.705592  -0.147338  -0.732026    1.03688 0.00214012 0.909651 0.0448552 1.5809 0.0966211
1   0.982934  -0.178245  0.0454848 -0.0977672  -0.715625  -0.691608   0.155826   0.675359  -0.720839  -0.173541  -0.703711    1.05347 0.00216157 0.917865 0.125468 1.15275 0.0645744
1  0.982432 -0.183653 0.0331599 -0.103868 -0.685709 -0.720427  0.155046  0.704326 -0.692738 -0.171382 -0.746472   1.02265 0.00211592 0.897331 0.252949 1.64139 0.0810913
1  0.981097  -0.18897   0.04171 -0.104811 -0.700065 -0.706345  0.162678  0.688621 -0.706638 -0.181301 -0.723584   1.03791 0.00210581 0.911704 0.256565 2.38519 0.0552353
1  0.981323 -0.187436 0.0432773 -0.103914 -0.705834 -0.700714  0.161886   0.68313 -0.712128 -0.180588 -0.715725    1.0439 0.00213052 0.911704 0.183377 1.56624 0.05373
1  0.981702 -0.185755 0.0418985 -0.102796 -0.702186 -0.704534  0.160291  0.687336 -0.708432 -0.178619 -0.721688   1.03987 0.00212472 0.911704 0.165299 1.22897 0.0574005
1   0.988271  -0.147798   0.038407 -0.0784514  -0.707172  -0.702675   0.131015   0.691421  -0.710473   -0.14343  -0.725436    1.04217 0.00215807 0.915811 -0.0625269 1.40896 0.10366
1  0.981587 -0.185504  0.045559  -0.10189 -0.710221 -0.696567  0.161573  0.679099 -0.716044  -0.18039 -0.709416   1.04815 0.00206624 0.913758 0.138197 1.3312 0.0547922
1  0.981267 -0.188193 0.0412257 -0.104307  -0.69888 -0.707593  0.161975  0.690037 -0.705417 -0.180526 -0.725768   1.03657 0.00215229 0.911704 0.10246 1.27536 0.0571758
1   0.991465  -0.126409   0.031907 -0.0668842  -0.703248  -0.707792    0.11191   0.699617    -0.7057  -0.119711  -0.736645    1.03696 0.00225215 0.905544 -0.128343 1.17276 0.137022
1  0.982115 -0.185082  0.034579 -0.106745 -0.698611 -0.707494  0.155101  0.691149 -0.705873 -0.170994 -0.727155   1.03722 0.0021528 0.909651 0.216758 1.11122 0.0650647
1  0.981226 -0.188317 0.0416099 -0.105216 -0.703524  -0.70284   0.16163  0.685267  -0.71013 -0.179875 -0.718684   1.04174 0.00208954 0.911704 0.22189 1.20361 0.0543505
1   0.988172  -0.149489  0.0341778 -0.0809639  -0.697893  -0.711611   0.130231   0.700427  -0.701742   -0.14194  -0.738551    1.03269 0.00216181 0.913758 0.124334 1.20005 0.108667
1  0.981457 -0.187377 0.0403901 -0.103791 -0.696656 -0.709858  0.161149  0.692503 -0.703186 -0.179536 -0.729268   1.03412 0.00212446 0.909651 0.154517 1.73901 0.0603207
1   0.988577  -0.146289  0.0362602 -0.0790018  -0.707855  -0.701926   0.128351   0.691043  -0.711326  -0.139916  -0.724838    1.04306 0.00212144 0.913758 0.271399 1.29481 0.106982
1    0.98822  -0.148623   0.036494 -0.0808274  -0.709365  -0.700191   0.129952   0.688993  -0.713022   -0.14168  -0.721815      1.045 0.00211433 0.917865 0.150381 1.15703 0.103717
1   0.988068  -0.150759  0.0315242 -0.0832916  -0.695186  -0.713988   0.129556   0.702843  -0.699447  -0.140753  -0.742559    1.03012 0.00210124 0.899384 0.200101 1.42973 0.110972
1  0.991327 -0.128238 0.0287497 -0.069405 -0.696615 -0.714081    0.1116  0.705892 -0.699473 -0.118881 -0.745988    1.0301 0.00212093 0.893224 0.109335 1.4867 0.140539
1  0.981452 -0.187291 0.0409204  -0.10319 -0.695997 -0.710591  0.161568  0.693189 -0.702414 -0.180201 -0.730313   1.03328 0.00214442 0.909651 0.190853 1.18314 0.0607701
1   0.988626  -0.145412  0.0383816 -0.0791979  -0.720336  -0.689089   0.127849   0.678212   -0.72366  -0.139324   -0.70628    1.05659 0.00226421 0.921971 0.214957 2.44033 0.108116
1   0.988718   -0.14677  0.0299092 -0.0824797  -0.700151  -0.709214   0.125032   0.698746  -0.704358  -0.134737  -0.736028    1.03553 0.00211209 0.909651 0.15407 1.13931 0.114127
1   0.988175  -0.148977   0.036279 -0.0797837  -0.701638  -0.708053   0.130938   0.696785  -0.705227  -0.143118  -0.733292    1.03645 0.0021562 0.913758 -0.0677175 1.86497 0.105694
1   0.988304  -0.148035  0.0366176 -0.0802341  -0.708967  -0.700662   0.129683   0.689529  -0.712553  -0.141429  -0.722611    1.04446 0.00213142 0.917865 0.209277 1.21278 0.104389
1  0.981376 -0.188591 0.0365217 -0.103514 -0.679346  -0.72648  0.161818   0.70917 -0.686216 -0.180481 -0.753988   1.01541 0.00208242 0.889117 0.105248 1.44864 0.0846161
1   0.988134  -0.149517  0.0351565 -0.0820188  -0.707176  -0.702264   0.129862   0.691048  -0.711048  -0.141327  -0.724959    1.04281 0.00209856 0.913758 0.148649 1.20734 0.104022
1   0.985485  -0.167506  0.0276035 -0.0963618    -0.6858  -0.721382   0.139766   0.708251  -0.691987  -0.151376  -0.751762    1.02185 0.00199781 0.880903 0.319973 2.07914 0.103075
1   0.98134 -0.186682 0.0460542 -0.103091 -0.713017 -0.693526  0.162306  0.675837 -0.718958 -0.181298 -0.704724   1.05136 0.00210596 0.917865 0.12368 1.2466 0.0546253
