1   0.991211  -0.129801   0.025531 -0.0734741   -0.70067  -0.709692   0.110007   0.701579  -0.704049  -0.115566  -0.739694    1.03509 0.0020795 0.89117 0.128433 0.107013 0.139356
1   0.985606  -0.166535  0.0291111 -0.0950307  -0.688159   -0.71931   0.139823   0.706189  -0.694079    -0.1517  -0.748679    1.02414 0.00201502 0.882957 0.248255 0.206383 0.100557
1  0.981566 -0.186806 0.0403856 -0.103758 -0.698305 -0.708241  0.160505  0.690995 -0.704815 -0.178735 -0.727091   1.03588 0.00212819 0.909651 0.0906208 0.165907 0.0595706
1   0.985287  -0.168263  0.0299606 -0.0964896  -0.692338  -0.715093   0.141066   0.701681  -0.698387  -0.153005  -0.741967    1.02889 0.00207329 0.89117 0.167344 0.0592369 0.093769
1  0.981566 -0.186807 0.0403856 -0.103758 -0.698304 -0.708241  0.160505  0.690995 -0.704815 -0.178735 -0.727091   1.03588 0.00212817 0.909651 0.159184 0.279584 0.0595706
0   0.997528 -0.0695579 0.00993958 -0.0419745  -0.703355  -0.709598  0.0563492   0.707427  -0.704536 -0.0486417  -0.745938    1.03544 0.00238864 0.876797 0.0982358 0.0684574 0.228577
1   0.991409  -0.128997  0.0216268 -0.0748739  -0.695288  -0.714821   0.107246    0.70706  -0.698973  -0.111416  -0.747907    1.02951 0.00217495 0.887064 0.0701667 0.145617 0.146691
1  0.981476 -0.187314 0.0402369 -0.104081 -0.697624 -0.708864  0.160851  0.691545 -0.704197 -0.179121 -0.727948   1.03521 0.0021426 0.909651 0.135063 0.119544 0.0596634
1   0.987389  -0.154796  0.0331901 -0.0866049  -0.703636  -0.705263   0.132526   0.693494  -0.708169  -0.143859  -0.728831    1.03966 0.00209583 0.909651 0.114276 0.164534 0.100174
1  0.981924 -0.184902 0.0404547 -0.101592 -0.695196 -0.711605  0.159701  0.694633 -0.701414 -0.178104 -0.732459   1.03213 0.00214257 0.905544 0.0260445 0.200969 0.0644387
1   0.991144  -0.129871  0.0277066 -0.0719438  -0.700524  -0.709993   0.111617   0.701712  -0.703664  -0.118332  -0.739892    1.03469 0.00216996 0.899384 0.0586379 0.0710374 0.137279
1  0.987942 -0.151306 0.0328086 -0.084909 -0.706712 -0.702388  0.129462  0.691133 -0.711038 -0.140059 -0.725141   1.04276 0.00206 0.909651 0.134677 0.0868251 0.103995
1   0.987585  -0.153521  0.0332842 -0.0858501  -0.704915  -0.704078   0.131553   0.692479  -0.709343  -0.142735  -0.727239    1.04093 0.00207117 0.909651 0.310535 0.0941108 0.101245
1   0.990673  -0.134132   0.023986 -0.0778786  -0.701819  -0.708086   0.111811   0.699614  -0.705719   -0.11695   -0.73683    1.03697 0.00213296 0.899384 0.15956 0.0677724 0.134912
1  0.981566 -0.186806 0.0403856 -0.103758 -0.698304 -0.708241  0.160505  0.690995 -0.704815 -0.178735 -0.727091   1.03588 0.00212818 0.909651 0.182458 0.212054 0.0595706
1   0.991163  -0.130327  0.0247153 -0.0743376  -0.700039  -0.710224   0.109863   0.702111  -0.703541  -0.115142  -0.740488    1.03454 0.00208958 0.89117 0.0623078 0.145365 0.139721
1   0.991409  -0.128997  0.0216267 -0.0748739  -0.695288  -0.714821   0.107246    0.70706  -0.698973  -0.111416  -0.747907    1.02951 0.00217496 0.887064 0.080363 0.0425856 0.146691
0   0.994134  -0.107216   0.014216 -0.0649778   -0.69716  -0.713965  0.0864591   0.708854  -0.700037  -0.085142  -0.749426    1.03061 0.00219334 0.880903 0.183585 0.182612 0.179569
0   0.994306  -0.104909  0.0186809 -0.0606189  -0.701056  -0.710525  0.0876367   0.705347  -0.703424 -0.0877632  -0.744155    1.03433 0.00226345 0.89117 -0.102527 0.0777868 0.176601
1   0.991163  -0.130327  0.0247153 -0.0743376  -0.700039  -0.710224   0.109863   0.702111  -0.703541  -0.115142  -0.740488    1.03454 0.0020896 0.89117 0.171804 0.151264 0.139722
1  0.975108 -0.217039 0.0453673 -0.120451  -0.69029 -0.713436   0.18616  0.690213  -0.69925 -0.210326 -0.728023   1.02963 0.00223132 0.895277 0.224136 0.156003 0.0449075
1  0.990862 -0.132361 0.0259424 -0.075101 -0.701175 -0.709023  0.112037  0.700595 -0.704708 -0.118075  -0.73836   1.03582 0.0020805 0.893224 -0.0640581 0.096381 0.135511
1  0.981566 -0.186806 0.0403857 -0.103758 -0.698305 -0.708241  0.160505  0.690995 -0.704815 -0.178735 -0.727091   1.03588 0.00212818 0.909651 0.18629 0.278267 0.0595706
0   0.994306  -0.104909  0.0186808  -0.060619  -0.701056  -0.710525  0.0876367   0.705347  -0.703424 -0.0877631  -0.744155    1.03433 0.00226347 0.89117 0.0895099 0.187936 0.176601
1   0.986675  -0.159529  0.0319928 -0.0906062  -0.702048  -0.706342   0.135142   0.694031  -0.707147   -0.14642   -0.72996    1.03852 0.00212798 0.907598 0.0737115 0.139146 0.0961119
1  0.981566 -0.186806 0.0403856 -0.103758 -0.698304 -0.708241  0.160505  0.690995 -0.704815 -0.178735 -0.727091   1.03588 0.00212819 0.909651 -0.00165135 0.0609689 0.0595706
1   0.991409  -0.128997  0.0216268 -0.0748739  -0.695288  -0.714821   0.107246    0.70706  -0.698973  -0.111416  -0.747907    1.02951 0.00217494 0.887064 0.138255 0.0422492 0.146691
1   0.991163  -0.130327  0.0247153 -0.0743375   -0.70004  -0.710224   0.109863   0.702111  -0.703541  -0.115142  -0.740488    1.03454 0.00208961 0.89117 0.0211887 0.131308 0.139721
1   0.987298  -0.155323  0.0334431 -0.0868514  -0.703862  -0.705007   0.133043   0.693147  -0.708411  -0.144531  -0.728382    1.03992 0.00210235 0.909651 0.124593 0.0912492 0.0992358
0   0.994401  -0.104525  0.0155286 -0.0624869  -0.700142  -0.711265  0.0852169   0.706312  -0.702753  -0.083971  -0.745578    1.03358 0.00225953 0.887064 0.0877349 0.273211 0.180416
1   0.986675  -0.159529  0.0319928 -0.0906061  -0.702048  -0.706342   0.135142   0.694031  -0.707147   -0.14642   -0.72996    1.03852 0.00212799 0.907598 -0.0215732 0.122273 0.0961119
0   0.994069  -0.107613  0.0157205 -0.0640714  -0.696291  -0.714894   0.087878   0.709647  -0.699056 -0.0872324  -0.750627    1.02955 0.00225713 0.88501 0.339131 0.338967 0.178145
1   0.991144  -0.129861  0.0277514 -0.0719136  -0.700583  -0.709938   0.111635   0.701655  -0.703718  -0.118389  -0.739808    1.03475 0.00216693 0.899384 0.121133 0.0878537 0.13721
1   0.98167 -0.186501 0.0392564 -0.103692 -0.695461 -0.711043  0.159912  0.693939 -0.702052 -0.177912 -0.731429   1.03283 0.00214795 0.907598 0.186183 0.101618 0.0630836
1   0.990673  -0.134132   0.023986 -0.0778786  -0.701819  -0.708086   0.111811   0.699614  -0.705719   -0.11695   -0.73683    1.03697 0.00213295 0.899384 0.044978 0.0644408 0.134912
1  0.975329 -0.214995 0.0501063 -0.117833 -0.698952 -0.705394  0.186678  0.682087 -0.707042 -0.211614 -0.715903   1.03817 0.00225567 0.903491 0.0926536 0.112463 0.0357213
1  0.975384 -0.214774 0.0499872 -0.117753 -0.698947 -0.705413  0.186443  0.682162 -0.707032 -0.211295 -0.716002   1.03816 0.00225421 0.903491 0.0508678 0.091508 0.0357295
1   0.985542  -0.166854  0.0294343 -0.0949276  -0.687677  -0.719784    0.14034   0.706583  -0.693574  -0.152525   -0.74927    1.02359 0.00194522 0.87885 0.175968 0.0752091 0.100409
1  0.981547 -0.186905 0.0403972 -0.103794 -0.698184 -0.708355    0.1606   0.69109   -0.7047 -0.178849 -0.727243   1.03576 0.00213066 0.909651 0.115779 0.128866 0.0595533
1   0.991163  -0.130327  0.0247153 -0.0743376   -0.70004  -0.710224   0.109863   0.702111  -0.703541  -0.115142  -0.740488    1.03454 0.00208959 0.89117 0.136716 0.162095 0.139721
1  0.981566 -0.186806 0.0403856 -0.103758 -0.698304 -0.708241  0.160505  0.690995 -0.704815 -0.178735 -0.727091   1.03588 0.00212819 0.909651 0.143851 0.183294 0.0595707
1  0.981566 -0.186806 0.0403856 -0.103758 -0.698305 -0.708241  0.160505  0.690995 -0.704815 -0.178735 -0.727091   1.03588 0.00212819 0.909651 0.172229 0.361432 0.0595706
1  0.981566 -0.186806 0.0403856 -0.103758 -0.698305 -0.708241  0.160505  0.690995 -0.704815 -0.178735 -0.727091   1.03588 0.00212819 0.909651 0.131887 0.106243 0.0595707
1  0.981566 -0.186806 0.0403856 -0.103758 -0.698305 -0.708241  0.160505  0.690995 -0.704815 -0.178735 -0.727091   1.03588 0.0021282 0.909651 0.0423526 0.0744901 0.0595706
1   0.985606  -0.166535  0.0291111 -0.0950307  -0.688159   -0.71931   0.139823   0.706189  -0.694079    -0.1517  -0.748679    1.02414 0.00201502 0.882957 0.156853 0.0569861 0.100557
1   0.987852  -0.151567  0.0342893 -0.0839728  -0.706317  -0.702897   0.130755   0.691479  -0.710464  -0.142143  -0.725629    1.04216 0.00209156 0.913758 0.180664 0.161557 0.102381
1   0.987481  -0.154204  0.0331959 -0.0862737  -0.704187  -0.704754   0.132052   0.693067  -0.708675  -0.143315  -0.728155     1.0402 0.00208399 0.909651 0.259741 0.204282 0.100698
0   0.994176  -0.106124  0.0187739 -0.0609055  -0.696967  -0.714512  0.0889116   0.709207  -0.699372 -0.0893661  -0.749907    1.02988 0.00223059 0.88501 0.0897367 0.106116 0.176891
1   0.985287  -0.168263  0.0299606 -0.0964896  -0.692338  -0.715093   0.141066   0.701681  -0.698387  -0.153005  -0.741967    1.02889 0.00207328 0.89117 0.270074 0.0808994 0.0937689
1   0.991144  -0.129861  0.0277514 -0.0719135  -0.700583  -0.709938   0.111635   0.701655  -0.703718  -0.118389  -0.739808    1.03475 0.00216693 0.899384 0.292848 0.0806996 0.13721
1   0.991009  -0.131542  0.0244404 -0.0755109  -0.700698  -0.709451   0.110448   0.701227  -0.704331  -0.115662  -0.739185    1.03542 0.00212623 0.895277 0.357496 0.179924 0.13816
1  0.988214 -0.149027  0.034979 -0.081503  -0.70566 -0.703848  0.129575  0.692701 -0.709489 -0.141059 -0.727304   1.04109 0.0020965 0.913758 0.181105 0.154731 0.105089
1   0.991163  -0.130327  0.0247152 -0.0743376  -0.700039  -0.710224   0.109863   0.702111  -0.703541  -0.115142  -0.740488    1.03454 0.0020896 0.89117 0.0513212 0.128679 0.139721
1     0.9878  -0.151963  0.0340324 -0.0844456   -0.70632  -0.702838   0.130843    0.69139  -0.710535  -0.142134  -0.725532    1.04223 0.00209952 0.913758 0.100613 0.0450841 0.102137
1   0.985606  -0.166535   0.029111 -0.0950308  -0.688159   -0.71931   0.139823   0.706189  -0.694079    -0.1517  -0.748679    1.02414 0.00201502 0.882957 0.386253 0.133233 0.100557
1   0.991163  -0.130327  0.0247153 -0.0743376  -0.700039  -0.710224   0.109863   0.702111  -0.703541  -0.115142  -0.740488    1.03454 0.0020896 0.89117 0.198889 0.216326 0.139721
1   0.986472  -0.160788   0.031953 -0.0916265  -0.702419  -0.705841   0.135935   0.693364  -0.707649  -0.147236  -0.729025    1.03906 0.00212356 0.907598 0.111362 0.0999237 0.0945013
0    0.99436  -0.104383   0.018752 -0.0604567   -0.70318  -0.708437  0.0871351   0.703308  -0.705525 -0.0871003  -0.741107    1.03662 0.00223443 0.89117 0.00877276 0.0871894 0.176437
1   0.991163  -0.130327  0.0247152 -0.0743376  -0.700039  -0.710224   0.109863   0.702111  -0.703541  -0.115142  -0.740488    1.03454 0.0020896 0.89117 0.144096 0.40056 0.139722
1   0.986374   -0.16132  0.0322674 -0.0919801  -0.703383  -0.704835   0.136401   0.692263  -0.708637  -0.147731  -0.727406    1.04014 0.00211211 0.907598 0.0996968 0.0431151 0.0932902
1  0.975294 -0.214679 0.0521036 -0.116568 -0.700464 -0.704104  0.187653  0.680635 -0.708183 -0.213277 -0.713787   1.03939 0.00229724 0.905544 0.131063 0.129371 0.0354129
0   0.997884 -0.0643787 0.00913394 -0.0389082  -0.703734  -0.709397  0.0520979   0.707541   -0.70475 -0.0436242  -0.745981    1.03561 0.00243717 0.876797 0.225568 0.045119 0.235638
1  0.991009 -0.131542 0.0244404 -0.075511 -0.700698 -0.709451  0.110448  0.701227 -0.704331 -0.115662 -0.739185   1.03542 0.00212623 0.895277 0.289728 0.180751 0.138159
1   0.985606  -0.166535  0.0291111 -0.0950307  -0.688159   -0.71931   0.139823   0.706189  -0.694079    -0.1517  -0.748679    1.02414 0.00201503 0.882957 -0.0233105 0.0490169 0.100557
1  0.983915 -0.175488 0.0333891 -0.101302 -0.702082 -0.704854  0.147136  0.690134 -0.708566 -0.159986 -0.724995   1.04009 0.00216042 0.905544 0.0823361 0.046584 0.0761442
1  0.987942 -0.151306 0.0328086 -0.084909 -0.706712 -0.702388  0.129462  0.691133 -0.711037 -0.140059 -0.725141   1.04276 0.00206001 0.909651 0.174384 0.086639 0.103995
1   0.98183 -0.185441  0.040259 -0.102312 -0.695993 -0.710722  0.159817  0.693689  -0.70232 -0.178105 -0.731053   1.03313 0.0021802 0.909651 0.210557 0.258861 0.0631591
0   0.994162  -0.106919  0.0145121 -0.0645741  -0.697319  -0.713846   0.086443   0.708741  -0.700152 -0.0852007  -0.749261    1.03072 0.00219541 0.880903 0.15968 0.150374 0.179599
0   0.994401  -0.104525  0.0155286 -0.0624868  -0.700141  -0.711265  0.0852168   0.706312  -0.702753  -0.083971  -0.745579    1.03358 0.00225955 0.887064 0.128414 0.195876 0.180417
1  0.981566 -0.186806 0.0403857 -0.103758 -0.698305 -0.708241  0.160505  0.690995 -0.704815 -0.178735 -0.727091   1.03588 0.00212816 0.909651 0.210533 0.132197 0.0595705
1  0.981566 -0.186806 0.0403856 -0.103758 -0.698304 -0.708241  0.160505  0.690995 -0.704815 -0.178735 -0.727091   1.03588 0.00212819 0.909651 0.0867204 0.19105 0.0595707
0   0.997429  -0.071368 0.00649588 -0.0456938   -0.70319  -0.709532  0.0552057   0.707411  -0.704644 -0.0463351  -0.745982    1.03551 0.00232272 0.870637 0.211885 0.107706 0.229604
1   0.991163  -0.130327  0.0247153 -0.0743376  -0.700039  -0.710224   0.109863   0.702111  -0.703541  -0.115142  -0.740488    1.03454 0.0020896 0.89117 0.0422107 0.138004 0.139721
1  0.980414 -0.192626 0.0410232 -0.107843 -0.699373 -0.706574  0.164795  0.688311 -0.706449 -0.183656 -0.723389   1.03766 0.00214198 0.911704 0.0968823 0.11269 0.0522864
1   0.991242  -0.129128  0.0276601 -0.0720555   -0.70439  -0.706146   0.110667   0.697969  -0.707526   -0.11701  -0.734323    1.03891 0.00222447 0.905544 0.153228 0.185672 0.13676
1  0.981476 -0.187315 0.0402369 -0.104081 -0.697624 -0.708864  0.160851  0.691545 -0.704197 -0.179121 -0.727948   1.03521 0.00214262 0.909651 0.0315641 0.0547822 0.0596634
1  0.981547 -0.186905 0.0403972 -0.103794 -0.698184 -0.708355    0.1606   0.69109   -0.7047 -0.178849 -0.727243   1.03576 0.00213064 0.909651 0.114978 0.132155 0.0595532
0    0.99737 -0.0722039 0.00633349 -0.0463842  -0.702969  -0.709706  0.0556958   0.707546  -0.704469 -0.0468589  -0.746179    1.03533 0.0023095 0.870637 0.167667 0.219073 0.228774
0   0.997528 -0.0695579 0.00993958 -0.0419745  -0.703355  -0.709598  0.0563492   0.707427  -0.704536 -0.0486418  -0.745938    1.03544 0.00238864 0.876797 0.189081 0.0785125 0.228577
1   0.991409  -0.128997  0.0216267 -0.0748739  -0.695288  -0.714821   0.107246   0.707061  -0.698973  -0.111416  -0.747907    1.02951 0.00217496 0.887064 0.098803 0.0696571 0.146691
0   0.994286     -0.105  0.0192542  -0.060008  -0.698922  -0.712676  0.0882884   0.707448  -0.701229 -0.0887194  -0.747258    1.03191 0.00226633 0.889117 -0.0708341 0.0574376 0.176921
1   0.989181  -0.144423  0.0257629 -0.0837364  -0.700035  -0.709182   0.120457   0.699352  -0.704555  -0.127757  -0.736863    1.03565 0.00216203 0.901437 0.19967 0.0778812 0.12107
1   0.986627  -0.159975  0.0312157 -0.0905019  -0.696969  -0.711368   0.135557    0.69903  -0.702126  -0.147003  -0.737503    1.03299 0.00204532 0.895277 0.0995133 0.087743 0.0989659
1   0.991163  -0.130327  0.0247153 -0.0743376  -0.700039  -0.710224   0.109863   0.702111  -0.703541  -0.115142  -0.740488    1.03454 0.00208961 0.89117 0.0867882 0.167487 0.139722
0   0.994132  -0.107235  0.0142151 -0.0648438  -0.695945  -0.715161   0.086583   0.710043  -0.698815 -0.0853216  -0.751193    1.02927 0.00220913 0.880903 0.169934 0.0908352 0.18016
1  0.981547 -0.186905 0.0403972 -0.103794 -0.698184 -0.708355    0.1606  0.691091   -0.7047 -0.178849 -0.727243   1.03576 0.00213064 0.909651 0.176225 0.141055 0.0595534
0   0.994132  -0.107235  0.0142151 -0.0648439  -0.695945  -0.715161   0.086583   0.710043  -0.698815 -0.0853215  -0.751194    1.02927 0.00220914 0.880903 0.159047 0.200618 0.18016
1   0.991163  -0.130327  0.0247152 -0.0743376  -0.700039  -0.710224   0.109863   0.702111  -0.703541  -0.115142  -0.740488    1.03454 0.0020896 0.89117 0.148713 0.144151 0.139722
1  0.980414 -0.192625 0.0410232 -0.107843 -0.699373 -0.706574  0.164795  0.688311 -0.706449 -0.183656 -0.723389   1.03766 0.00214198 0.911704 0.130209 0.16643 0.0522864
1  0.981547 -0.186905 0.0403972 -0.103794 -0.698184 -0.708355    0.1606  0.691091   -0.7047 -0.178849 -0.727243   1.03576 0.00213064 0.909651 0.212826 0.229187 0.0595533
1   0.986181  -0.162248    0.03351 -0.0914521  -0.701782  -0.706497   0.138145   0.693669  -0.706922  -0.150398  -0.729658    1.03828 0.00213365 0.905544 0.163724 0.218796 0.091603
1   0.985639  -0.166318  0.0292127 -0.0946943  -0.687619   -0.71987   0.139815   0.706766  -0.693494  -0.151771  -0.749514     1.0235 0.00201763 0.882957 0.370909 0.316429 0.101303
1  0.981786 -0.185661 0.0403327 -0.102443 -0.696094 -0.710605  0.160007   0.69353 -0.702434 -0.178335 -0.730838   1.03325 0.0021818 0.909651 0.0262541 0.0767725 0.0627883
0    0.99436  -0.104383   0.018752 -0.0604567   -0.70318  -0.708437  0.0871351   0.703308  -0.705525 -0.0871003  -0.741107    1.03662 0.00223443 0.89117 0.0959903 0.102397 0.176437
0   0.994176  -0.106124  0.0187739 -0.0609055  -0.696967  -0.714512  0.0889116   0.709207  -0.699371 -0.0893662  -0.749907    1.02988 0.00223059 0.88501 0.212462 0.114227 0.176891
1   0.985606  -0.166535   0.029111 -0.0950308  -0.688159   -0.71931   0.139823   0.706189  -0.694079    -0.1517  -0.748679    1.02414 0.00201502 0.882957 0.288618 0.212243 0.100557
1  0.982218 -0.183623   0.03912 -0.102361 -0.698438 -0.708312  0.157386  0.691713 -0.704814 -0.174665  -0.72796   1.03587 0.00214269 0.909651 0.178713 0.0940076 0.0638503
0   0.997512 -0.0697995 0.00985955 -0.0421959   -0.70327  -0.709669  0.0564685   0.707488  -0.704466 -0.0487459  -0.746024    1.03537 0.00238663 0.876797 0.0624062 0.0900506 0.228381
1   0.991144  -0.129861  0.0277514 -0.0719136  -0.700583  -0.709938   0.111635   0.701655  -0.703717  -0.118389  -0.739808    1.03475 0.00216693 0.899384 -0.0668894 0.0738065 0.13721
1   0.985593  -0.166614  0.0290907 -0.0951327  -0.688313  -0.719149   0.139844   0.706021  -0.694247  -0.151709  -0.748428    1.02432 0.00201208 0.882957 0.160787 0.0593067 0.100311
1  0.991129 -0.130591 0.0246747 -0.074552 -0.700012 -0.710229  0.110022  0.702089 -0.703538 -0.115307 -0.740459   1.03454 0.00208621 0.89117 0.130015 0.0989369 0.139441
1  0.981558 -0.186849 0.0403858  -0.10367 -0.697793 -0.708758  0.160611    0.6915 -0.704295 -0.178884 -0.727847   1.03531 0.00213857 0.909651 -0.0714375 0.106768 0.0599419
1  0.987942 -0.151306 0.0328086 -0.084909 -0.706712 -0.702388  0.129462  0.691133 -0.711037 -0.140059 -0.725141   1.04276 0.00206001 0.909651 0.250515 0.09953 0.103995
1   0.991163  -0.130327  0.0247153 -0.0743376   -0.70004  -0.710224   0.109863   0.702111  -0.703541  -0.115142  -0.740488    1.03454 0.00208961 0.89117 0.221864 0.151042 0.139721
1  0.991157 -0.130211 0.0255382 -0.073747 -0.700565 -0.709768  0.110311  0.701608 -0.703973 -0.115934 -0.739775   1.03501 0.00208304 0.89117 0.156238 0.137282 0.138879
1  0.991129 -0.130591 0.0246747 -0.074552 -0.700012 -0.710229  0.110022  0.702089 -0.703538 -0.115307 -0.740459   1.03454 0.00208622 0.89117 0.169736 0.109342 0.139441
0   0.994639  -0.101506  0.0197274 -0.0578775  -0.704585  -0.707256  0.0856902   0.702322  -0.706683 -0.0856273  -0.739586    1.03788 0.00224193 0.89117 0.230016 0.102391 0.178763
1  0.987942 -0.151306 0.0328086 -0.084909 -0.706712 -0.702388  0.129462  0.691133 -0.711038 -0.140059 -0.725141   1.04276 0.00206002 0.909651 0.172201 0.0873247 0.103995
1  0.981566 -0.186806 0.0403857 -0.103758 -0.698305 -0.708241  0.160505  0.690995 -0.704815 -0.178735 -0.727091   1.03588 0.00212818 0.909651 0.189845 0.112031 0.0595706
1   0.986626   -0.15998  0.0312263 -0.0904987  -0.696973  -0.711363   0.135568   0.699024   -0.70213  -0.147023  -0.737494      1.033 0.00204514 0.895277 0.141162 0.106006 0.0989448
1  0.981547 -0.186905 0.0403972 -0.103794 -0.698184 -0.708355    0.1606   0.69109   -0.7047 -0.178849 -0.727243   1.03576 0.00213065 0.909651 0.196048 0.108997 0.0595532
1   0.991276  -0.129247  0.0258345 -0.0731892  -0.702777  -0.707635   0.109616   0.699571  -0.706106  -0.115128  -0.736688    1.03735 0.00217547 0.899384 0.245722 0.199831 0.138912
1   0.991163  -0.130327  0.0247153 -0.0743376  -0.700039  -0.710224   0.109863   0.702111  -0.703541  -0.115142  -0.740488    1.03454 0.00208961 0.89117 0.163073 0.147907 0.139722
1   0.986338  -0.161551  0.0322231 -0.0921682  -0.703321  -0.704872   0.136536   0.692272  -0.708602  -0.147874  -0.727437     1.0401 0.00211405 0.907598 0.126574 0.117204 0.0930716
1  0.981558 -0.186849 0.0403858  -0.10367 -0.697793 -0.708758  0.160611    0.6915 -0.704295 -0.178884 -0.727847   1.03531 0.00213858 0.909651 -0.0589943 0.243521 0.059942
1  0.981566 -0.186806 0.0403857 -0.103758 -0.698305 -0.708241  0.160505  0.690995 -0.704815 -0.178735 -0.727091   1.03588 0.00212819 0.909651 0.210474 0.113843 0.0595707
1   0.991163  -0.130327  0.0247153 -0.0743375  -0.700039  -0.710224   0.109863   0.702111  -0.703541  -0.115142  -0.740488    1.03454 0.00208962 0.89117 0.102156 0.159032 0.139722
1   0.985542  -0.166854  0.0294343 -0.0949276  -0.687677  -0.719784    0.14034   0.706583  -0.693574  -0.152525  -0.749271    1.02359 0.00194522 0.87885 0.210854 0.0704588 0.100409
1  0.981566 -0.186806 0.0403857 -0.103758 -0.698305 -0.708241  0.160505  0.690995 -0.704815 -0.178735 -0.727091   1.03588 0.00212818 0.909651 0.206408 0.226443 0.0595706
1   0.990853  -0.132282  0.0266937 -0.0751311   -0.70506  -0.705157   0.112101   0.696701  -0.708549  -0.118186  -0.732534    1.04005 0.0021637 0.903491 0.0996546 0.0685605 0.133554
