1  -0.994342 -0.0944589  0.0485887 -0.0773457   0.330311  -0.940698  0.0728079  -0.939134  -0.335748 0.00548881   0.335925   0.158914 0.00197867 0.994645 0.219655 5.80234 0.0413599
1   -0.990571   -0.124603   0.0569523  -0.0961239    0.335903   -0.936979   0.0976197   -0.933619   -0.344713 0.000596458    0.334747    0.161512 0.00202107 0.994645 0.539081 15.3357 0.0659439
1  0.980153 -0.194207  0.039795 -0.110142 -0.700385 -0.705216   0.16483  0.686837 -0.707875 -0.183053   -0.7214   1.03921 0.00212374 0.907598 0.15938 8.60504 0.0509566
1  -0.994318 -0.0944751  0.0490542 -0.0778728   0.331362  -0.940285  0.0725788  -0.938762  -0.336836   0.005738   0.335784   0.159259 0.00193212 0.994645 0.312445 6.32455 0.0424393
1  -0.996649 -0.0668836  0.0470825 -0.0657114   0.311969  -0.947817  0.0487051  -0.947735  -0.315319  0.0103903   0.339181   0.152198 0.00195326 0.991968 0.381919 6.77158 0.0212905
1  -0.994379 -0.0938691  0.0489733  -0.077514   0.330363  -0.940666  0.0721204  -0.939175  -0.335782 0.00582369   0.335946   0.158931 0.00193174 0.994645 0.280071 6.74647 0.0411535
1  -0.994561  -0.093088  0.0467181 -0.0751384   0.330647  -0.940759  0.0721262  -0.939152  -0.335843 0.00550562   0.335942   0.159303 0.00196802 0.994645 0.303208 161.016 0.0413062
1  -0.991482  -0.117783  0.0555926 -0.0920938   0.332169  -0.938713  0.0920982  -0.935837  -0.340187 0.00158335   0.335438    0.16043 0.00201067 0.991968 0.26485 79.1919 0.0577166
1  -0.991588  -0.117023  0.0552977 -0.0915042   0.331667  -0.938948  0.0915383   -0.93611  -0.339586 0.00165223   0.335556   0.160225 0.00201973 0.993307 0.350302 40.1361 0.0567071
1  -0.994499 -0.0938169  0.0465788 -0.0753375   0.331734   -0.94036  0.0727698  -0.938696  -0.336977 0.00533096   0.335788   0.159642 0.0019578 0.994645 0.372914 5.55968 0.0427238
1  -0.994538 -0.0932312  0.0469295 -0.0753888   0.330673  -0.940729   0.072187  -0.939129  -0.335896 0.00545338   0.335963   0.159287 0.00196595 0.994645 0.297209 5.47849 0.0413687
1  -0.996676 -0.0675646  0.0455274 -0.0643216   0.309571  -0.948698  0.0500045  -0.948473  -0.312887 0.00983176   0.339616   0.151709 0.00196322 0.991968 0.331496 9.81781 0.0192737
1   0.985447  -0.168314  0.0237751 -0.0981624  -0.677668  -0.728787   0.138776   0.715847  -0.684327  -0.149595  -0.763225    1.01339 0.00193519 0.86653 0.261177 24.1556 0.115088
1   0.990949  -0.133659  0.0124392 -0.0819977   -0.67608  -0.732252   0.106282   0.724604  -0.680921  -0.108556  -0.774537    1.00951 0.00203464 0.852156 0.178613 9.01752 0.165297
1   0.990122  -0.138903  0.0190812 -0.0836758  -0.694606  -0.714508   0.112501   0.705853  -0.699367  -0.116484  -0.746409    1.03001 0.00218406 0.889117 0.101082 8.21806 0.137186
1   0.990948  -0.133664  0.0124547 -0.0820121  -0.676232  -0.732109   0.106279   0.724461  -0.681073   -0.10855  -0.774325    1.00968 0.00203326 0.852156 0.130185 5.78239 0.165115
1  0.977133 -0.203629 0.0612039 -0.111243 -0.734889 -0.669002  0.181206  0.646895 -0.740737 -0.206192 -0.662933   1.07475 0.00245779 0.940452 -0.104712 15.6372 0.0801685
1   0.983436  -0.173628   0.052019 -0.0944085   -0.73568  -0.670717   0.154725   0.654697  -0.739887  -0.173434  -0.672489    1.07394 0.00239805 0.938398 -0.000842379 4.53016 0.0902016
1  -0.994488 -0.0939166  0.0466136 -0.0754498   0.332321  -0.940144  0.0728044  -0.938479  -0.337575  0.0053249   0.335689   0.159833 0.00196001 0.994645 0.205029 22.5026 0.0433725
1   -0.990722   -0.123488   0.0567517  -0.0953825    0.334334   -0.937616     0.09681   -0.934329   -0.343011 0.000577881    0.335027    0.161234 0.00202178 0.993307 0.151906 5.97504 0.0638952
1  -0.994488 -0.0939166  0.0466136 -0.0754498   0.332321  -0.940144  0.0728044  -0.938479  -0.337575  0.0053249   0.335689   0.159833 0.00196001 0.994645 0.29334 12.6696 0.0433725
1   -0.99153  -0.117596  0.0551278 -0.0915952   0.332227  -0.938741  0.0920776   -0.93584  -0.340184 0.00156495    0.33545   0.160406 0.00202129 0.993307 0.30144 6.32727 0.0575635
1  0.983279 -0.174411 0.0523683 -0.094904 -0.736229 -0.670045  0.155418  0.653872 -0.740471 -0.174353 -0.671325   1.07457 0.00246124 0.942505 0.0499074 5.39141 0.0905797
1   0.98078 -0.189007 0.0484391 -0.105252 -0.721547 -0.684318  0.164292  0.666068 -0.727573 -0.183647 -0.690126   1.06075 0.00212606 0.926078 -0.00408371 4.46031 0.0605817
1  0.977188 -0.203378 0.0611643 -0.111138 -0.735119 -0.668767  0.180976  0.646713 -0.740952 -0.205884 -0.662658   1.07499 0.00248793 0.942505 0.156358 3.06465 0.0806281
1  0.977825 -0.200998 0.0587998 -0.110602 -0.734068 -0.670008  0.177833  0.648648 -0.740021 -0.201641 -0.665341   1.07405 0.00245939 0.940452 -0.091102 4.0366 0.0781483
1    0.98327  -0.174483  0.0522958 -0.0950104  -0.736234  -0.670025    0.15541   0.653847  -0.740494  -0.174321   -0.67129     1.0746 0.00246129 0.942505 0.0829087 7.21557 0.0905918
1  -0.991458  -0.117639  0.0563242 -0.0929348   0.334191  -0.937912  0.0915116  -0.935135  -0.342269 0.00187774   0.335029   0.160841 0.00205649 0.994645 0.302318 4.87716 0.00608273
0  -0.979072  -0.187807 -0.0784016  0.0979322  -0.772471   0.627453  -0.178403   0.606643   0.774697   0.208406  -0.604024   -1.11053 0.0032787 0.794661 0.0974326 6.32096 4.68122
1  0.981505 -0.187143 0.0403269 -0.103783 -0.697168 -0.709356  0.160865  0.692051 -0.703696 -0.179189 -0.728686   1.03465 0.00215197 0.909651 0.0978176 4.85734 0.0601959
1  0.981476 -0.187315 0.0402369 -0.104081 -0.697624 -0.708864  0.160851  0.691545 -0.704197 -0.179121 -0.727948   1.03521 0.00214262 0.909651 0.123792 6.93895 0.0596634
0  -0.983697   -0.16746 -0.0655583  0.0870777  -0.762496   0.641106  -0.157348   0.624945   0.764647   0.181253  -0.629287   -1.10032 0.00294491 0.841889 0.0442121 5.82522 4.6746
1   0.988146  -0.149574   0.034572 -0.0821643  -0.705513  -0.703918   0.129679   0.692733   -0.70944  -0.141087  -0.727373    1.04103 0.00209575 0.913758 0.18685 89.4786 0.10477
0  -0.984591  -0.162759 -0.0639601  0.0791583  -0.740932   0.666899  -0.155934   0.651559   0.742398   0.181118  -0.667838   -1.07637 0.00265552 0.7577 0.346891 10.1018 4.63845
1  0.981784  -0.18567 0.0403396 -0.102437 -0.696062 -0.710636  0.160023  0.693559 -0.702402 -0.178352  -0.73088   1.03322 0.00218162 0.909651 0.200842 4.17159 0.0628055
1  0.988004 -0.150543 0.0344298 -0.082996 -0.705634 -0.703699  0.130232  0.692399 -0.709664 -0.141622 -0.726968   1.04127 0.0021098 0.913758 0.106228 3.86977 0.103699
0  -0.975978  -0.199283 -0.0880576   0.102056  -0.775257   0.623347  -0.192489   0.599386   0.776971    0.22723  -0.594544   -1.11243 0.00336528 0.786448 0.182076 4.32278 4.67658
1   0.988125   -0.14968  0.0347238 -0.0821937  -0.705834  -0.703592   0.129823   0.692383  -0.709755  -0.141274   -0.72685    1.04139 0.0020874 0.913758 0.187962 4.19529 0.104429
1  0.981599 -0.186597 0.0405649 -0.103479 -0.698329 -0.708258  0.160486  0.691027 -0.704787 -0.178753 -0.727131   1.03585 0.0021302 0.909651 0.0195921 6.28233 0.0596838
1    0.98784  -0.151643  0.0342865 -0.0840052  -0.706184  -0.703027   0.130822   0.691598  -0.710336  -0.142176  -0.725821    1.04201 0.00209962 0.913758 0.0608147 5.45111 0.102355
1   0.987907  -0.151212  0.0342852 -0.0836921   -0.70619  -0.703058   0.130523   0.691686  -0.710305  -0.141869  -0.725914    1.04198 0.00209251 0.913758 0.313149 3.81266 0.102859
1   0.987896  -0.151282  0.0342934 -0.0837216  -0.706107  -0.703139   0.130587   0.691757  -0.710225   -0.14194  -0.726023     1.0419 0.00209413 0.913758 0.10975 4.08285 0.10279
1   0.986702  -0.159341  0.0321026 -0.0904233  -0.702215  -0.706199   0.135069   0.693905  -0.707285  -0.146354  -0.729759    1.03867 0.00212457 0.907598 0.116496 6.13687 0.0961824
1   0.988162  -0.149392  0.0349093 -0.0818695  -0.705931  -0.703533   0.129745   0.692346  -0.709805  -0.141217  -0.726785    1.04144 0.00208747 0.913758 0.116082 3.48963 0.10462
1  0.981566 -0.186806 0.0403856 -0.103758 -0.698304 -0.708241  0.160505  0.690995 -0.704815 -0.178735 -0.727091   1.03588 0.00212819 0.909651 0.126487 1.23256 0.0595707
1  0.981605 -0.186935 0.0388268 -0.104461 -0.696069 -0.710335  0.159813  0.693212 -0.702792 -0.177551 -0.730364   1.03365 0.00214066 0.907598 0.174525 1.87139 0.0623154
1   0.990882  -0.131836  0.0277754 -0.0738355  -0.703806  -0.706544   0.112696   0.698051  -0.707124  -0.119361  -0.734511     1.0385 0.00220109 0.905544 0.286875 4.7293 0.133462
1  -0.991434  -0.117846  0.0563083 -0.0929995   0.334272  -0.937877  0.0917025   -0.93508  -0.342369 0.00183917    0.33501   0.160873 0.0020403 0.993307 0.509054 9.07082 0.00586498
1  -0.994514 -0.0925962  0.0486605 -0.0765588   0.327338  -0.941801  0.0712787  -0.940359  -0.332632 0.00602545   0.336483   0.157914 0.0019157 0.994645 0.351672 4.49224 0.0341802
1   0.990884  -0.133695  0.0165459 -0.0807897  -0.688025  -0.721176   0.107802   0.713265  -0.692554  -0.110922  -0.757346    1.02244 0.00202469 0.870637 0.322363 4.63895 0.150407
0  0.934786 -0.354305 0.0253661 -0.189109 -0.556845 -0.808802  0.300687   0.75126 -0.587534 -0.352885 -0.832141  0.904814 0.00268642 0.669405 0.517847 10.345 0.321648
1  -0.994562 -0.0932162  0.0464512 -0.0751033   0.332909  -0.939964  0.0721558   -0.93834  -0.338099 0.00549122   0.335574   0.160036 0.00197618 0.994645 0.421439 10074 0.0328325
1  -0.991188  -0.120136  0.0557928 -0.0934407   0.335616  -0.937353  0.0938853  -0.934307  -0.343884 0.00124637   0.334741   0.161395 0.00205534 0.993307 0.32519 10.8641 0.00376169
1  -0.994362 -0.0940491  0.0489786 -0.0775723   0.330263  -0.940696  0.0722957  -0.939192  -0.335697 0.00566405   0.335957     0.1589 0.00194257 0.994645 0.477313 9.95593 0.0318284
1  -0.994754 -0.0901325  0.0483899 -0.0753208   0.325204   -0.94264  0.0692259  -0.941339  -0.330286 0.00626394    0.33685   0.157153 0.00198023 0.995984 0.338133 10.9002 0.0373262
1   0.991276  -0.129247  0.0258345 -0.0731893  -0.702777  -0.707635   0.109616   0.699571  -0.706106  -0.115128  -0.736688    1.03735 0.00217548 0.899384 0.308739 17.5438 0.138912
1  -0.992628  -0.108171  0.0546649 -0.0883758   0.337348  -0.937223   0.082939  -0.935145  -0.344421 0.00364598   0.334634   0.161572 0.00203597 0.994645 0.294445 4.62084 0.0160535
1   -0.99135  -0.118814  0.0557585   -0.09293   0.335432   -0.93747  0.0926817  -0.934542  -0.343572 0.00144099   0.334785   0.161293 0.00205464 0.993307 0.391888 5.05471 0.00497505
0  -0.998611 -0.0369821   0.037532 -0.0471185   0.307957  -0.950233  0.0235833  -0.950681  -0.309272   0.015259   0.339371   0.150807 0.00251124 0.98929 0.264068 5.19962 0.0963501
1  -0.994844 -0.0893714  0.0479414 -0.0745058   0.323326   -0.94335  0.0688078  -0.942058  -0.328317 0.00633066   0.337187   0.156519 0.00198969 0.997323 0.403678 5.40702 0.0389123
1  -0.994479 -0.0931614  0.0482858 -0.0767653    0.33221  -0.940076  0.0715378  -0.938593  -0.337527 0.00592493   0.335645    0.15952 0.00194295 0.994645 0.294343 5.28489 0.032508
1  -0.991388  -0.118544  0.0556478 -0.0927027   0.335144  -0.937595  0.0924961  -0.934679  -0.343248   0.001483   0.334843   0.161191 0.00205032 0.993307 0.531191 30.6615 0.00521814
1  -0.991363   -0.11873  0.0557006 -0.0928438   0.335412  -0.937485  0.0926246   -0.93456  -0.343539 0.00145554   0.334785   0.161288 0.00205557 0.993307 0.287043 10.092 0.00506529
1  -0.991753  -0.115503  0.0555445 -0.0909724   0.329138   -0.93989  0.0902783  -0.937191  -0.336931 0.00208169   0.335958   0.159082 0.00199434 0.993307 0.389293 8.6303 0.0105152
1  -0.994498 -0.0929246  0.0483635 -0.0765535   0.329517  -0.941041  0.0715093  -0.939566  -0.334818  0.0057699   0.336106   0.158645 0.00194544 0.994645 0.40183 12.2137 0.0332612
1  -0.994221 -0.0953387  0.0493545 -0.0784443    0.33129  -0.940263  0.0732928    -0.9387  -0.336854 0.00556521    0.33581   0.159258 0.00190567 0.993307 0.388535 6.61309 0.0302609
1  -0.994844 -0.0893714  0.0479414 -0.0745058   0.323326   -0.94335  0.0688079  -0.942058  -0.328317 0.00633065   0.337187   0.156519 0.00198969 0.997323 0.292336 8.55937 0.0389122
1  -0.996594 -0.0680356   0.046601 -0.0657323   0.314139  -0.947099  0.0497973  -0.946936  -0.317541 0.00997185   0.338803   0.152955 0.00197891 0.991968 0.464012 7.96632 0.0630535
1  -0.991297  -0.119127  0.0560294  -0.093384   0.336331  -0.937102  0.0927893  -0.934179  -0.344529 0.00146934   0.334618   0.161594 0.00206315 0.993307 0.421472 25.9111 0.00494135
1  0.981566 -0.186806 0.0403856 -0.103758 -0.698304 -0.708241  0.160505  0.690995 -0.704815 -0.178735 -0.727091   1.03588 0.00212818 0.909651 0.223097 8.10651 0.0595707
1   0.988177  -0.149307  0.0348418 -0.0817861   -0.70556  -0.703915   0.129682   0.692743   -0.70943  -0.141148  -0.727366    1.04103 0.00209275 0.913758 0.278125 14.561 0.104876
1  0.988222 -0.149009 0.0348276 -0.081568   -0.7055    -0.704  0.129473  0.692868 -0.709345 -0.140933 -0.727559   1.04093 0.00210168 0.913758 0.13915 8.35788 0.105263
1  0.981924 -0.184902 0.0404547 -0.101592 -0.695195 -0.711605  0.159701  0.694633 -0.701414 -0.178104 -0.732459   1.03213 0.00214258 0.905544 0.198267 6.72986 0.0644388
1  0.981924 -0.184902 0.0404547 -0.101592 -0.695195 -0.711605  0.159701  0.694633 -0.701414 -0.178104 -0.732459   1.03213 0.00214257 0.905544 0.141296 14.5864 0.0644388
1  0.981594  -0.18665 0.0404421 -0.103619 -0.698378 -0.708189  0.160427  0.690963 -0.704864 -0.178649 -0.727038   1.03594 0.00212824 0.909651 0.299399 11.0724 0.0596556
1  0.987942 -0.151306 0.0328086 -0.084909 -0.706712 -0.702388  0.129462  0.691133 -0.711037 -0.140059 -0.725141   1.04276 0.00206002 0.909651 0.306097 8.08735 0.103995
1  0.981547 -0.186905 0.0403972 -0.103794 -0.698184 -0.708355    0.1606  0.691091   -0.7047 -0.178849 -0.727243   1.03576 0.00213064 0.909651 0.27062 6.63342 0.0595533
1   0.991163  -0.130327  0.0247153 -0.0743376  -0.700039  -0.710224   0.109863   0.702111  -0.703541  -0.115142  -0.740488    1.03454 0.00208958 0.89117 0.256938 15.0673 0.139721
1  0.988214 -0.149027 0.0349789 -0.081503  -0.70566 -0.703848  0.129575  0.692701 -0.709489 -0.141059 -0.727304   1.04109 0.00209649 0.913758 0.197967 13.8869 0.105089
1  0.981566 -0.186806 0.0403857 -0.103758 -0.698304 -0.708241  0.160505  0.690995 -0.704815 -0.178735 -0.727091   1.03588 0.00212819 0.909651 0.144644 6.62371 0.0595706
1  0.981345 -0.188227 0.0391455 -0.105512 -0.697506 -0.708769  0.160713  0.691416 -0.704354 -0.178649 -0.727837   1.03539 0.00215782 0.909651 0.170264 4.56113 0.0594342
1  0.990505 -0.135834 0.0211713 -0.080683 -0.699077 -0.710479  0.111308  0.702026 -0.703399 -0.115694 -0.740576    1.0344 0.00215955 0.895277 0.265153 5.18555 0.136542
1   0.991313  -0.130217  0.0184688 -0.0773291  -0.690669  -0.719025   0.106385   0.711351  -0.694739  -0.109741   -0.75435    1.02483 0.00202265 0.87269 0.203302 4.95202 0.150999
1  0.987807 -0.151919 0.0340227 -0.084421 -0.706323 -0.702838  0.130806  0.691396 -0.710536 -0.142081 -0.725539   1.04223 0.00210016 0.913758 0.170953 8.26828 0.102203
1  -0.991418  -0.117987   0.056304 -0.0932258   0.336123  -0.937193  0.0916512  -0.934398  -0.344238 0.00184693   0.334677   0.161483 0.00205423 0.993307 0.311592 5.51748 0.00594691
1   -0.99439 -0.0937568    0.04898 -0.0757508   0.307971  -0.948375  0.0738322  -0.946765  -0.313345 0.00531631   0.339952   0.151709 0.00189179 0.997323 0.466105 19.7036 0.0446748
1  0.987835 -0.151874 0.0334054 -0.084879 -0.706598 -0.702506  0.130297  0.691125 -0.710893 -0.141186 -0.725146   1.04261 0.00208589 0.911704 0.146191 14.0427 0.102809
1   0.991206  -0.129854   0.025479 -0.0735287  -0.700537  -0.709818   0.110022   0.701702  -0.703924   -0.11558  -0.739884    1.03496 0.00208129 0.89117 0.198509 12.1395 0.139389
1   -0.990205   -0.127269   0.0574178  -0.0972186    0.333314    -0.93779    0.100213   -0.934186   -0.342422 7.37171e-05    0.335145    0.160738 0.00205533 0.997323 0.363069 21.5669 0.00402513
1  -0.993279   -0.10347  0.0518774 -0.0842791   0.339319  -0.936888  0.0793369  -0.934964  -0.345758 0.00430135   0.334345   0.162052 0.00202428 0.994645 0.380725 5.89246 0.0214832
1    -0.99055    -0.12465   0.0572092  -0.0962216    0.334356   -0.937522   0.0977341   -0.934167    -0.34319 0.000603133    0.334996    0.161009 0.00201838 0.994645 0.208211 7.55315 0.00128854
1   -0.990604   -0.124408   0.0567961  -0.0959251    0.336063   -0.936942   0.0974764   -0.933587   -0.344839 0.000591285    0.334715    0.161556 0.00202621 0.994645 0.495923 16.9304 0.00216504
1  -0.995092 -0.0871451  0.0468785 -0.0718062   0.309958  -0.948035  0.0680862  -0.946748  -0.314694 0.00651039   0.339554   0.152073 0.00191416 0.997323 0.281549 7.53969 0.0487687
1    -0.99024   -0.127113   0.0571542  -0.0970403    0.334483   -0.937392    0.100038    -0.93379   -0.343554 6.79078e-05     0.33495    0.161094 0.00204031 0.995984 0.382318 7.10538 0.00373732
0  -0.996865  -0.063436  0.0472865 -0.0638213   0.291449  -0.954455  0.0467651  -0.954481  -0.294584  0.0110566   0.342562   0.145588 0.00199414 0.998661 0.429825 4.41476 0.0804255
1  -0.994487  -0.093131  0.0481946 -0.0766506   0.331972   -0.94017  0.0715597   -0.93868  -0.337281  0.0059084   0.335684   0.159442 0.00194283 0.994645 0.184084 4.12435 0.0325999
1  -0.994458 -0.0932009  0.0486428 -0.0770259   0.331025  -0.940473   0.071551  -0.939008  -0.336369 0.00590504   0.335842   0.159122 0.00194023 0.994645 0.381226 5.00774 0.0325901
1  -0.991809  -0.115498  0.0545361 -0.0910556   0.339939  -0.936029  0.0895709  -0.933328  -0.347671 0.00239981    0.33397   0.162746 0.00208226 0.991968 0.320006 8.22902 0.0102776
1  0.981566 -0.186806 0.0403856 -0.103758 -0.698304 -0.708241  0.160505  0.690995 -0.704815 -0.178735 -0.727091   1.03588 0.00212818 0.909651 0.349545 7.95202 0.0595707
1  -0.994449 -0.0933872  0.0484737 -0.0770466   0.332562  -0.939929  0.0716568  -0.938446  -0.337911 0.00591369   0.335589   0.159634 0.00194178 0.994645 0.345255 5.4019 0.032184
1  -0.993492  -0.101801  0.0510895 -0.0828284   0.337816  -0.937561  0.0781857  -0.935691  -0.344049 0.00436196   0.334624   0.161512 0.00199346 0.994645 0.32734 10.2491 0.0230088
1  -0.991522   -0.11744  0.0556087 -0.0921359   0.333646  -0.938185  0.0916272  -0.935355  -0.341637 0.00166791   0.335148   0.160665 0.00202841 0.993307 0.501685 15.2702 0.00643031
1  -0.516237   0.136458 -0.0631424  -0.201973    2.54937   -1.78743 0.00204971 0.993307 0.223068 9.65748 0.00564831
1  -0.514621   0.143491 -0.0675143   -0.15972    2.55067    -1.8037 0.00194974 0.994645 0.431376 5.29894 0.0351385
1  -0.514444   0.143348 -0.0678274  -0.161933    2.54813   -1.80688 0.0019363 0.994645 0.37445 17.7826 0.034516
1   -0.51262   0.144424 -0.0713883  -0.170235    2.52552   -1.83695 0.00187977 0.997323 0.260886 10.0257 0.0455064
1  -0.514965   0.142367 -0.0666945  -0.166522    2.55113   -1.80046 0.00190566 0.993307 0.354377 5.7999 0.0302608
0    -0.1137      -1.57  -0.387593   -2.32861   0.152234 -0.0874075 0.00202918 0.86653 0.482246 20.7485 0.149473
1  -0.516245   0.135956 -0.0634123  -0.204787    2.54605    -1.7882 0.00203493 0.993307 0.512254 16.3801 0.00303396
1  -0.515006   0.142498 -0.0672534  -0.162158    2.55099   -1.79867 0.00196001 0.994645 0.507933 17.3495 0.0321886
1 -0.144963  -1.56467 -0.392373  -2.32038  0.184372 -0.112775 0.00192532 0.86653 0.321652 4.85626 0.114597
1  -0.116325   -1.57721  -0.377607   -2.34167   0.153954 -0.0909736 0.00218553 0.889117 0.193077 6.95682 0.137507
1  -0.516088   0.136747 -0.0639708   -0.20045    2.54572   -1.79129 0.00201119 0.991968 0.297377 6.19861 0.00663283
1  -0.515161   0.142382 -0.0670213  -0.162104    2.55236   -1.79678 0.00196727 0.994645 0.455446 13.0345 0.0320314
1  -0.515061   0.142584 -0.0672139  -0.160928    2.55175   -1.79774 0.00197808 0.994645 0.238707 12.4717 0.0328413
1  -0.514903   0.142585 -0.0674742   -0.16236     2.5498   -1.80062 0.00195816 0.994645 0.22118 5.57014 0.0323853
1  -0.514946   0.142675 -0.0674904  -0.161897    2.55014   -1.80099 0.00196703 0.994645 0.305567 7.03207 0.0328373
1  -0.514965   0.142367 -0.0666945  -0.166522    2.55113   -1.80046 0.00190566 0.993307 0.504128 12.6387 0.0302608
1 -0.132737  -1.58637 -0.364401  -2.35904  0.163601  -0.11241 0.0020586 0.909651 0.267471 5.13067 0.103977
