1  -0.994189 -0.0964083  0.0478858 -0.0780387   0.339099  -0.937508  0.0741456  -0.935798  -0.344652 0.00522379   0.334453   0.161758 0.00200587 0.994645 0.208929 5.71177 0.0513336
1  -0.990788  -0.123622  0.0552919 -0.0932432   0.326641  -0.940538  0.0982107  -0.937029  -0.335159 0.00024945     0.3364   0.158448 0.00200943 0.997323 0.541738 15.1864 0.058037
1  0.977786 -0.207312 0.0309385  -0.12643 -0.701043 -0.701822  0.167185   0.68232  -0.71168 -0.182997 -0.715573   1.04342 0.00227681 0.899384 0.0987938 8.54543 0.0463515
1  -0.994393 -0.0944671  0.0475235 -0.0766154   0.333841  -0.939511  0.0728876  -0.937884  -0.339206 0.00562789    0.33535   0.159987 0.00193815 0.993307 0.310298 6.27262 0.045037
0   -0.99677  -0.065242  0.0468355 -0.0652991   0.318858   -0.94555  0.0467557  -0.945554  -0.322088   0.010965   0.338109   0.154328 0.0020034 0.993307 0.366054 6.67835 0.0284758
1  -0.994416 -0.0942641  0.0474444  -0.076346   0.332225  -0.940105   0.072856  -0.938478  -0.337567 0.00553332   0.335637   0.159518 0.00194348 0.994645 0.275693 6.69703 0.0432885
1  -0.994695 -0.0925801  0.0448514 -0.0730221   0.328326  -0.941738  0.0724603  -0.940017  -0.333344 0.00533408   0.336232   0.158523 0.00196669 0.993307 0.30368 160.97 0.0388835
1   -0.99146  -0.118021   0.055488 -0.0918389   0.329763  -0.939586  0.0925927  -0.936658  -0.337786 0.00140522   0.335835   0.159688 0.00200781 0.991968 0.265896 79.156 0.0559649
1  -0.991781  -0.115577  0.0548824 -0.0908015    0.33361  -0.938328  0.0901396    -0.9356  -0.341362 0.00203835   0.335249   0.160797 0.00202043 0.993307 0.350077 40.0882 0.0572265
1  -0.994414  -0.094849  0.0463029 -0.0754858   0.332482  -0.940084  0.0737711  -0.938328  -0.337785 0.00503407   0.335662   0.159872 0.001954 0.994645 0.374132 5.51282 0.043929
1  -0.994997 -0.0879613  0.0473741 -0.0736186    0.32495  -0.942861  0.0675411  -0.941632    -0.3298 0.00668705   0.336955   0.157224 0.00200276 0.997323 0.284051 5.30011 0.0333968
1  -0.996683 -0.0668719  0.0463833 -0.0650412   0.311938  -0.947874  0.0489174  -0.947746  -0.315253  0.0101324   0.339325   0.152411 0.0019665 0.991968 0.330377 9.74168 0.021418
1   0.985623  -0.167029  0.0254564 -0.0962158  -0.678721  -0.728066   0.138886   0.715149  -0.685034  -0.150067  -0.762163    1.01416 0.00194203 0.86653 0.258567 24.1157 0.114067
1   0.991152  -0.131999  0.0139105 -0.0803693  -0.680255  -0.728556   0.105631   0.720992  -0.684845  -0.107998  -0.769345    1.01384 0.00206961 0.850103 0.164495 8.96904 0.161909
1   0.990095  -0.139165  0.0185579 -0.0848373  -0.698354  -0.710707   0.111865   0.702093  -0.703243  -0.115455  -0.740969    1.03424 0.00215722 0.887064 0.112129 8.18668 0.135331
0   0.991071  -0.132867  0.0111563 -0.0812485  -0.668144  -0.739583    0.10572   0.732073  -0.672973  -0.107979  -0.785613    1.00073 0.00203827 0.845996 0.128043 5.70474 0.17629
1  0.977449 -0.200147  0.067335 -0.108444 -0.749364 -0.653218  0.181198  0.631185  -0.75417 -0.206769 -0.639708   1.08925 0.00288251 0.954825 -0.29561 15.5522 0.112873
1   0.983647   -0.17075  0.0572997 -0.0896747  -0.740211  -0.666368   0.156196   0.650332  -0.743418  -0.176268  -0.666077     1.0779 0.00262193 0.948665 -0.0942819 4.47631 0.0975056
1  -0.993701  -0.100818  0.0489301 -0.0812705   0.347697  -0.934078   0.077159  -0.932171    -0.3537 0.00460813   0.333015   0.164937 0.00200263 0.991968 0.187745 22.1339 0.0622413
1   -0.990774   -0.122942   0.0570332  -0.0954358    0.334106   -0.937691   0.0962268   -0.934483   -0.342756 0.000785425    0.335063    0.161165 0.0020228 0.993307 0.151477 5.93965 0.0633307
1  -0.993523  -0.102704  0.0486196 -0.0814704    0.34556  -0.934854  0.0792127   -0.93276  -0.351689 0.00399388   0.333342   0.164316 0.00203202 0.993307 0.267379 12.2856 0.0608198
1   -0.99164  -0.117792  0.0526753 -0.0893719   0.332542  -0.938844  0.0930719  -0.935703  -0.340289 0.00116587   0.335383   0.160442 0.0020441 0.994645 0.293556 6.24493 0.0577469
1   0.983174   -0.17185  0.0619382 -0.0896804  -0.749481  -0.655924   0.159142   0.639333  -0.752282  -0.180261  -0.650071    1.08733 0.00279144 0.952772 -0.077558 5.31682 0.114336
1   0.983239   -0.17016  0.0654785 -0.0864868  -0.751449  -0.654099   0.160505   0.637472   -0.75357  -0.182666  -0.647327    1.08863 0.00287166 0.954825 -0.356213 4.24 0.117993
1  0.978217 -0.196502  0.066923 -0.106367 -0.751326 -0.651303  0.178264  0.629997 -0.755861 -0.203229 -0.637871   1.09104 0.00286601 0.952772 0.0281547 2.99177 0.116718
1  0.977591 -0.201356 0.0614122 -0.107093 -0.726846 -0.678399  0.181237   0.65662 -0.732122 -0.206574 -0.676595   1.06568 0.00259894 0.944559 -0.153014 4.00013 0.0632411
1   0.983282  -0.170964  0.0626713 -0.0882773  -0.748602  -0.657116   0.159259   0.640598  -0.751179  -0.180579   -0.65181    1.08616 0.00280749 0.952772 -0.0460889 7.11636 0.112525
1  -0.991441  -0.117402   0.057112 -0.0935036    0.33322  -0.938201  0.0911158  -0.935511  -0.341345 0.00202165   0.335179   0.160519 0.00203779 0.993307 0.308661 4.84307 0.00650463
0   -0.97318  -0.217804 -0.0740426   0.126864   -0.77662   0.617063  -0.191902    0.59112   0.783423   0.219918  -0.583593   -1.11986 0.00375023 0.794661 -0.0323695 6.18759 4.70925
1  0.981402 -0.187432 0.0414579 -0.102836 -0.695701 -0.710933  0.162094  0.693447 -0.702037 -0.180942 -0.730721   1.03286 0.00218866 0.911704 0.082436 4.82681 0.0606621
1  0.980106 -0.193693 0.0433127 -0.107918 -0.703217 -0.702737  0.166573  0.684082  -0.71013 -0.185841 -0.717199   1.04174 0.00212438 0.913758 0.131251 6.81167 0.048039
0  -0.979464   -0.19051 -0.0659977   0.109256  -0.776636   0.620402  -0.169449   0.600451   0.781502   0.192635  -0.595877   -1.11801 0.00345212 0.850103 -0.120408 5.69218 4.71025
1   0.988136  -0.149843  0.0336683 -0.0822618  -0.701529  -0.707877   0.129689    0.69671  -0.705533  -0.141054  -0.733171    1.03677 0.00212831 0.913758 0.174218 89.448 0.10661
0  -0.980961  -0.184007 -0.0621066  0.0983225  -0.746344   0.658258  -0.167477   0.639619   0.750226   0.192345  -0.652363   -1.08465 0.00281223 0.75154 0.308351 9.94721 4.65787
1  0.981737  -0.18631 0.0384903 -0.104046 -0.695198 -0.711248  0.159271  0.694254 -0.701886 -0.177112 -0.731956   1.03269 0.00219625 0.909651 0.195484 4.1488 0.0639273
1  0.989801 -0.139287 0.0298773  -0.07553 -0.690947 -0.718949  0.120784   0.70936  -0.69442  -0.13079 -0.751632   1.02463 0.00217129 0.897331 0.0801812 3.73493 0.129541
1   0.988169  -0.149295  0.0351172 -0.0815385  -0.705331  -0.704173   0.129899   0.692978   -0.70916  -0.141514  -0.727662    1.04078 0.00207687 0.913758 0.192055 4.17227 0.104691
1  0.981734 -0.185834  0.040799 -0.102842 -0.698728 -0.707956   0.16007  0.690829 -0.705077 -0.178307 -0.726799   1.03619 0.00212358 0.909651 0.0226361 6.25975 0.0600701
1   0.987833  -0.151303  0.0359514 -0.0827616  -0.707181  -0.702172   0.131665   0.690653    -0.7111  -0.143454  -0.724427    1.04282 0.00210298 0.913758 0.059312 5.42827 0.101281
1   0.988117  -0.149636  0.0351324 -0.0829897  -0.711778  -0.697484   0.129375    0.68628  -0.715738  -0.140436  -0.717873    1.04799 0.00207917 0.915811 0.317527 3.75231 0.103649
1   0.988013  -0.150104  0.0360282 -0.0822691  -0.709497  -0.699889   0.130618   0.688536  -0.713342  -0.142228  -0.721306    1.04532 0.00211351 0.915811 0.10151 4.06057 0.102348
1   0.986271  -0.161517  0.0343663 -0.0906001  -0.703265  -0.705131   0.138059   0.692337  -0.708244  -0.150019  -0.727632    1.03976 0.00215697 0.907598 0.103024 6.08414 0.0914781
1   0.988392  -0.147123  0.0378852 -0.0794139  -0.712925  -0.696729   0.129514   0.685633  -0.716334  -0.141327  -0.716896    1.04854 0.00212467 0.917865 0.10033 3.46 0.104491
1  0.981408  -0.18746 0.0411866 -0.104358 -0.701286   -0.7052   0.16108  0.687791 -0.707811 -0.179373 -0.722394    1.0392 0.00211626 0.911704 0.131387 1.19449 0.0564192
1  0.981884 -0.185267 0.0397486 -0.104112 -0.702766 -0.703762  0.158318  0.686874 -0.709323  -0.17569 -0.721018    1.0408 0.00212028 0.909651 0.182385 1.81707 0.0591676
1     0.9911  -0.129831  0.0293917 -0.0711278  -0.703137  -0.707488    0.11252   0.699101  -0.706114  -0.119672  -0.735945    1.03746 0.00223621 0.907598 0.275498 4.6697 0.134805
1  -0.991471  -0.117611  0.0561558 -0.0928386   0.334933  -0.937657  0.0914704  -0.934873  -0.342995 0.00190826   0.334915   0.161067 0.00205779 0.994645 0.504847 9.04799 0.00611256
1  -0.994467 -0.0927301   0.049367 -0.0770153   0.323942  -0.942937  0.0714466  -0.941521  -0.329291 0.00604864   0.337065   0.156818 0.00189586 0.994645 0.358386 4.4205 0.0352045
1   0.990939  -0.132911  0.0193366 -0.0791394  -0.694127  -0.715489   0.108519   0.707476  -0.698357  -0.112199   -0.74888    1.02882 0.00210263 0.876797 0.296276 4.58445 0.144653
0    0.92143  -0.385578 -0.0479236  -0.164066  -0.274305  -0.947544   0.352206   0.880958  -0.316013  -0.424661   -1.05285   0.580123 0.00549497 0.691992 0.0137744 9.89623 0.809512
1    -0.990317    -0.127137    0.0557494   -0.0957113     0.334414    -0.937554     0.100555    -0.933811    -0.343344 -0.000125489     0.335018     0.161047 0.00203039 0.995984 0.484913 17.1684 0.00387677
1  -0.994483 -0.0940337  0.0464866 -0.0757202    0.33684  -0.938512  0.0725933  -0.936855  -0.342102 0.00535425   0.334679   0.161346 0.00201041 0.98929 0.411418 10073.9 0.0317844
1  -0.990497  -0.126288  0.0544758 -0.0990515   0.380203  -0.919584  0.0954206  -0.916241  -0.389099 0.00098968   0.326556   0.175778 0.00241949 0.985274 0.205632 10.6567 0.0523341
1  -0.993784 -0.0997651  0.0494007 -0.0869263   0.418158  -0.904206  0.0695508  -0.902879  -0.424231 0.00693148   0.319682   0.186922 0.00289716 0.974565 0.220461 9.73576 0.0976113
1  -0.996022 -0.0817038  0.0355734 -0.0616441   0.343454  -0.937144  0.0643504  -0.935609  -0.347124 0.00711049    0.33356   0.163035 0.00225918 0.987952 0.244894 10.7474 0.0480285
0   0.992378  -0.119686  0.0293582 -0.0644494   -0.70711   -0.70416   0.105037     0.6969  -0.709434   -0.11105  -0.732371      1.041 0.00231314 0.909651 0.264999 17.4267 0.146326
1  -0.992736  -0.107455  0.0541153 -0.0886049   0.348703  -0.933035  0.0813888  -0.931053  -0.355691 0.00410347   0.332574   0.165162 0.00210365 0.991968 0.270993 4.53879 0.0225708
0 -0.991635 -0.117354 0.0537503 -0.100078  0.436021 -0.894354 0.0815196 -0.892252 -0.444118 0.0052331   0.31453  0.193803 0.00349032 0.933066 -0.0330329 4.71733 0.117353
0  -0.999237 -0.0283229  0.0268801 -0.0343929   0.312425  -0.949319  0.0184895   -0.94952  -0.313161  0.0163547   0.338315   0.152585 0.0026958 0.986613 0.209983 5.06652 0.105599
1  -0.995137 -0.0842001  0.0511105 -0.0751805   0.314044  -0.946427  0.0636383  -0.945667  -0.318847 0.00745512   0.338533   0.153506 0.0020309 0.993307 0.391328 5.08321 0.0476663
1  -0.995075 -0.0888259  0.0440026 -0.0723079   0.346773  -0.935158  0.0678073  -0.933734  -0.351488 0.00690292   0.332817   0.164178 0.00220365 0.98929 0.199656 5.15682 0.0393524
1 -0.991266 -0.119715 0.0553131  -0.09342  0.341412  -0.93526 0.0930799 -0.932259 -0.349614 0.0012722    0.3338   0.16324 0.00206305 0.991968 0.528282 30.58 0.00866203
1  -0.992122  -0.115241   0.049126 -0.0857025   0.338342  -0.937112  0.0913719   -0.93394  -0.345553  0.0015334   0.334178   0.162218 0.00212111 0.991968 0.264313 9.96228 0.0118236
1  -0.992517  -0.111417  0.0499714 -0.0834214    0.31983  -0.943795  0.0891721  -0.940901  -0.326731 0.00199013   0.337579   0.155945 0.00198249 0.994645 0.392923 8.47554 0.022647
1   -0.99445 -0.0930542  0.0490874 -0.0776359   0.334181  -0.939306  0.0710023  -0.937904  -0.339551 0.00603871   0.335303   0.160112 0.00196537 0.994645 0.395704 12.1312 0.0321709
1  -0.993715  -0.101112   0.048032 -0.0833153   0.381483  -0.920614  0.0747621  -0.918829  -0.387509 0.00549544   0.326997   0.175155 0.00234635 0.991968 0.247134 6.33246 0.0570845
1  -0.996329 -0.0800324  0.0303918 -0.0585482   0.378006   -0.92395  0.0624577  -0.922337  -0.381304 0.00748068   0.327638     0.1738 0.0025732 0.982597 0.0848034 8.37354 0.0684842
0  -0.990955 -0.0769217   0.109957  -0.133126    0.46041  -0.877667  0.0168862  -0.884367  -0.466486  0.0213993   0.310696   0.201509 0.00369208 0.753681 1.92143e-08 7.59764 0.166518
1  -0.991286  -0.119317  0.0558249 -0.0935544   0.339319  -0.936007  0.0927393  -0.933073  -0.347525 0.00149759   0.334113   0.162533 0.00207743 0.993307 0.417466 25.876 0.00688148
1  0.976655 -0.207767 0.0545743 -0.111999 -0.709288 -0.695965  0.183307  0.673605 -0.715999 -0.208352 -0.702404   1.04802 0.00234009 0.919918 0.239582 7.69494 0.0370232
1  0.981495 -0.186845 0.0419023 -0.103207 -0.700506 -0.706144  0.161292  0.688752 -0.706827 -0.179842 -0.723817   1.03812 0.00213658 0.911704 0.22003 8.08295 0.0571293
1   0.987967  -0.150912  0.0338624 -0.0836782  -0.705683  -0.703569   0.130073    0.69227   -0.70982  -0.141302  -0.726727    1.04149 0.00208351 0.913758 0.114363 8.66377 0.103656
1   0.991317   -0.12791  0.0304826 -0.0698206  -0.708478  -0.702271   0.111424   0.694045  -0.711257  -0.118563  -0.728544    1.04301 0.00221881 0.907598 0.225562 7.41126 0.134801
1   0.988225  -0.148785  0.0357032 -0.0808963  -0.706118  -0.703458   0.129874   0.692287  -0.709839  -0.141557  -0.726683     1.0415 0.0020911 0.913758 0.278694 14.538 0.104697
1   0.988702  -0.145915  0.0343071 -0.0792906  -0.703351  -0.706407   0.127205   0.695706  -0.706974  -0.138783  -0.731786    1.03825 0.00218593 0.909651 0.104639 8.2911 0.110003
1  0.981794 -0.185831 0.0393432 -0.102016 -0.690574 -0.716031   0.16023  0.698981 -0.696959 -0.178695 -0.738839   1.02727 0.00211261 0.901437 0.209482 6.69956 0.069268
1  0.981971 -0.184693 0.0402642 -0.101018 -0.692758  -0.71406  0.159775  0.697119 -0.698926 -0.178298  -0.73609   1.02942 0.00210208 0.901437 0.157526 14.5543 0.067401
1  0.981765 -0.185191 0.0429264 -0.101759 -0.702688 -0.704184  0.160572  0.686975 -0.708719 -0.179144 -0.721147   1.04014 0.00213352 0.911704 0.297663 11.0423 0.0572201
1   0.989607  -0.140196  0.0319815 -0.0768669  -0.703707   -0.70632   0.121529   0.696521   -0.70717    -0.1308  -0.732773    1.03858 0.0021744 0.903491 0.267571 7.91758 0.119409
1   0.981516  -0.183197  0.0553581 -0.0970581    -0.7258  -0.681025   0.164941   0.663064  -0.730165  -0.185614  -0.685863    1.06353 0.00222133 0.924025 0.239572 6.43226 0.0670367
0   0.993179  -0.115661  0.0147979 -0.0706013  -0.697488   -0.71311  0.0928003     0.7072  -0.700896 -0.0935282  -0.747114    1.03173 0.00235354 0.901437 0.163076 14.8647 0.167588
1   0.988223  -0.148762  0.0358601 -0.0802486  -0.703348  -0.706301   0.130293   0.695105  -0.707003  -0.142197  -0.730782    1.03841 0.00211439 0.913758 0.191122 13.8634 0.1055
1  0.981589  -0.18614  0.042833 -0.102736 -0.703573 -0.703157  0.161022  0.685811 -0.709743 -0.179535 -0.719521   1.04129 0.00213174 0.911704 0.143217 6.59194 0.0559206
1  0.980386 -0.193053 0.0396602  -0.11393 -0.719349 -0.685242  0.160818  0.667284 -0.727235 -0.177059 -0.692254   1.06038 0.00215733 0.919918 0.17045 4.41611 0.0612307
0  0.991414 -0.128855 0.0222526 -0.076717  -0.71098 -0.699015  0.105892  0.691306 -0.714761 -0.109471 -0.724812    1.0467 0.00217933 0.893224 0.258424 5.12376 0.141152
0   0.992342   -0.12258   0.015198 -0.0710703  -0.667273  -0.741415   0.101024   0.734657  -0.670875  -0.104028  -0.788844   0.998316 0.00205069 0.848049 0.192258 4.82788 0.186092
1     0.9877  -0.151929  0.0369492 -0.0851902  -0.721055  -0.687621   0.131112   0.676016  -0.725129   -0.14235  -0.703361    1.05796 0.00216406 0.913758 0.145726 8.2303 0.102603
1  -0.991699    -0.1189  0.0489493 -0.0899242   0.369222   -0.92498  0.0919072  -0.921704  -0.376849 0.00184102   0.328791   0.172126 0.00230618 0.991968 0.227159 5.25606 0.0396056
1   -0.99462 -0.0922039  0.0472214 -0.0729871   0.300246  -0.951065  0.0735138  -0.949395  -0.305361 0.00524582   0.341159   0.149191 0.00189699 0.997323 0.464637 19.5444 0.0525628
1   0.987629  -0.151691  0.0397233 -0.0859874  -0.735761  -0.671761   0.131127   0.660035  -0.739702   -0.14199  -0.679719    1.07393 0.00235656 0.928131 0.0353951 13.936 0.11506
0   0.991971  -0.124965  0.0194342 -0.0699511   -0.67018  -0.738895   0.105361   0.731603   -0.67354  -0.110284   -0.78395    1.00155 0.00219975 0.868583 0.152892 11.9844 0.176508
1   -0.988262   -0.143036   0.0536648   -0.103457    0.368133   -0.923999    0.112409   -0.918705    -0.37861 -0.00267382    0.328715    0.172201 0.0023774 0.991968 0.26326 21.2997 0.0440905
1   -0.99316  -0.105623  0.0497698 -0.0865936   0.380356  -0.920777  0.0783254  -0.918789    -0.3869 0.00483282   0.327024   0.174848 0.00239226 0.990629 0.268152 5.7573 0.0543102
1   -0.990761   -0.124585   0.0535915  -0.0923756    0.330593   -0.939242   0.0992982   -0.935514   -0.339047 -3.1209e-05    0.335575    0.159837 0.00202717 0.994645 0.20476 7.45315 0.00571556
1  -0.991437  -0.118048  0.0558315 -0.0923976   0.332029  -0.938733  0.0922783  -0.935853  -0.340093 0.00206568   0.336129   0.159755 0.00211992 0.998661 0.47261 16.7504 0.00666978
1   -0.99604 -0.0812025  0.0361994 -0.0596954   0.309107  -0.949152   0.065884  -0.947554  -0.312731 0.00651922   0.339552   0.151711 0.00208017 0.998661 0.219237 7.41466 0.0575505
1   -0.987193   -0.147848    0.059932   -0.109726    0.356553   -0.927809    0.115806   -0.922503   -0.368209 -0.00347734    0.330388    0.169058 0.00235471 0.990629 0.287136 6.74224 0.0370557
0  -0.997201 -0.0584785  0.0465784 -0.0628419   0.318151  -0.945955  0.0404991  -0.946235  -0.320935  0.0127074   0.338446    0.15387 0.0021274 0.997323 0.391722 4.32317 0.0706818
1  -0.994662 -0.0926733  0.0453851  -0.072376   0.313046  -0.946976  0.0735517  -0.945206  -0.318083 0.00510878   0.338316   0.153583 0.00211458 0.991968 0.111957 4.05619 0.0425727
1  -0.995491 -0.0838324  0.0443759 -0.0716775   0.358447  -0.930794  0.0621243  -0.929778   -0.36284  0.0082687   0.330936   0.167939 0.00227814 0.987952 0.273461 4.8056 0.0489816
1  -0.992042  -0.115899  0.0491984 -0.0904045     0.3837  -0.919022  0.0876367  -0.916156  -0.391124 0.00294514   0.326279   0.176216 0.00245351 0.98929 0.198768 8.11598 0.0559855
1  0.982159 -0.184265 0.0375589 -0.104841  -0.70233 -0.704089  0.156118  0.687589 -0.709118 -0.172797 -0.721687   1.04062 0.00206059 0.909651 0.370204 7.87757 0.061808
1  -0.994579 -0.0951492  0.0419356 -0.0733383   0.356003  -0.931603  0.0737121  -0.929628  -0.361051 0.00508067   0.331441   0.167289 0.00210684 0.98929 0.289601 5.36817 0.0390545
0  -0.993256  -0.103657  0.0519453 -0.0860529   0.358805  -0.929437  0.0777044  -0.927639  -0.365305 0.00481359   0.331047   0.168156 0.00211262 0.993307 0.287133 10.1631 0.0335142
1  -0.991517  -0.117899  0.0547134 -0.0925254   0.344603  -0.934178  0.0912846  -0.931316  -0.352588 0.00178749   0.333351   0.164056 0.00207761 0.993307 0.489597 15.2355 0.0125984
1  -0.515975   0.136708 -0.0635555  -0.201161    2.54738   -1.79031 0.0020545 0.993307 0.221252 9.63091 0.00626722
1  -0.513149   0.144807 -0.0692504  -0.153154    2.54207   -1.81326 0.00204703 0.994645 0.403002 5.27572 0.0410881
1  -0.513455   0.144403 -0.0695779  -0.160038     2.5392   -1.82038 0.00193277 0.994645 0.375589 17.7452 0.0403691
1  -0.515801   0.142213 -0.0654589  -0.167444     2.5578   -1.79185 0.00192242 0.994645 0.244116 9.93531 0.0294289
1  -0.518024   0.138076 -0.0606851  -0.172357    2.58225   -1.74903 0.00215248 0.990629 0.27076 5.71423 0.0426265
0  -0.114465   -1.57027  -0.387176   -2.32918   0.152131 -0.0895438 0.00202223 0.86653 0.484019 20.7315 0.147099
1  -0.517515   0.134935 -0.0607022  -0.199855     2.5631   -1.76159 0.00212623 0.993307 0.49037 16.3243 0.0211884
1   -0.51629   0.139316 -0.0647932  -0.178433    2.55681   -1.78675 0.00199354 0.991968 0.499514 17.2311 0.0217512
1 -0.145233  -1.56444 -0.392592  -2.32006  0.183236 -0.115275 0.00204534 0.874743 0.279365 4.84446 0.113432
1  -0.118315   -1.58605  -0.366152   -2.35724   0.158279 -0.0890864 0.00219582 0.89117 0.18928 6.8955 0.132327
