1  -0.996464 -0.0699095  0.0466087 -0.0663575   0.314515   -0.94693  0.0515402  -0.946675  -0.318042 0.00965386    0.33872   0.153119 0.00206486 0.994645 0.185663 0.611161 0.0222453
1   -0.990088   -0.127992   0.0578335  -0.0979939    0.334526   -0.937278    0.100617   -0.933654   -0.343753 2.33207e-05    0.334917    0.161131 0.00204597 0.995984 0.533404 4.46545 0.0676322
1   0.985628  -0.166369  0.0293012 -0.0950968  -0.689794  -0.717733    0.13962   0.704631  -0.695702  -0.151426  -0.746318    1.02592 0.00205611 0.887064 0.186149 0.620991 0.0988999
1   -0.990205   -0.127269   0.0574178  -0.0972186    0.333314    -0.93779    0.100213   -0.934186   -0.342422 7.37142e-05    0.335145    0.160738 0.00205533 0.997323 0.268601 1.62428 0.0660911
1  -0.995073 -0.0877807  0.0460992 -0.0719292    0.31911  -0.944984  0.0682407  -0.943644  -0.323852 0.00663461   0.337943   0.155074 0.00193716 0.997323 0.387015 1.25403 0.0272679
1   -0.990275   -0.126773   0.0573042  -0.0970197    0.334071   -0.937541   0.0997111   -0.933984   -0.343121 0.000202318    0.335021    0.160979 0.00203793 0.995984 0.240493 1.34436 0.0662496
1   -0.990477   -0.125607   0.0563742  -0.0957697     0.33441   -0.937549   0.0989104    -0.93402   -0.343255 0.000147173    0.334987      0.1613 0.00202799 0.994645 0.420487 3.60586 0.0655428
1   -0.990477   -0.125607   0.0563742  -0.0957697     0.33441   -0.937549   0.0989103    -0.93402   -0.343255 0.000147177    0.334987      0.1613 0.00202798 0.994645 0.281977 1.93776 0.0655428
1  -0.993451  -0.102591  0.0503069 -0.0820216   0.333774  -0.939078  0.0795503  -0.937054  -0.340002 0.00417914   0.335371   0.160453 0.0019868 0.994645 0.319024 11.5486 0.0488514
1    -0.99047   -0.125711   0.0562647  -0.0957889    0.335225   -0.937256   0.0989624   -0.933713   -0.344072 0.000131062    0.334853     0.16157 0.00203197 0.994645 0.370582 1.49446 0.0662446
1  -0.995798 -0.0774268  0.0488934 -0.0714047    0.32226  -0.943954  0.0573309  -0.943479  -0.326435 0.00846519   0.337506   0.156083 0.00203423 0.990629 0.256233 0.615405 0.0287633
1  -0.992575  -0.110704  0.0503952 -0.0856715   0.342168  -0.935725  0.0863448  -0.933095  -0.349111 0.00268026   0.333704   0.163581 0.00207916 0.991968 0.331187 0.762042 0.0616234
1  -0.994557 -0.0933932   0.046187 -0.0749348   0.333179  -0.939881    0.07239  -0.938227  -0.338364 0.00540825    0.33554   0.160133 0.00197678 0.994645 0.479756 2.20185 0.0441072
1  -0.996648   -0.06793  0.0455915 -0.0645231   0.310056  -0.948526  0.0502975  -0.948288    -0.3134 0.00975942   0.339536   0.151881 0.00196503 0.991968 0.370599 1.06209 0.0194355
1  -0.995021 -0.0874368   0.047828 -0.0736967   0.322448  -0.943714  0.0670933   -0.94254  -0.327287 0.00663815   0.337358   0.156435 0.0019846 0.994645 0.421132 3.031 0.0305511
1   -0.99454 -0.0932006  0.0469472 -0.0753956   0.330678  -0.940727  0.0721519   -0.93913    -0.3359 0.00546191   0.335961   0.159287 0.00196663 0.994645 0.316278 1.55052 0.0413609
1  -0.996648   -0.06793  0.0455915 -0.0645231   0.310056  -0.948526  0.0502975  -0.948288    -0.3134 0.00975942   0.339536   0.151881 0.00196503 0.991968 0.297537 1.19731 0.0194355
1  -0.996658  -0.067833   0.045522 -0.0644211   0.309954  -0.948567  0.0502344  -0.948329  -0.313288 0.00977021   0.339554   0.151839 0.00196415 0.991968 0.331179 2.15707 0.0194259
1   0.985423   -0.16863  0.0224684 -0.0991077    -0.6764  -0.729837    0.13827   0.716971  -0.683252  -0.148684  -0.764899    1.01218 0.00193408 0.864476 0.261604 2.89875 0.117348
1   0.990577  -0.136355  0.0128364 -0.0838898  -0.678165  -0.730106   0.108259   0.722149  -0.683213  -0.110725  -0.770913    1.01204 0.00202454 0.854209 0.18269 4.05284 0.159628
0    0.99365  -0.111941  0.0113655 -0.0697836  -0.692353  -0.718177  0.0882627   0.712823  -0.695768 -0.0864636  -0.755612    1.02593 0.002129 0.868583 0.123744 0.630881 0.179007
0   0.991245  -0.131454  0.0123434 -0.0806046  -0.676542  -0.731979   0.104572   0.724576  -0.681215  -0.106507  -0.774358    1.00982 0.0019888 0.850103 0.149208 0.924905 0.167491
1  0.981357 -0.186095 0.0480291 -0.102659 -0.718818 -0.687576  0.162479  0.669827 -0.724522 -0.181731 -0.695528   1.05744 0.00209766 0.924025 0.0571559 1.0813 0.0591219
1   0.98124 -0.186652 0.0482711 -0.103048 -0.719381  -0.68693  0.162942  0.669068 -0.725119 -0.182311 -0.694478   1.05808 0.00209649 0.924025 0.125014 1.16927 0.059235
1  -0.993036  -0.103976  0.0554003 -0.0858648   0.316754  -0.944613  0.0806691  -0.942791  -0.323476  0.0035435   0.338361   0.154843 0.00190567 0.994645 0.227072 0.822104 0.0350263
1  -0.996089  -0.074491  0.0475253 -0.0689912   0.319614  -0.945033  0.0552067  -0.944615  -0.323503 0.00883602    0.33795   0.155165 0.00203207 0.991968 0.14759 0.58137 0.026215
1  -0.991631  -0.117259  0.0540137 -0.0910659   0.338757  -0.936456  0.0915103  -0.933538  -0.346601   0.001661   0.334298   0.162591 0.002058 0.991968 0.258013 0.959899 0.0628113
1   -0.990477   -0.125607   0.0563742  -0.0957697     0.33441   -0.937549   0.0989103    -0.93402   -0.343255 0.000147177    0.334987      0.1613 0.00202799 0.994645 0.299126 22.1556 0.0655428
1   0.990297   -0.13623  0.0274455 -0.0787143  -0.712637  -0.697103   0.114525   0.688178  -0.716446  -0.120687  -0.719861    1.04871 0.00213809 0.907598 0.174652 2.06533 0.127202
0   0.993483  -0.111233  0.0248828 -0.0628527  -0.716733   -0.69451  0.0950868   0.688419  -0.719053 -0.0977774  -0.719099    1.05154 0.0023861 0.917865 -0.126893 0.766032 0.160285
1   0.98078 -0.189007 0.0484391 -0.105252 -0.721547 -0.684318  0.164292  0.666068 -0.727573 -0.183647 -0.690126   1.06075 0.00212606 0.926078 0.279066 0.693445 0.0605817
1   0.98124 -0.186652 0.0482712 -0.103048 -0.719381  -0.68693  0.162942  0.669068 -0.725119 -0.182311 -0.694478   1.05808 0.00209649 0.924025 0.0698952 0.653044 0.0592349
0   0.991171   -0.12922  0.0296961 -0.0729462   -0.71849  -0.691701   0.110718   0.683428  -0.721573   -0.11703  -0.712393     1.0543 0.0022862 0.917865 0.148148 0.989307 0.134301
1  -0.991418  -0.117987   0.056304 -0.0932258   0.336123  -0.937193  0.0916512  -0.934398  -0.344238 0.00184693   0.334677   0.161483 0.00205423 0.993307 0.303082 0.912008 0.0059469
0  -0.979384  -0.185144 -0.0808069  0.0942559  -0.772621   0.627832  -0.178672   0.607272   0.774143   0.209642  -0.604871    -1.1099 0.00327093 0.794661 0.0995737 1.48141 4.67678
1  0.981608 -0.186553 0.0405465 -0.103467 -0.698356 -0.708233  0.160439  0.691012 -0.704814  -0.17869 -0.727107   1.03588 0.00213033 0.909651 0.106893 0.910413 0.0597218
1  0.980414 -0.192626 0.0410232 -0.107843 -0.699373 -0.706574  0.164795  0.688311 -0.706449 -0.183656 -0.723389   1.03766 0.002142 0.911704 0.124044 2.20525 0.0522863
0    -0.998546    0.0438258   -0.0313895   -0.0538995    -0.821632     0.567464 -0.000921153      0.56833       0.8228  -0.00684077    -0.543035     -1.15954 0.00295898 0.848049 0.039644 0.717363 4.69572
1  0.986181 -0.162248   0.03351 -0.091452 -0.701782 -0.706497  0.138145  0.693669 -0.706922 -0.150398 -0.729658   1.03828 0.00213365 0.905544 0.172143 2.12114 0.091603
0  -0.986962  -0.149377 -0.0599358  0.0686892  -0.727677   0.682472  -0.145559   0.669457    0.72845   0.169407  -0.693611   -1.06133 0.00257861 0.735113 0.365808 6.12891 4.61812
0   0.994179  -0.106091  0.0187653 -0.0608887  -0.696973  -0.714508  0.0888816   0.709206  -0.699376 -0.0893258  -0.749905    1.02988 0.00223093 0.88501 0.182778 0.789872 0.17694
1   0.991163  -0.130327  0.0247153 -0.0743376   -0.70004  -0.710224   0.109863   0.702111  -0.703541  -0.115142  -0.740488    1.03454 0.00208961 0.89117 0.11478 0.522977 0.139721
0  -0.980844  -0.176272 -0.0829019  0.0861644  -0.774299   0.626926  -0.174701   0.607774   0.774655   0.206146  -0.605384   -1.11017 0.00311244 0.784394 0.243529 0.64916 4.67272
0 5.40581e-315 1.39067e-309 3.23791e-319            0            0            0 4.34585e-311 2.02369e-320 7.43547e-310            0            0            0 0 0 0 0 2.87539
0 0 0 0 0 0 0 0 0 0 0 0 0 0 1.02766e-321 1.26597e-315 0 1.5672
0 8.48798e-314 4.44659e-323            0            0            0            0   2.122e-314            0            0            0            0            0 0 0 0 6.79039e-313 2.87539
1  0.981154 -0.187995 0.0446712 -0.103712 -0.707409 -0.699154  0.163038  0.681345 -0.713574 -0.182145 -0.712732   1.04548 0.00204925 0.913758 0.327348 0.721718 0.0522312
1  0.981599 -0.186597 0.0405649 -0.103479 -0.698329 -0.708258  0.160486  0.691027 -0.704787 -0.178753 -0.727131   1.03585 0.00213018 0.909651 0.094423 0.798964 0.0596838
1  0.981599 -0.186597 0.0405649 -0.103479 -0.698329 -0.708258  0.160486  0.691027 -0.704787 -0.178753 -0.727131   1.03585 0.00213019 0.909651 0.114161 0.877505 0.0596838
1   0.991163  -0.130327  0.0247153 -0.0743376   -0.70004  -0.710224   0.109863   0.702111  -0.703541  -0.115142  -0.740488    1.03454 0.0020896 0.89117 0.11518 0.863852 0.139721
1  0.981197 -0.188705 0.0405328 -0.105016  -0.69816 -0.708197  0.161939  0.690625  -0.70485 -0.180479 -0.726681   1.03592 0.00217193 0.911704 0.108536 0.119175 0.0575287
0     0.999726   -0.0233973 -0.000440432    -0.016339    -0.684419    -0.728906     0.016753     0.728713    -0.684614 -0.000411099    -0.776963      1.01321 0.00254695 0.823409 0.017856 0.0655158 0.304728
1   0.990673  -0.134132   0.023986 -0.0778786  -0.701819  -0.708086   0.111811   0.699614  -0.705719   -0.11695   -0.73683    1.03697 0.00213296 0.899384 0.308949 0.759369 0.134912
1    -0.990195    -0.127698    0.0566337   -0.0962198     0.329566    -0.939217     0.101272    -0.935457    -0.338621 -0.000354365     0.335766       0.1595 0.00204963 0.997323 0.532472 3.28593 0.00682702
1  -0.994458 -0.0932009  0.0486428 -0.0770259   0.331025  -0.940473   0.071551  -0.939008  -0.336369 0.00590503   0.335842   0.159122 0.00194023 0.994645 0.343369 0.901364 0.0325901
1   0.990134  -0.138827  0.0190156 -0.0836243  -0.694326  -0.714785   0.112435   0.706143  -0.699086  -0.116405  -0.746826     1.0297 0.00218553 0.889117 0.26853 0.917778 0.137507
0   0.915535  -0.401986 -0.0142243  -0.227759  -0.488931  -0.842064   0.331543   0.774179   -0.53919  -0.387282  -0.873854   0.849584 0.00279057 0.677618 0.499155 1.53385 0.435114
1    -0.990128    -0.127893    0.0573561   -0.0974311     0.333816    -0.937589     0.100765    -0.933922    -0.342981 -0.000132862     0.335042     0.160915 0.0020416 0.995984 0.482068 5.68184 0.00456065
1  -0.994538 -0.0932312  0.0469295 -0.0753888   0.330673  -0.940729   0.072187  -0.939129  -0.335896 0.00545339   0.335963   0.159287 0.00196595 0.994645 0.424434 99.219 0.0330627
1   -0.990477   -0.125607   0.0563742  -0.0957697     0.33441   -0.937549   0.0989103    -0.93402   -0.343255 0.000147175    0.334987      0.1613 0.00202798 0.994645 0.498248 5.22145 0.00221342
0   0.993541   -0.11278  0.0124849 -0.0698173  -0.694347  -0.716246  0.0894474   0.710748  -0.697736 -0.0880275  -0.752538    1.02813 0.0021118 0.870637 0.183474 1.18089 0.175802
1   0.986402   -0.16199  0.0277453 -0.0942456  -0.695836   -0.71199   0.134641   0.699693  -0.701642  -0.144854  -0.738548    1.03252 0.00211289 0.897331 0.217853 1.20266 0.100199
1    -0.990128    -0.127893    0.0573561   -0.0974311     0.333816    -0.937589     0.100765    -0.933922    -0.342981 -0.000132863     0.335042     0.160915 0.0020416 0.995984 0.3297 1.78586 0.00456065
1  -0.996593 -0.0680305  0.0466353 -0.0657562   0.314007  -0.947141  0.0497907   -0.94698   -0.31741 0.00997509   0.338824   0.152918 0.00197822 0.991968 0.467721 0.881458 0.0631117
1   -0.990205   -0.127269   0.0574178  -0.0972186    0.333314    -0.93779    0.100213   -0.934186   -0.342422 7.37164e-05    0.335145    0.160738 0.00205533 0.997323 0.416042 2.34459 0.00402513
1   -0.990316   -0.126712   0.0567328  -0.0962373    0.332013   -0.938353    0.100064   -0.934725   -0.340992 4.05918e-05    0.335367    0.160294 0.00203335 0.995984 0.203923 0.319016 0.00415769
1  -0.995161 -0.0865949  0.0464347 -0.0718617   0.319116  -0.944987   0.067013  -0.943751  -0.323795 0.00685698   0.337937   0.155047 0.00195828 0.997323 0.375226 0.565642 0.0438459
1  -0.996593 -0.0680305  0.0466353 -0.0657562   0.314007  -0.947141  0.0497907   -0.94698   -0.31741 0.00997509   0.338824   0.152918 0.00197822 0.991968 0.447375 1.14273 0.0631117
1  -0.994362 -0.0940491  0.0489787 -0.0775723   0.330263  -0.940696  0.0722957  -0.939192  -0.335697 0.00566405   0.335957     0.1589 0.00194256 0.994645 0.350721 1.35379 0.0318284
1   0.991163  -0.130327  0.0247153 -0.0743376   -0.70004  -0.710224   0.109863   0.702111  -0.703541  -0.115142  -0.740488    1.03454 0.00208961 0.89117 0.400801 2.02518 0.139721
0   0.997512 -0.0697995 0.00985958 -0.0421959  -0.703271  -0.709669  0.0564685   0.707487  -0.704466 -0.0487459  -0.746024    1.03537 0.00238664 0.876797 0.241644 1.08181 0.228381
1   -0.990205   -0.127269   0.0574178  -0.0972186    0.333314    -0.93779    0.100213   -0.934186   -0.342422 7.37168e-05    0.335145    0.160738 0.00205532 0.997323 0.287739 1.19923 0.00402514
0  -0.998611 -0.0369821   0.037532 -0.0471185   0.307957  -0.950233  0.0235833  -0.950681  -0.309272   0.015259   0.339371   0.150807 0.00251125 0.98929 0.256745 0.934885 0.09635
1  -0.996594 -0.0680356   0.046601 -0.0657323   0.314139  -0.947099  0.0497973  -0.946936  -0.317541 0.00997185   0.338803   0.152955 0.00197891 0.991968 0.420071 1.08681 0.0630535
1   -0.99135  -0.118814  0.0557585   -0.09293   0.335432   -0.93747  0.0926817  -0.934542  -0.343572 0.00144099   0.334785   0.161293 0.00205464 0.993307 0.531034 1.98317 0.00497505
0  -0.998611 -0.0369821   0.037532 -0.0471185   0.307957  -0.950233  0.0235833  -0.950681  -0.309272   0.015259   0.339371   0.150807 0.00251124 0.98929 0.247366 0.815072 0.09635
1  -0.993047  -0.105124  0.0529796 -0.0856499   0.336465  -0.937793  0.0807586   -0.93581  -0.343129 0.00399594   0.334855   0.161147 0.00200313 0.994645 0.272486 0.858099 0.0192292
1  -0.994365 -0.0940207  0.0489662 -0.0775541   0.330305  -0.940683  0.0722698   -0.93918  -0.335735 0.00566773    0.33595   0.158912 0.00194305 0.994645 0.319247 2.23062 0.0318493
1  -0.991803  -0.115233   0.055205 -0.0907495   0.331124  -0.939213  0.0899487  -0.936525  -0.338867 0.00216109   0.335624   0.159749 0.00200174 0.993307 0.429104 4.66587 0.00962206
1  -0.996593 -0.0680305  0.0466353 -0.0657562   0.314007  -0.947141  0.0497907   -0.94698   -0.31741 0.00997509   0.338824   0.152918 0.00197821 0.991968 0.547679 0.770217 0.0631117
1  -0.996826   -0.06416  0.0471301 -0.0638901   0.291542  -0.954422  0.0474954  -0.954404  -0.294715  0.0108531   0.342591   0.145622 0.00199691 0.998661 0.491108 1.67855 0.0798156
1  -0.996429 -0.0703125  0.0467529 -0.0666202    0.31446   -0.94693  0.0518791  -0.946663  -0.318022 0.00959241   0.338764   0.153127 0.00200398 0.994645 0.360321 1.33828 0.0607793
1    -0.990128    -0.127893    0.0573561   -0.0974311     0.333816    -0.937589     0.100765    -0.933922    -0.342981 -0.000132864     0.335042     0.160915 0.00204161 0.995984 0.464977 2.97471 0.00456065
1  -0.996593 -0.0680305  0.0466353 -0.0657562   0.314007  -0.947141  0.0497907   -0.94698   -0.31741 0.00997509   0.338824   0.152918 0.00197821 0.991968 0.523722 1.42298 0.0631117
1    -0.990128    -0.127893    0.0573561   -0.0974311     0.333816    -0.937589     0.100765    -0.933922    -0.342981 -0.000132865     0.335042     0.160915 0.0020416 0.995984 0.291887 1.47906 0.00456065
1  -0.991358   -0.11831  0.0566785 -0.0936253    0.33544  -0.937398  0.0918914  -0.934603  -0.343618 0.00181058   0.334789   0.161272 0.0020521 0.993307 0.371607 0.959067 0.0054495
1  -0.996594 -0.0680356   0.046601 -0.0657323   0.314139  -0.947099  0.0497973  -0.946936  -0.317541 0.00997185   0.338803   0.152955 0.00197891 0.991968 0.39154 1.11917 0.0630535
1   -0.990205   -0.127269   0.0574178  -0.0972186    0.333314    -0.93779    0.100213   -0.934186   -0.342422 7.37174e-05    0.335145    0.160738 0.00205533 0.997323 0.538552 2.55174 0.00402513
1  -0.994472 -0.0932485  0.0482756 -0.0767948   0.332335   -0.94003  0.0716127   -0.93854  -0.337659 0.00591439   0.335627    0.15956 0.00194148 0.994645 0.377044 0.764614 0.0324063
1  -0.994362 -0.0940491  0.0489787 -0.0775723   0.330263  -0.940696  0.0722957  -0.939192  -0.335697 0.00566405   0.335957     0.1589 0.00194257 0.994645 0.309095 0.444785 0.0318284
1  -0.996593 -0.0680305  0.0466353 -0.0657562   0.314007  -0.947141  0.0497907   -0.94698   -0.31741 0.00997509   0.338824   0.152918 0.00197822 0.991968 0.457413 1.03797 0.0631117
1  -0.996594 -0.0680356   0.046601 -0.0657323   0.314139  -0.947099  0.0497973  -0.946936  -0.317541 0.00997185   0.338803   0.152955 0.00197891 0.991968 0.464012 0.96721 0.0630535
0   -0.99955 0.00781149  0.0289473 -0.0260786   0.249882  -0.967925 -0.0147944  -0.968245  -0.249566  0.0242386    0.34774   0.131063 0.00230132 0.943775 0.312887 0.347156 0.16833
1  -0.996682 -0.0664995  0.0469286  -0.065117   0.305595  -0.949932  0.0488289  -0.949836  -0.308912  0.0103496   0.340282   0.150175 0.00195647 0.994645 0.41066 2.08985 0.0688206
0  -0.998611 -0.0369821   0.037532 -0.0471185   0.307957  -0.950233  0.0235833  -0.950681  -0.309272   0.015259   0.339371   0.150807 0.00251125 0.98929 0.269887 1.87544 0.09635
1     -0.99017     -0.12762    0.0572371   -0.0972754     0.334297    -0.937434     0.100502    -0.933787    -0.343425 -5.90803e-05     0.334958     0.161069 0.00204391 0.995984 0.460263 2.21502 0.0042544
0  -0.998611 -0.0369821   0.037532 -0.0471185   0.307957  -0.950233  0.0235833  -0.950681  -0.309272   0.015259   0.339371   0.150807 0.00251125 0.98929 0.295819 1.05496 0.09635
1  0.977223 -0.205673 0.0522854 -0.110847 -0.704801 -0.700692  0.180964  0.678937 -0.711546 -0.205502 -0.710506   1.04308 0.0022546 0.909651 0.267362 0.748952 0.0361839
1  0.981566 -0.186806 0.0403856 -0.103758 -0.698304 -0.708241  0.160505  0.690995 -0.704815 -0.178735 -0.727091   1.03588 0.00212819 0.909651 0.223091 0.934749 0.0595707
1   0.991163  -0.130327  0.0247153 -0.0743376   -0.70004  -0.710224   0.109863   0.702111  -0.703541  -0.115142  -0.740488    1.03454 0.00208961 0.89117 0.192905 0.879374 0.139721
1   0.987213  -0.155919  0.0331746 -0.0875202  -0.704081  -0.704706   0.133234   0.692791  -0.708724  -0.144573  -0.727892    1.04025 0.00210927 0.909651 0.103413 0.662493 0.098718
1  0.991427 -0.128862 0.0216202 -0.074773 -0.695226 -0.714891  0.107153  0.707146 -0.698901 -0.111315 -0.748032   1.02943 0.00217686 0.887064 0.240202 0.966934 0.1469
0   0.994306  -0.104909  0.0186809 -0.0606189  -0.701056  -0.710525  0.0876367   0.705347  -0.703424 -0.0877631  -0.744155    1.03433 0.00226348 0.89117 0.219233 0.891645 0.176601
1   0.991163  -0.130327  0.0247153 -0.0743376   -0.70004  -0.710224   0.109863   0.702111  -0.703541  -0.115142  -0.740488    1.03454 0.00208962 0.89117 0.144089 1.31818 0.139721
0   0.995355 -0.0941698  0.0200085 -0.0529334  -0.708925  -0.703294  0.0804137   0.698968  -0.710617 -0.0796086  -0.734334    1.04218 0.0022647 0.895277 0.152573 0.763072 0.18659
1   0.986614  -0.160069  0.0311485 -0.0906037  -0.696891  -0.711431   0.135585   0.699085  -0.702066  -0.147021  -0.737592    1.03292 0.00204663 0.895277 0.179748 0.662359 0.0989571
1   0.986446  -0.160492  0.0341435 -0.0901167  -0.703802  -0.704657   0.137122   0.692029  -0.708726  -0.149337  -0.727087    1.04027 0.00211138 0.907598 0.274032 6.00147 0.0924052
1  0.987835 -0.151874 0.0334054 -0.084879 -0.706598 -0.702506  0.130297  0.691125 -0.710893 -0.141186 -0.725146   1.04261 0.00208586 0.911704 0.313352 0.873606 0.102809
0   0.997528 -0.0695579 0.00993959 -0.0419745  -0.703355  -0.709598  0.0563492   0.707427  -0.704536 -0.0486418  -0.745938    1.03544 0.00238865 0.876797 0.195401 0.571445 0.228577
1  0.981547 -0.186905 0.0403971 -0.103794 -0.698184 -0.708355    0.1606  0.691091   -0.7047 -0.178849 -0.727243   1.03576 0.00213063 0.909651 0.27062 2.54544 0.0595533
0   0.995174  -0.095967  0.0204931 -0.0539213  -0.709258  -0.702884  0.0819886   0.698387  -0.711009  -0.081547  -0.733518    1.04261 0.00230075 0.899384 0.181848 2.40823 0.183828
1   0.987481   -0.15421  0.0331873 -0.0862776  -0.704151  -0.704789   0.132055   0.693102   -0.70864  -0.143318   -0.72821    1.04017 0.00208508 0.909651 0.200536 1.69773 0.100709
1   0.991163  -0.130327  0.0247153 -0.0743376   -0.70004  -0.710224   0.109863   0.702111  -0.703541  -0.115142  -0.740488    1.03454 0.00208962 0.89117 0.200596 6.80878 0.139721
1   0.986459  -0.160437  0.0340298 -0.0901534   -0.70378  -0.704675   0.137006   0.692065  -0.708714  -0.149172  -0.727135    1.04025 0.0021115 0.907598 0.151351 0.955552 0.0925745
1   0.991019  -0.132215  0.0199978 -0.0784457  -0.695951  -0.713791   0.108292   0.705812  -0.700073  -0.112128  -0.746171    1.03072 0.00219186 0.889117 0.157172 0.73942 0.143711
1  0.981548 -0.186391 0.0426841 -0.103656 -0.706239 -0.700344  0.160683  0.682997 -0.712528 -0.178909 -0.715123   1.04436 0.00207651 0.913758 0.29341 0.829451 0.0551606
0   0.994136  -0.107067  0.0152048 -0.0640222  -0.696019  -0.715164  0.0871533   0.709996  -0.698792 -0.0862261  -0.751117    1.02926 0.00220414 0.880903 0.131814 2.26544 0.179455
1   0.985724    -0.1658   0.029286 -0.0945814  -0.689199  -0.718373    0.13929   0.705348  -0.695042  -0.151106   -0.74736    1.02519 0.00203125 0.88501 0.198154 3.33467 0.100174
1   0.991163  -0.130327  0.0247153 -0.0743376   -0.70004  -0.710224   0.109863   0.702111  -0.703541  -0.115142  -0.740488    1.03454 0.0020896 0.89117 0.308666 1.98131 0.139721
1  -0.991809  -0.115498  0.0545361 -0.0910556   0.339939  -0.936029  0.0895709  -0.933328  -0.347671 0.00239981    0.33397   0.162746 0.00208226 0.991968 0.302201 0.922092 0.0102777
1  -0.996589 -0.0680194  0.0467304  -0.065809   0.313358  -0.947352   0.049795  -0.947196  -0.316765 0.00997889   0.338929   0.152693 0.00197566 0.991968 0.466193 3.75368 0.0634079
1  -0.996593 -0.0680305  0.0466353 -0.0657562   0.314007  -0.947141  0.0497907   -0.94698   -0.31741 0.00997509   0.338824   0.152918 0.00197822 0.991968 0.361654 1.60193 0.0631117
1  -0.994498 -0.0929246  0.0483635 -0.0765535   0.329517  -0.941041  0.0715093  -0.939566  -0.334818  0.0057699   0.336106   0.158645 0.00194544 0.994645 0.53604 6.24992 0.0332613
1  -0.996632 -0.0670881   0.047163 -0.0658411   0.311744  -0.947882  0.0488889  -0.947795  -0.315111  0.0103537   0.339212   0.152145 0.00198813 0.994645 0.125977 1.21052 0.0649854
1  -0.992731  -0.106351  0.0563384   -0.08668   0.307062  -0.947734  0.0834926  -0.945729  -0.314048 0.00340667   0.340021    0.15151 0.00190072 0.997323 0.376452 1.23483 0.0361986
1    -0.990265    -0.127119    0.0567119    -0.096466     0.333015    -0.937974     0.100348    -0.934313    -0.342036 -6.04353e-05     0.335188     0.160613 0.00203889 0.995984 0.373792 3.92942 0.00396956
1   -0.990205   -0.127269   0.0574178  -0.0972186    0.333314    -0.93779    0.100213   -0.934186   -0.342422 7.37154e-05    0.335145    0.160738 0.00205533 0.997323 0.341975 1.65239 0.00402514
0  -0.998468 -0.0331745  0.0442808 -0.0513343   0.256849  -0.965087  0.0206429  -0.965882  -0.258158  0.0164814   0.347433   0.133588 0.00221609 0.982597 0.374582 15.6577 0.129329
0   0.994456  -0.103205  0.0201331 -0.0588958  -0.705314  -0.706445   0.087109   0.701342  -0.707482 -0.0873805  -0.738171    1.03876 0.00230484 0.897331 0.0565679 8.88169 0.176016
0   0.994306  -0.104909  0.0186809 -0.0606189  -0.701056  -0.710525  0.0876367   0.705347  -0.703424 -0.0877632  -0.744155    1.03433 0.00226347 0.89117 0.128353 9.38618 0.176601
1   -0.990205   -0.127269   0.0574178  -0.0972186    0.333314    -0.93779    0.100213   -0.934186   -0.342422 7.37116e-05    0.335145    0.160738 0.00205533 0.997323 0.363069 12.2636 0.00402514
1  -0.991418  -0.117987   0.056304 -0.0932258   0.336123  -0.937193  0.0916512  -0.934398  -0.344238 0.00184693   0.334677   0.161483 0.00205424 0.993307 0.371562 0.813359 0.00594691
1   -0.990205   -0.127269   0.0574178  -0.0972186    0.333314    -0.93779    0.100213   -0.934186   -0.342422 7.37159e-05    0.335145    0.160738 0.00205533 0.997323 0.193715 0.452234 0.00402514
1  -0.991421  -0.118548  0.0550614 -0.0920071   0.333709  -0.938175  0.0928441  -0.935192  -0.341753 0.00147835    0.33512   0.160715 0.00205575 0.994645 0.488577 5.52632 0.00548018
1  -0.996437 -0.0701572  0.0468055  -0.066304   0.308682  -0.948851  0.0521207  -0.948574  -0.312234 0.00963455   0.339839   0.151254 0.00199558 0.997323 0.250987 0.625444 0.0638926
1   -0.990191   -0.127372   0.0574294  -0.0974225    0.334777   -0.937248    0.100153   -0.933649   -0.343902 7.21049e-05    0.334903    0.161199 0.0020403 0.995984 0.382321 1.07787 0.00408093
0  -0.998475 -0.0331136  0.0441678 -0.0512191   0.257306  -0.964972  0.0205891  -0.965762   -0.25861  0.0165049   0.347346   0.133726 0.00221368 0.982597 0.367052 0.49362 0.129045
1  -0.996638 -0.0669832  0.0471867 -0.0658393   0.311916  -0.947826  0.0487701  -0.947746  -0.315277  0.0103745   0.339185   0.152196 0.00195288 0.991968 0.179863 0.312177 0.0649932
1  -0.992626  -0.108193  0.0546675 -0.0883822   0.337305  -0.937238  0.0829632  -0.935158  -0.344379 0.00364142   0.334641    0.16156 0.00203574 0.994645 0.350766 4.32809 0.0160236
1   -0.990624   -0.124147   0.0570206  -0.0959375    0.335021   -0.937314   0.0972616   -0.933996    -0.34379 0.000673301    0.334903    0.161228 0.00201887 0.994645 0.340704 2.35167 0.0010889
1  0.980414 -0.192626 0.0410233 -0.107843 -0.699373 -0.706574  0.164795  0.688311 -0.706449 -0.183656 -0.723389   1.03766 0.002142 0.911704 0.345322 20.5893 0.0522863
1  -0.991358   -0.11831  0.0566785 -0.0936253    0.33544  -0.937398  0.0918914  -0.934603  -0.343618 0.00181058   0.334789   0.161272 0.00205211 0.993307 0.308055 0.74684 0.0054495
1    -0.990128    -0.127893    0.0573561   -0.0974311     0.333816    -0.937589     0.100765    -0.933922    -0.342981 -0.000132863     0.335042     0.160915 0.0020416 0.995984 0.311096 0.763186 0.00456065
0  -0.996429 -0.0703125  0.0467529 -0.0666202    0.31446   -0.94693  0.0518791  -0.946663  -0.318022 0.00959241   0.338764   0.153127 0.00200398 0.994645 0.507686 3.80322 0.0607793
1  -0.516277   0.136342 -0.0630596  -0.202559    2.54954   -1.78688 0.00205088 0.993307 0.222624 0.934984 0.00531217
1  -0.516173   0.134868 -0.0624212  -0.212338    2.54621   -1.78348 0.00202291 0.994645 0.410034 0.966335 0.00302649
0  0.496516  0.135907 -0.140833 0.0241235  -2.49773   1.86711 0.00252166 0.946452 0.185339 0.706512 0.144425
1  -0.511484   0.146684 -0.0730191  -0.157254    2.52156   -1.84396 0.00190269 0.998661 0.251872 1.50135 0.0546903
1  -0.514958   0.142516 -0.0666881  -0.165412    2.55164   -1.80022 0.00193133 0.994645 0.345682 0.741454 0.0309478
0 -0.0890992   -1.57679  -0.379953   -2.34003   0.125109 -0.0697039 0.00213358 0.870637 0.45561 1.26903 0.177562
1  -0.515494    0.13795 -0.0658739  -0.195685    2.54176   -1.80147 0.00198857 0.994645 0.532605 4.32566 0.0141033
0  0.499388  0.143077 -0.140098 0.0802538  -2.53442   1.84182 0.00253806 0.98929 0.36281 0.653661 0.0966287
0 -0.109497  -1.56333 -0.396792  -2.31644  0.149212 -0.082143 0.00203462 0.852156 0.283143 0.629305 0.165297
0  -0.087148   -1.57048  -0.388235   -2.32873    0.12888 -0.0606373 0.00223305 0.854209 0.175533 2.56104 0.190616
1  -0.515006   0.142498 -0.0672534  -0.162158    2.55099   -1.79867 0.00196001 0.994645 0.315255 0.671027 0.0321886
1  -0.516241    0.13489 -0.0628812  -0.211139    2.54476   -1.78502 0.00202799 0.994645 0.547891 2.11261 0.00221342
1  -0.512665   0.149693 -0.0738341  -0.128525    2.54025   -1.83899 0.00196543 0.991968 0.243574 1.76187 0.06524
1  -0.512601   0.149834 -0.0739356  -0.127897    2.53998   -1.83954 0.00196342 0.991968 0.219088 0.599978 0.0657915
1  -0.514103   0.144434 -0.0692826  -0.157435    2.54365   -1.81609 0.00196042 0.994645 0.307904 0.641018 0.0400915
1  -0.514958   0.142516 -0.0666881  -0.165412    2.55164   -1.80022 0.00193133 0.994645 0.497449 1.76875 0.0309478
0 -0.0815981   -1.58465  -0.369971    -2.3542   0.110168 -0.0728658 0.00224192 0.89117 0.20224 0.234325 0.178763
