1  -0.991588  -0.117023  0.0552977 -0.0915042   0.331667  -0.938948  0.0915383   -0.93611  -0.339586 0.00165223   0.335556   0.160225 0.00201973 0.993307 0.364202 2.30656 0.00762019
1  -0.991587  -0.117046  0.0552848 -0.0914978   0.331649  -0.938955  0.0915655  -0.936114  -0.339568 0.00164648   0.335558   0.160219 0.00201998 0.993307 0.330842 2.17511 0.00761228
1  -0.993463  -0.102804  0.0496271 -0.0821781   0.342306  -0.935988  0.0792359  -0.933948  -0.348516 0.00418492   0.333875   0.163307 0.00204828 0.994645 0.362066 2.10765 0.0234883
1  -0.994564 -0.0930746  0.0466899 -0.0751032   0.330595   -0.94078  0.0721272  -0.939172  -0.335788 0.00549997   0.335952   0.159291 0.00196909 0.994645 0.338458 2.39859 0.0333083
1  -0.994952 -0.0883496  0.0475849  -0.073927    0.32467  -0.942934  0.0678585  -0.941692  -0.329562 0.00643027    0.33698   0.157212 0.0019798 0.993307 0.130415 2.33303 0.0393738
1   -0.990763   -0.122885   0.0573479  -0.0955537    0.332549   -0.938233   0.0962237   -0.935046    -0.34122 0.000722143    0.335314    0.160654 0.00202075 0.993307 0.153538 2.70335 0.00214849
1  -0.994585 -0.0928597   0.046663 -0.0749979   0.330502  -0.940821  0.0719421  -0.939226  -0.335677 0.00552181   0.335975   0.159257 0.00197345 0.994645 0.414369 2.24591 0.0335415
1  -0.996537 -0.0691934  0.0461152 -0.0655466   0.312416  -0.947681  0.0511662  -0.947422  -0.315869 0.00954059   0.339143   0.152682 0.00197837 0.991968 0.352398 2.7016 0.0628536
1  -0.996653 -0.0678717  0.0455695 -0.0644849   0.310075  -0.948523  0.0502479  -0.948286  -0.313413 0.00976977   0.339534   0.151879 0.00196441 0.991968 0.220301 2.2252 0.0653508
1   -0.990707   -0.123839   0.0562532   -0.095072    0.334713   -0.937512   0.0972714   -0.934147   -0.343376 0.000466628     0.33497    0.161357 0.00201734 0.993307 0.355638 2.09294 0.0007306
1  -0.994538 -0.0932312  0.0469295 -0.0753888   0.330673  -0.940729   0.072187  -0.939129  -0.335896 0.00545339   0.335963   0.159287 0.00196595 0.994645 0.382931 2.22273 0.0330627
1  -0.994585 -0.0928597   0.046663 -0.0749979   0.330502  -0.940821  0.0719421  -0.939226  -0.335677 0.00552181   0.335975   0.159257 0.00197345 0.994645 0.364456 2.91859 0.0335415
1  -0.994493 -0.0939001  0.0465473  -0.075485   0.333655  -0.939668  0.0727041  -0.938007  -0.338906  0.0053472   0.335469   0.160269 0.00196787 0.994645 0.28812 3.5553 0.0320447
1  -0.994463 -0.0939326  0.0471197 -0.0758591   0.331358  -0.940451  0.0727255  -0.938818  -0.336649 0.00534763   0.335843   0.159533 0.00196254 0.994645 0.43403 4.17712 0.032185
1  -0.992862  -0.107674  0.0512889 -0.0857033    0.34506   -0.93466  0.0829407  -0.932384  -0.351825 0.00336591   0.333281   0.164372 0.00206904 0.991968 0.178377 2.24524 0.0202156
1  -0.994538 -0.0932312  0.0469295 -0.0753888   0.330673  -0.940729   0.072187  -0.939129  -0.335896 0.00545339   0.335963   0.159287 0.00196595 0.994645 0.356647 2.31002 0.0330627
1  -0.991492  -0.117724  0.0555472 -0.0920381   0.332245  -0.938692  0.0920517  -0.935817  -0.340253 0.00159392   0.335424   0.160453 0.00201119 0.991968 0.320486 3.80301 0.00663282
1  -0.994598 -0.0927204  0.0466603 -0.0749447   0.330455  -0.940842  0.0718161  -0.939256  -0.335619 0.00556056    0.33598   0.159239 0.00197409 0.994645 0.469914 3.61853 0.0336885
1   -0.990478   -0.125693   0.0561695  -0.0956509    0.334833    -0.93741   0.0990188   -0.933856   -0.343667 0.000104111    0.334918     0.16144 0.00203063 0.994645 0.41086 4.3133 0.0024208
1  -0.996648   -0.06793  0.0455915 -0.0645231   0.310056  -0.948526  0.0502975  -0.948288    -0.3134 0.00975941   0.339536   0.151881 0.00196503 0.991968 0.404765 4.90844 0.0653026
1  -0.994496 -0.0939231  0.0464256 -0.0753573   0.333391  -0.939772  0.0727884  -0.938098  -0.338634 0.00533433   0.335511   0.160185 0.00196463 0.994645 0.230998 2.01683 0.0320932
1  -0.991614  -0.117663  0.0534453 -0.0906791   0.338842  -0.936463  0.0920774  -0.933457  -0.346671 0.00155069   0.334267   0.162623 0.00205962 0.991968 0.342563 1.7083 0.00815385
1  -0.996653 -0.0678717  0.0455695 -0.0644849   0.310075  -0.948523  0.0502479  -0.948286  -0.313413 0.00976977   0.339534   0.151879 0.00196441 0.991968 0.241164 2.45581 0.0653508
1  -0.994483 -0.0938684  0.0468295 -0.0756699   0.332739  -0.939978  0.0726523  -0.938336  -0.338006 0.00537227   0.335619   0.159975 0.00196452 0.994645 0.164763 1.92335 0.0321036
1   -0.99149   -0.11861  0.0536556 -0.0912138    0.33888  -0.936397  0.0928832  -0.933323  -0.346815 0.00138016   0.334251   0.162652 0.00205918 0.991968 0.228131 2.39042 0.00744958
1  -0.994496 -0.0939231  0.0464256 -0.0753573   0.333391  -0.939772  0.0727884  -0.938098  -0.338634 0.00533432   0.335511   0.160185 0.00196463 0.994645 0.331566 2.45117 0.0320932
1   -0.99253   -0.10962  0.0535541 -0.0881815   0.341224  -0.935837  0.0843121  -0.933568  -0.348342 0.00305256   0.333993    0.16309 0.00203648 0.991968 0.286377 3.64755 0.0160456
1  -0.994538 -0.0932312  0.0469295 -0.0753888   0.330673  -0.940729   0.072187  -0.939129  -0.335896 0.00545338   0.335963   0.159287 0.00196595 0.994645 0.129962 1.66268 0.0330627
1  -0.991453   -0.11798  0.0556943 -0.0923021   0.332618  -0.938534  0.0922034  -0.935653  -0.340664 0.00156251   0.335348   0.160586 0.00201635 0.991968 0.224799 2.22645 0.00619263
1  -0.996648   -0.06793  0.0455915 -0.0645231   0.310056  -0.948526  0.0502975  -0.948288    -0.3134 0.00975941   0.339536   0.151881 0.00196503 0.991968 0.229411 2.08156 0.0653026
1  -0.994483 -0.0938684  0.0468295 -0.0756699   0.332739  -0.939978  0.0726523  -0.938336  -0.338006 0.00537227   0.335619   0.159975 0.00196452 0.994645 0.42945 2.67679 0.0321036
1  -0.994606 -0.0926372    0.04666 -0.0749198   0.330502  -0.940827  0.0717344  -0.939248  -0.335659  0.0055761   0.335971   0.159249 0.00197573 0.994645 0.224602 2.8046 0.0337578
1   -0.990951   -0.121809   0.0563776   -0.094342    0.333322   -0.938081   0.0954746   -0.934911   -0.341798 0.000852383    0.335239    0.160854 0.00201869 0.993307 0.320256 3.76295 0.00217242
1  -0.994496 -0.0936976  0.0468844 -0.0755855   0.331728  -0.940342  0.0725549   -0.93871  -0.336985 0.00539086   0.335779   0.159652 0.00196499 0.994645 0.320111 2.4107 0.0324161
0    0.999532  -0.0268323  -0.0146642   0.0228264     0.33565     0.94171  -0.0203462   -0.941604    0.336106 -0.00918837    0.335088   -0.160398 0.0018874 0.915663 0.360271 3.1471 3.13951
1   -0.99149   -0.11861  0.0536556 -0.0912137    0.33888  -0.936397  0.0928832  -0.933323  -0.346815 0.00138016   0.334251   0.162652 0.00205918 0.991968 0.189312 1.83798 0.00744956
1  -0.994591 -0.0930996  0.0460538 -0.0746707   0.332684  -0.940077  0.0721995  -0.938432  -0.337836 0.00543694    0.33562   0.159969 0.00197971 0.994645 0.372588 4.48676 0.0330996
1  -0.992074  -0.112559  0.0558495 -0.0906243   0.333061   -0.93854  0.0870398  -0.936163  -0.340622 0.00249338   0.335358   0.160529 0.00200631 0.991968 0.24135 2.84688 0.0114075
1   -0.990722   -0.123488   0.0567517  -0.0953825    0.334334   -0.937616     0.09681   -0.934329   -0.343011 0.000577881    0.335027    0.161234 0.00202177 0.993307 0.447681 5.24207 4.29903e-06
1  -0.994496 -0.0939231  0.0464256 -0.0753573   0.333391  -0.939772  0.0727884  -0.938098  -0.338634 0.00533433   0.335511   0.160185 0.00196463 0.994645 0.359386 2.02432 0.0320932
1  -0.994585 -0.0929474  0.0464871 -0.0749162   0.331219  -0.940575  0.0720266  -0.938965  -0.336389 0.00550848   0.335856    0.15949 0.00197313 0.994645 0.272674 3.63748 0.0333623
1  -0.994483 -0.0938684  0.0468295 -0.0756699   0.332739  -0.939978  0.0726523  -0.938336  -0.338006 0.00537227   0.335619   0.159975 0.00196452 0.994645 0.398272 3.64419 0.0321036
1  -0.994493    -0.0939  0.0465473  -0.075485   0.333655  -0.939668  0.0727041  -0.938007  -0.338906 0.00534721   0.335469   0.160269 0.00196787 0.994645 0.198324 2.03944 0.0320447
1  -0.994496 -0.0938793  0.0465151 -0.0754367   0.333517  -0.939721  0.0727068  -0.938058  -0.338764 0.00534437   0.335491   0.160229 0.0019686 0.994645 0.157834 3.92664 0.0320903
1  -0.994964 -0.0876424  0.0486374 -0.0744524   0.321328  -0.944037   0.067109  -0.942903  -0.326235 0.00666868   0.337543   0.156048 0.00197525 0.994645 0.4454 2.34847 0.0412015
1  -0.996653 -0.0678717  0.0455695 -0.0644849   0.310075  -0.948523  0.0502479  -0.948286  -0.313414 0.00976977   0.339534   0.151879 0.00196441 0.991968 0.314932 2.36598 0.0653508
1  -0.991623  -0.117613  0.0533939 -0.0906197   0.338909  -0.936445  0.0920427  -0.933439  -0.346728 0.00155865   0.334255   0.162644 0.00206017 0.991968 0.114519 1.98762 0.00824886
1  -0.992135  -0.112101  0.0556853 -0.0903839   0.333845  -0.938285  0.0865925  -0.935939  -0.341351 0.00260041   0.335232   0.160765 0.00200681 0.991968 0.346247 2.09929 0.0117667
1  -0.994525 -0.0933556  0.0469517 -0.0754504   0.330654  -0.940731  0.0722978  -0.939123  -0.335887 0.00542012   0.335969   0.159283 0.00196536 0.994645 0.342538 3.79233 0.0329391
1   -0.990719   -0.123637     0.05647  -0.0951448    0.334114   -0.937718   0.0970692   -0.934389   -0.342776 0.000519071    0.335071    0.161156 0.00201517 0.993307 0.190125 1.95753 0.000424221
1  -0.996648   -0.06793  0.0455915 -0.0645231   0.310056  -0.948526  0.0502975  -0.948288    -0.3134 0.00975941   0.339536   0.151881 0.00196503 0.991968 0.401451 6.98251 0.0653026
1  -0.996648   -0.06793  0.0455915 -0.0645231   0.310056  -0.948526  0.0502975  -0.948288    -0.3134  0.0097594   0.339536   0.151881 0.00196503 0.991968 0.327476 2.62145 0.0653026
1  -0.994493 -0.0939001  0.0465473  -0.075485   0.333655  -0.939668  0.0727041  -0.938007  -0.338906 0.00534721   0.335469   0.160269 0.00196787 0.994645 0.226475 2.73052 0.0320447
1  -0.994494 -0.0936161  0.0470985  -0.075717   0.331168  -0.940529  0.0724511  -0.938916  -0.336433 0.00542267   0.335874   0.159465 0.00196286 0.994645 0.321146 1.85647 0.0325375
1  -0.991593  -0.117798  0.0535495 -0.0908416   0.339011  -0.936386  0.0921507  -0.933378  -0.346862 0.00152844   0.334233   0.162682 0.00206156 0.991968 0.302049 2.59596 0.00812941
1  -0.992754  -0.108858  0.0508798 -0.0856637   0.344228   -0.93497  0.0842645  -0.932554  -0.351059 0.00312841   0.333394   0.164151 0.00206843 0.991968 0.353668 3.22624 0.0188795
1  -0.996648   -0.06793  0.0455915 -0.0645231   0.310056  -0.948526  0.0502975  -0.948288    -0.3134 0.00975941   0.339536   0.151881 0.00196503 0.991968 0.337765 2.70299 0.0653026
1  -0.991941  -0.113638  0.0560394 -0.0905201   0.326108  -0.940989  0.0886569  -0.938478  -0.333766 0.00195488   0.336604   0.158207 0.00198857 0.994645 0.369776 2.20322 0.0141033
0  -0.998646 -0.0370706  0.0364944  -0.046131   0.306864  -0.950635  0.0240417  -0.951031  -0.308158  0.0150908   0.339551   0.150753 0.00253128 0.98929 0.0927201 1.80674 0.09689
1  -0.994512 -0.0935606  0.0468186 -0.0753998   0.330731  -0.940708  0.0725289  -0.939076   -0.33597 0.00538964   0.335941   0.159325 0.00196215 0.994645 0.607569 6.58763 0.0327687
1  -0.996648   -0.06793  0.0455915 -0.0645231   0.310056  -0.948526  0.0502975  -0.948288    -0.3134  0.0097594   0.339536   0.151881 0.00196503 0.991968 0.151738 2.22782 0.0653026
1  -0.991401  -0.118454  0.0556026 -0.0923971   0.332802  -0.938459  0.0926599  -0.935527  -0.340885 0.00146706   0.335319   0.160649 0.00203554 0.993307 0.227099 2.90232 0.00568666
1   -0.990716     -0.1237      0.0564  -0.0951197      0.3343   -0.937654   0.0971331   -0.934314   -0.342962 0.000498335    0.335042    0.161217 0.0020157 0.993307 0.319148 2.16904 0.000423022
1  -0.996653 -0.0678717  0.0455695 -0.0644849   0.310075  -0.948523  0.0502479  -0.948286  -0.313413 0.00976977   0.339534   0.151879 0.00196441 0.991968 0.280055 2.09265 0.0653508
1  -0.994542 -0.0935355  0.0462346  -0.075038   0.333306  -0.939828  0.0724969  -0.938167  -0.338506  0.0053844   0.335515   0.160177 0.00197691 0.994645 0.344875 1.83121 0.0325377
1  -0.994546 -0.0931897  0.0468454 -0.0752657    0.33029  -0.940874  0.0722072  -0.939268  -0.335502 0.00544527   0.336019   0.159189 0.00197 0.994645 0.332316 3.94491 0.0332135
0    0.992141   -0.115486  -0.0481523    0.103935    0.546399    0.831051  -0.0696648   -0.829525    0.554108 -0.00621506     0.26804   -0.208761 0.00711751 0.042838 -1.34609 3.19024 3.17638
1  -0.992135  -0.112101  0.0556853 -0.0903839   0.333845  -0.938285  0.0865925  -0.935939  -0.341351 0.00260041   0.335232   0.160765 0.00200681 0.991968 0.377015 2.94536 0.0117667
1  -0.996537 -0.0691934  0.0461151 -0.0655466   0.312416  -0.947681  0.0511662  -0.947422  -0.315869  0.0095406   0.339143   0.152682 0.00197837 0.991968 0.237058 2.7191 0.0628535
1  -0.996648   -0.06793  0.0455915 -0.0645231   0.310056  -0.948526  0.0502975  -0.948288    -0.3134 0.00975941   0.339536   0.151881 0.00196503 0.991968 0.30514 2.1035 0.0653026
1  -0.991566  -0.117132  0.0554655 -0.0916654   0.331311  -0.939058  0.0916171  -0.936223  -0.339254 0.00163066   0.335617   0.160112 0.00201796 0.993307 0.434945 3.96749 0.00767584
1  -0.992801  -0.107952  0.0518935 -0.0864747   0.346223  -0.934158  0.0828773  -0.931921  -0.353065 0.00341002   0.333076   0.164756 0.0020774 0.991968 0.169375 1.96094 0.0206357
1  -0.994482 -0.0939186  0.0467389 -0.0755969   0.332682  -0.940004  0.0727346  -0.938351  -0.337946 0.00536214    0.33563   0.159951 0.00195996 0.994645 0.310336 1.80757 0.0320936
1  -0.994538 -0.0932312  0.0469295 -0.0753888   0.330673  -0.940729   0.072187  -0.939129  -0.335896 0.00545339   0.335963   0.159287 0.00196595 0.994645 0.409457 1.80158 0.0330627
1   -0.99454 -0.0935034  0.0463308 -0.0751125   0.333235  -0.939847  0.0724398  -0.938196  -0.338439 0.00540888   0.335525   0.160148 0.00197509 0.994645 0.270527 2.24617 0.0325479
1  -0.994496 -0.0939231  0.0464256 -0.0753573   0.333391  -0.939772  0.0727884  -0.938098  -0.338634 0.00533432   0.335511   0.160185 0.00196463 0.994645 0.191463 2.07044 0.0320932
1  -0.996647  -0.067911   0.045638 -0.0645612   0.310052  -0.948525  0.0502652  -0.948291  -0.313397 0.00976919   0.339536   0.151877 0.00196493 0.991968 0.386976 1.96302 0.0653127
1   -0.990675   -0.123919   0.0566249  -0.0954195    0.334405   -0.937586   0.0972487   -0.934247   -0.343111 0.000477445    0.335008    0.161271 0.00202052 0.993307 0.283798 1.73144 0.000471212
1  -0.994496 -0.0939231  0.0464256 -0.0753573   0.333391  -0.939772  0.0727884  -0.938098  -0.338634 0.00533433   0.335511   0.160185 0.00196463 0.994645 0.244457 2.28143 0.0320932
1     -0.9907   -0.123733   0.0566016   -0.095299    0.334077   -0.937716   0.0971174   -0.934389   -0.342762 0.000511758    0.335068    0.161157 0.00201785 0.993307 0.363744 3.20833 0.000414738
1   -0.990675   -0.123919   0.0566249  -0.0954195    0.334405   -0.937586   0.0972486   -0.934247   -0.343111 0.000477446    0.335008    0.161271 0.00202052 0.993307 0.266702 3.74434 0.00047122
1  -0.994605  -0.092645  0.0466578 -0.0749147   0.330427  -0.940854  0.0717484  -0.939274  -0.335585 0.00557419   0.335983   0.159228 0.00197551 0.994645 0.51979 4.06244 0.0337679
1  -0.991492  -0.117724  0.0555472 -0.0920381   0.332245  -0.938692  0.0920517  -0.935817  -0.340253 0.00159391   0.335424   0.160453 0.00201119 0.991968 0.38659 3.90369 0.0066328
1   -0.990862   -0.122365   0.0567311  -0.0949347     0.33396   -0.937794   0.0958076   -0.934611   -0.342525 0.000789746    0.335103    0.161087 0.00202529 0.993307 0.331809 3.64651 0.00124719
1  -0.994486 -0.0939476   0.046597 -0.0754446   0.332321  -0.940144  0.0728392  -0.938476  -0.337576 0.00532016   0.335687   0.159832 0.0019592 0.994645 0.182529 2.27735 0.0321645
1  -0.994592  -0.092996  0.0462435 -0.0748209   0.332763  -0.940037  0.0720316  -0.938414  -0.337922 0.00549452   0.335607   0.159992 0.00198011 0.994645 0.148422 2.28966 0.033129
1  -0.994606 -0.0926372  0.0466599 -0.0749198   0.330502  -0.940827  0.0717344  -0.939248  -0.335659  0.0055761   0.335971   0.159249 0.00197573 0.994645 0.233868 2.22423 0.0337579
1  -0.992999  -0.106645  0.0507879 -0.0850433   0.347071  -0.933975  0.0819766  -0.931756   -0.35371 0.00361072   0.332934   0.164999 0.00208195 0.991968 0.27846 2.22264 0.0224025
1  -0.994606 -0.0926372    0.04666 -0.0749198   0.330502  -0.940827  0.0717344  -0.939248  -0.335659  0.0055761   0.335971   0.159249 0.00197573 0.994645 0.356171 2.31965 0.0337579
1   -0.990789   -0.122858   0.0569512  -0.0953348    0.334164   -0.937681   0.0961703   -0.934473   -0.342798 0.000709331    0.335048    0.161173 0.0020289 0.993307 0.282855 1.95498 0.000704942
1  -0.994485 -0.0938837  0.0467517 -0.0755782   0.332437  -0.940092  0.0727173  -0.938441    -0.3377 0.00534599   0.335668   0.159878 0.00196408 0.994645 0.246271 2.4848 0.0321571
1  -0.994513 -0.0936678  0.0465757 -0.0752836   0.331729  -0.940366  0.0726316  -0.938713  -0.336961 0.00535271   0.335782   0.159666 0.0019677 0.994645 0.303162 2.61017 0.0325397
1  -0.994606 -0.0926372  0.0466599 -0.0749198   0.330502  -0.940827  0.0717344  -0.939248  -0.335659  0.0055761   0.335971   0.159249 0.00197573 0.994645 0.246663 2.35404 0.0337578
1  -0.994608 -0.0927278  0.0464478 -0.0747963   0.331111  -0.940623  0.0718426  -0.939025  -0.336261 0.00555089   0.335874    0.15945 0.00197499 0.994645 0.0572988 2.12136 0.0336083
1  -0.994538 -0.0932312  0.0469295 -0.0753888   0.330673  -0.940729   0.072187  -0.939129  -0.335896 0.00545339   0.335963   0.159287 0.00196594 0.994645 0.307829 2.34901 0.0330627
1  -0.991222  -0.119674  0.0561793 -0.0933405   0.332569  -0.938449  0.0936243  -0.935455   -0.34082 0.00124014   0.335332   0.160612 0.00204076 0.993307 0.158958 1.94695 0.00453468
1  -0.994496 -0.0939231  0.0464256 -0.0753573   0.333391  -0.939772  0.0727884  -0.938098  -0.338634 0.00533433   0.335511   0.160185 0.00196463 0.994645 0.0846121 1.66735 0.0320932
1   -0.99498 -0.0876321  0.0483276 -0.0741939   0.321873  -0.943871  0.0671581  -0.942719  -0.326759 0.00663744   0.337455   0.156231 0.00197868 0.994645 0.333534 1.88314 0.0410326
1  -0.996648   -0.06793  0.0455915 -0.0645231   0.310056  -0.948526  0.0502975  -0.948288    -0.3134  0.0097594   0.339536   0.151881 0.00196503 0.991968 0.336601 2.22275 0.0653026
1  -0.994594 -0.0928925  0.0464029 -0.0748101   0.331116   -0.94062  0.0720117  -0.939007  -0.336275 0.00549803   0.335877   0.159459 0.00197466 0.994645 0.285831 1.65299 0.0334609
1  -0.995007 -0.0876826  0.0476769 -0.0736545   0.322731  -0.943621  0.0673523  -0.942421  -0.327578  0.0065753   0.337309   0.156556 0.00198709 0.994645 0.302962 1.96505 0.0407633
1   -0.99454 -0.0935034  0.0463308 -0.0751125   0.333235  -0.939847  0.0724398  -0.938196  -0.338439 0.00540889   0.335525   0.160148 0.00197509 0.994645 0.232369 1.583 0.0325479
1   -0.990675   -0.123919   0.0566249  -0.0954195    0.334405   -0.937586   0.0972487   -0.934247   -0.343111 0.000477447    0.335008    0.161271 0.00202052 0.993307 0.138867 3.32543 0.000471215
1  -0.991488  -0.118603  0.0537049 -0.0912576   0.338876  -0.936395  0.0928603  -0.933326  -0.346815 0.00138433   0.334252   0.162653 0.00205941 0.991968 0.32201 1.83076 0.00743431
1  -0.994986 -0.0878574   0.047785 -0.0738276   0.322911  -0.943545  0.0674671  -0.942342  -0.327779 0.00654764   0.337271   0.156622 0.00198931 0.994645 0.299474 1.80111 0.0404951
1   -0.990716     -0.1237      0.0564  -0.0951197      0.3343   -0.937654   0.0971332   -0.934314   -0.342962 0.000498331    0.335042    0.161217 0.0020157 0.993307 0.34147 1.90836 0.00042303
1  -0.993457  -0.102853  0.0496435 -0.0821967   0.342142  -0.936046  0.0792899  -0.934002  -0.348357 0.00416314   0.333899   0.163264 0.00205001 0.994645 0.231541 2.01876 0.0233819
1  -0.994606 -0.0926372  0.0466599 -0.0749198   0.330502  -0.940827  0.0717344  -0.939248  -0.335659 0.00557609   0.335971   0.159249 0.00197573 0.994645 0.359451 3.52374 0.0337579
1  -0.994585 -0.0928597   0.046663 -0.0749979   0.330502  -0.940821  0.0719421  -0.939226  -0.335677 0.00552181   0.335975   0.159257 0.00197345 0.994645 0.416297 4.41171 0.0335415
1  -0.994496 -0.0939231  0.0464256 -0.0753573   0.333391  -0.939772  0.0727884  -0.938098  -0.338634 0.00533433   0.335511   0.160185 0.00196463 0.994645 0.307752 3.53137 0.0320932
1  -0.994494 -0.0938066  0.0467136 -0.0755119   0.332385  -0.940116  0.0726622  -0.938467  -0.337638 0.00536082   0.335682   0.159856 0.00196248 0.994645 0.408687 4.56034 0.0322529
1  -0.996648   -0.06793  0.0455915 -0.0645231   0.310056  -0.948526  0.0502975  -0.948288    -0.3134 0.00975941   0.339536   0.151881 0.00196503 0.991968 0.362588 2.38324 0.0653027
1  -0.994485 -0.0938838  0.0467517 -0.0755782   0.332438  -0.940092  0.0727174  -0.938441    -0.3377 0.00534599   0.335668   0.159878 0.00196408 0.994645 0.495941 3.98231 0.0321571
1  -0.996653 -0.0678854  0.0455549 -0.0644714   0.310001  -0.948548  0.0502704   -0.94831   -0.31334 0.00976526   0.339547   0.151862 0.00196459 0.991968 0.371495 2.17768 0.065379
1  -0.994537 -0.0933134  0.0467802 -0.0752658   0.330549  -0.940783  0.0723245  -0.939164  -0.335767 0.00544022   0.335966   0.159282 0.00196811 0.994645 0.273192 1.71244 0.0330582
1  -0.994483 -0.0938684  0.0468295 -0.0756699   0.332739  -0.939978  0.0726523  -0.938336  -0.338006 0.00537227   0.335619   0.159975 0.00196452 0.994645 0.299784 2.46707 0.0321036
1  -0.996653 -0.0678717  0.0455695 -0.0644849   0.310075  -0.948523  0.0502479  -0.948286  -0.313413 0.00976978   0.339534   0.151879 0.00196441 0.991968 0.301912 2.54668 0.0653508
1  -0.996648   -0.06793  0.0455915 -0.0645231   0.310056  -0.948526  0.0502975  -0.948288    -0.3134 0.00975941   0.339536   0.151881 0.00196503 0.991968 0.238291 2.03126 0.0653026
1  -0.994538 -0.0932312  0.0469295 -0.0753888   0.330673  -0.940729   0.072187  -0.939129  -0.335896 0.00545339   0.335963   0.159287 0.00196595 0.994645 0.578569 3.86593 0.0330627
