1  -0.996537 -0.0691934  0.0461151 -0.0655466   0.312416  -0.947681  0.0511662  -0.947422  -0.315869 0.00954059   0.339143   0.152682 0.00197836 0.991968 0.377225 0.102994 0.0628536
1  -0.992095   -0.11238  0.0558378 -0.0906051   0.333639  -0.938337  0.0868203  -0.935978  -0.341184 0.00254243   0.335277   0.160696 0.00200384 0.991968 0.336189 0.138446 0.0114937
1  -0.993329  -0.103774  0.0502859 -0.0834067   0.345429  -0.934731  0.0796304   -0.93269   -0.35178 0.00401358   0.333269   0.164381 0.00203722 0.990629 0.365513 0.0972898 0.0238398
1  -0.991492  -0.117724  0.0555472 -0.0920381   0.332245  -0.938692  0.0920517  -0.935817  -0.340253 0.00159391   0.335424   0.160453 0.00201119 0.991968 0.324315 0.146985 0.00663279
1  -0.994864 -0.0888586  0.0484758 -0.0747029    0.32139  -0.943996  0.0683026  -0.942769  -0.326377 0.00638016   0.337552   0.156082 0.00196042 0.994645 0.138928 0.0987616 0.0400915
1  -0.991592  -0.117816   0.053527 -0.0908252   0.338998  -0.936393   0.092176  -0.933381  -0.346848 0.00152341   0.334235   0.162679 0.00206147 0.991968 0.136482 0.108393 0.00811597
0  -0.998646 -0.0370706  0.0364944  -0.046131   0.306864  -0.950635  0.0240418  -0.951031  -0.308158  0.0150908   0.339551   0.150753 0.00253127 0.98929 0.248834 0.148392 0.09689
1  -0.996648   -0.06793  0.0455915 -0.0645231   0.310056  -0.948526  0.0502975  -0.948288    -0.3134  0.0097594   0.339536   0.151881 0.00196503 0.991968 0.356765 0.194168 0.0653026
1  -0.996653 -0.0678717  0.0455695 -0.0644849   0.310075  -0.948523  0.0502479  -0.948286  -0.313413 0.00976977   0.339534   0.151879 0.00196441 0.991968 0.220303 0.0928299 0.0653508
0  -0.998669 -0.0368027  0.0361433 -0.0457357   0.307726  -0.950375  0.0238542  -0.950763     -0.309  0.0151372   0.339406   0.151035 0.00253634 0.98929 0.189863 0.128249 0.0968792
0  -0.998669 -0.0368027  0.0361432 -0.0457357   0.307726  -0.950375  0.0238542  -0.950763     -0.309  0.0151372   0.339406   0.151035 0.00253634 0.98929 0.203896 0.12262 0.0968792
1  -0.994496 -0.0939231  0.0464256 -0.0753573   0.333391  -0.939772  0.0727884  -0.938098  -0.338634 0.00533433   0.335511   0.160185 0.00196462 0.994645 0.412654 0.443561 0.0320932
1   -0.990666   -0.124032   0.0565364  -0.0954605    0.335224    -0.93729   0.0973015   -0.933938   -0.343936 0.000475104    0.334872    0.161538 0.00202309 0.993307 0.268144 0.499495 0.0011766
1   -0.990472    -0.12573   0.0561885  -0.0956905    0.334917   -0.937376   0.0990375   -0.933822   -0.343757 0.000101047    0.334903    0.161471 0.00203137 0.994645 0.334831 0.2849 0.00247745
1  -0.994548 -0.0934767  0.0462239 -0.0750076   0.333302  -0.939832  0.0724459  -0.938175  -0.338496 0.00539332   0.335517   0.160174 0.00197783 0.994645 0.214598 0.073406 0.0325982
1  -0.992578  -0.110529  0.0507126 -0.0859778   0.342912  -0.935425  0.0860021  -0.932842   -0.34987 0.00278538   0.333583   0.163818 0.00207984 0.991968 0.319376 0.103403 0.0168545
1   -0.99149   -0.11861  0.0536556 -0.0912137    0.33888  -0.936397  0.0928832  -0.933323  -0.346815 0.00138016   0.334251   0.162652 0.00205918 0.991968 0.304271 0.533895 0.00744958
1  -0.996648   -0.06793  0.0455915 -0.0645231   0.310056  -0.948526  0.0502975  -0.948288    -0.3134 0.00975941   0.339536   0.151881 0.00196503 0.991968 0.472347 0.362327 0.0653026
1  -0.994496 -0.0939231  0.0464256 -0.0753573   0.333391  -0.939772  0.0727884  -0.938098  -0.338634 0.00533433   0.335511   0.160185 0.00196462 0.994645 0.475872 0.539812 0.0320932
0  -0.998669 -0.0368027  0.0361432 -0.0457357   0.307726  -0.950375  0.0238542  -0.950763     -0.309  0.0151372   0.339406   0.151035 0.00253634 0.98929 0.231705 0.485831 0.0968792
1  -0.994485 -0.0938838  0.0467517 -0.0755782   0.332437  -0.940092  0.0727174  -0.938441    -0.3377 0.00534599   0.335668   0.159878 0.00196408 0.994645 0.231213 0.325413 0.0321571
1  -0.991492  -0.117724  0.0555472 -0.0920381   0.332245  -0.938692  0.0920517  -0.935817  -0.340253 0.00159391   0.335424   0.160453 0.00201119 0.991968 0.358023 0.205985 0.00663286
1  -0.996653 -0.0678717  0.0455695 -0.0644849   0.310075  -0.948523  0.0502479  -0.948286  -0.313413 0.00976978   0.339534   0.151879 0.00196441 0.991968 0.241164 0.1173 0.0653508
1  -0.994496 -0.0939231  0.0464256 -0.0753573   0.333391  -0.939772  0.0727884  -0.938098  -0.338634 0.00533433   0.335511   0.160185 0.00196463 0.994645 0.164717 0.0680812 0.0320932
1  -0.992503  -0.110361  0.0525148 -0.0874107   0.340661  -0.936114  0.0854206  -0.933687  -0.347754 0.00282074    0.33403   0.162997 0.00204635 0.991968 0.23294 0.182031 0.0153343
1   -0.990472    -0.12573   0.0561885  -0.0956905    0.334917   -0.937376   0.0990375   -0.933822   -0.343757 0.000101046    0.334903    0.161471 0.00203138 0.994645 0.308854 0.186705 0.0024775
1  -0.993329  -0.103774  0.0502859 -0.0834067   0.345429  -0.934731  0.0796304  -0.932689   -0.35178 0.00401358   0.333269   0.164381 0.00203722 0.990629 0.286114 0.604287 0.0238398
1  -0.996648   -0.06793  0.0455915 -0.0645231   0.310056  -0.948526  0.0502975  -0.948288    -0.3134 0.00975941   0.339536   0.151881 0.00196503 0.991968 0.130371 0.0793854 0.0653026
1   -0.990472    -0.12573   0.0561885  -0.0956905    0.334917   -0.937376   0.0990375   -0.933822   -0.343757 0.000101055    0.334903    0.161471 0.00203138 0.994645 0.219017 0.202788 0.0024774
1  -0.996122 -0.0741757  0.0473142 -0.0686858   0.319569   -0.94507  0.0549811  -0.944655  -0.323425 0.00890325   0.337969   0.155148 0.00202779 0.991968 0.2048 0.109097 0.0548056
0  -0.998669 -0.0368027  0.0361433 -0.0457357   0.307726  -0.950375  0.0238542  -0.950763     -0.309  0.0151372   0.339406   0.151035 0.00253634 0.98929 0.26338 0.127011 0.0968792
1  -0.994606 -0.0926372    0.04666 -0.0749198   0.330502  -0.940827  0.0717344  -0.939248  -0.335659  0.0055761   0.335971   0.159249 0.00197573 0.994645 0.224602 0.0750213 0.0337578
1  -0.996648 -0.0679301  0.0455915 -0.0645231   0.310056  -0.948526  0.0502975  -0.948288    -0.3134  0.0097594   0.339536   0.151881 0.00196502 0.991968 0.338326 0.617058 0.0653025
1  -0.991453   -0.11798  0.0556943 -0.0923021   0.332617  -0.938534  0.0922035  -0.935653  -0.340664  0.0015625   0.335348   0.160586 0.00201634 0.991968 0.302343 0.14741 0.0061926
0   0.989491  -0.138043 -0.0430402  0.0843956   0.309652   0.947097  -0.117413  -0.940776   0.318048  0.0112816   0.338582   -0.15373 0.00256 0.931727 0.132295 0.559275 3.16359
1  -0.994496 -0.0938793  0.0465151 -0.0754367   0.333517  -0.939721  0.0727068  -0.938058  -0.338764 0.00534437   0.335491   0.160229 0.0019686 0.994645 0.22497 0.124585 0.0320902
1  -0.996653 -0.0678717  0.0455695 -0.0644849   0.310075  -0.948523  0.0502479  -0.948286  -0.313413 0.00976977   0.339534   0.151879 0.00196441 0.991968 0.377439 0.50645 0.0653508
1  -0.996648   -0.06793  0.0455915 -0.0645231   0.310056  -0.948526  0.0502975  -0.948288    -0.3134 0.00975941   0.339536   0.151881 0.00196502 0.991968 0.256962 0.220462 0.0653026
1  -0.995007 -0.0876826  0.0476769 -0.0736545   0.322731  -0.943621  0.0673523  -0.942421  -0.327578  0.0065753   0.337309   0.156556 0.00198708 0.994645 0.457157 1.02084 0.0407632
1  -0.994538 -0.0932312  0.0469295 -0.0753888   0.330673  -0.940729   0.072187  -0.939129  -0.335896 0.00545338   0.335963   0.159287 0.00196595 0.994645 0.358955 0.148281 0.0330626
1  -0.994485 -0.0938838  0.0467517 -0.0755782   0.332438  -0.940092  0.0727174  -0.938441    -0.3377 0.00534599   0.335668   0.159878 0.00196408 0.994645 0.276012 0.298034 0.0321571
1  -0.990478  -0.125693  0.0561695 -0.0956509   0.334833   -0.93741  0.0990188  -0.933857  -0.343667 0.00010411   0.334918    0.16144 0.00203062 0.994645 0.325597 0.633084 0.00242077
1  -0.994496 -0.0939231  0.0464256 -0.0753573   0.333391  -0.939772  0.0727884  -0.938098  -0.338634 0.00533433   0.335511   0.160185 0.00196462 0.994645 0.199648 0.106995 0.0320932
1   -0.990666   -0.124032   0.0565363  -0.0954605    0.335224    -0.93729   0.0973015   -0.933938   -0.343936 0.000475095    0.334871    0.161538 0.0020231 0.993307 0.321156 0.377229 0.00117672
1  -0.995799  -0.077417  0.0488881 -0.0713968   0.322264  -0.943953  0.0573231  -0.943479  -0.326438 0.00846746   0.337504   0.156086 0.00203462 0.990629 0.428731 0.0934961 0.0503958
1  -0.996653 -0.0678717  0.0455695 -0.0644849   0.310075  -0.948523  0.0502479  -0.948286  -0.313413 0.00976977   0.339534   0.151879 0.00196441 0.991968 0.314932 0.128592 0.0653508
1  -0.991965  -0.114036  0.0547831 -0.0894428   0.325899  -0.941164   0.089473  -0.938502   -0.33348  0.0018511   0.336588   0.158198 0.00199807 0.994645 0.141213 0.0837756 0.0141819
1   -0.990472    -0.12573   0.0561885  -0.0956905    0.334917   -0.937376   0.0990375   -0.933822   -0.343757 0.000101049    0.334903    0.161471 0.00203138 0.994645 0.338244 0.114964 0.00247748
0  -0.998577 -0.0367739  0.0386323 -0.0477016    0.29172  -0.955313  0.0238608  -0.955796  -0.293059  0.0151146   0.342084   0.145521 0.00240195 0.986613 0.196491 0.744207 0.103979
1   -0.990478   -0.125693   0.0561694  -0.0956509    0.334833    -0.93741   0.0990188   -0.933856   -0.343667 0.000104109    0.334918     0.16144 0.00203062 0.994645 0.183915 0.211015 0.00242079
1  -0.994542 -0.0935354  0.0462346  -0.075038   0.333306  -0.939828  0.0724969  -0.938167  -0.338506  0.0053844   0.335515   0.160177 0.00197691 0.994645 0.397831 0.3184 0.0325377
1  -0.995007 -0.0876826  0.0476769 -0.0736545   0.322731  -0.943621  0.0673523  -0.942421  -0.327578  0.0065753   0.337309   0.156556 0.00198709 0.994645 0.319927 0.162138 0.0407632
1  -0.995827 -0.0771781   0.048707 -0.0711106   0.321668  -0.944179  0.0572024  -0.943702  -0.325814 0.00849595   0.337618   0.155882 0.0020271 0.990629 0.203191 0.0741299 0.0508789
1  -0.993329  -0.103774  0.0502859 -0.0834067   0.345429  -0.934731  0.0796304   -0.93269   -0.35178 0.00401358   0.333269   0.164381 0.00203723 0.990629 0.295428 0.0935468 0.0238398
1  -0.996648   -0.06793  0.0455915 -0.0645231   0.310056  -0.948526  0.0502975  -0.948288    -0.3134 0.00975941   0.339536   0.151881 0.00196502 0.991968 0.334733 0.20353 0.0653026
1   -0.990922   -0.121815   0.0568721  -0.0946793    0.332018   -0.938509    0.095442   -0.935374   -0.340538 0.000894839    0.335459    0.160434 0.00201074 0.993307 0.539623 0.253338 0.00319406
1  -0.996537 -0.0691934  0.0461151 -0.0655466   0.312416  -0.947681  0.0511662  -0.947422  -0.315869 0.00954059   0.339143   0.152682 0.00197836 0.991968 0.333269 0.123486 0.0628535
0  -0.998669 -0.0368027  0.0361433 -0.0457357   0.307726  -0.950375  0.0238542  -0.950763     -0.309  0.0151372   0.339406   0.151035 0.00253635 0.98929 0.196175 0.108169 0.0968792
1  -0.996648   -0.06793  0.0455915 -0.0645231   0.310056  -0.948526  0.0502975  -0.948288    -0.3134 0.00975941   0.339536   0.151881 0.00196503 0.991968 0.29568 0.210067 0.0653026
1   -0.990478   -0.125693   0.0561695  -0.0956509    0.334833    -0.93741   0.0990188   -0.933857   -0.343667 0.000104116    0.334918     0.16144 0.00203062 0.994645 0.593875 0.844079 0.00242075
1  -0.996648   -0.06793  0.0455915 -0.0645231   0.310056  -0.948526  0.0502975  -0.948288    -0.3134 0.00975941   0.339536   0.151881 0.00196503 0.991968 0.15174 0.127034 0.0653027
1  -0.994496  -0.093923  0.0464256 -0.0753573   0.333391  -0.939772  0.0727884  -0.938098  -0.338634 0.00533434   0.335511   0.160185 0.00196463 0.994645 0.254026 0.167553 0.0320932
1  -0.991384  -0.119362  0.0539398 -0.0918494   0.339909  -0.935962  0.0933841  -0.932853  -0.347944 0.00132412   0.334023    0.16303 0.00209618 0.993307 0.291964 0.073556 0.00773269
1  -0.996648   -0.06793  0.0455915 -0.0645231   0.310056  -0.948526  0.0502975  -0.948288    -0.3134 0.00975941   0.339536   0.151881 0.00196503 0.991968 0.279827 0.17698 0.0653026
0  -0.998669 -0.0368027  0.0361433 -0.0457357   0.307726  -0.950375  0.0238542  -0.950763     -0.309  0.0151372   0.339406   0.151035 0.00253634 0.98929 0.159486 0.0784002 0.0968792
1   -0.990478   -0.125693   0.0561695  -0.0956509    0.334833    -0.93741   0.0990188   -0.933857   -0.343667 0.000104112    0.334918     0.16144 0.00203062 0.994645 0.31177 0.538588 0.00242077
0   0.978173  -0.205304 -0.0320497   0.118391   0.423901   0.897937  -0.170764  -0.882133   0.438955  0.0227271   0.314898   -0.19363 0.00301035 0.886212 0.00772249 0.358623 3.18429
1  -0.994854 -0.0890627  0.0482961 -0.0750261   0.327271  -0.941947  0.0680864  -0.940724  -0.332269 0.00640153   0.336545   0.158077 0.00197243 0.991968 0.387688 0.123551 0.0376203
1  -0.995007 -0.0876826  0.0476769 -0.0736545   0.322731  -0.943621  0.0673523  -0.942421  -0.327578 0.00657529   0.337309   0.156556 0.00198709 0.994645 0.233696 0.140024 0.0407632
0  -0.998669 -0.0368027  0.0361432 -0.0457357   0.307726  -0.950375  0.0238542  -0.950763     -0.309  0.0151372   0.339406   0.151035 0.00253634 0.98929 0.103115 0.0878955 0.0968792
1   -0.990472    -0.12573   0.0561885  -0.0956905    0.334917   -0.937376   0.0990375   -0.933822   -0.343757 0.000101059    0.334903    0.161471 0.00203138 0.994645 0.326838 0.282657 0.00247743
1  -0.990925  -0.121947  0.0565444 -0.0945564   0.333407  -0.938029  0.0955376  -0.934863  -0.341912 0.00084527   0.335218   0.160893 0.00202029 0.993307 0.192209 0.110975 0.00196385
1  -0.994997   -0.08746  0.0482911 -0.0740994   0.321826  -0.943895  0.0670117  -0.942751  -0.326696 0.00667888   0.337458   0.156219 0.00198031 0.994645 0.303178 0.155619 0.0412221
1   -0.990478   -0.125693   0.0561695  -0.0956509    0.334833    -0.93741   0.0990188   -0.933857   -0.343667 0.000104105    0.334918     0.16144 0.00203062 0.994645 0.390029 0.211867 0.0024208
1  -0.993462  -0.102822  0.0496014 -0.0821453    0.34213  -0.936055  0.0792773   -0.93401   -0.34834 0.00416573   0.333903   0.163257 0.00204908 0.994645 0.2432 0.0632091 0.0234166
1  -0.991994  -0.113729  0.0549011 -0.0894773   0.326173  -0.941066  0.0891195  -0.938444  -0.333737 0.00191556   0.336553    0.15828 0.00199714 0.994645 0.17808 0.0886817 0.0141645
1  -0.994854 -0.0890626  0.0482961 -0.0750261   0.327271  -0.941947  0.0680864  -0.940724  -0.332269 0.00640153   0.336545   0.158077 0.00197244 0.991968 0.384633 0.0734531 0.0376203
1   -0.990478   -0.125693   0.0561694  -0.0956509    0.334833    -0.93741   0.0990188   -0.933856   -0.343667 0.000104113    0.334918     0.16144 0.00203062 0.994645 0.280217 0.187135 0.00242079
1   -0.990472    -0.12573   0.0561885  -0.0956905    0.334917   -0.937376   0.0990375   -0.933822   -0.343757 0.000101045    0.334903    0.161471 0.00203138 0.994645 0.218786 0.151876 0.00247747
1  -0.994606 -0.0926372    0.04666 -0.0749198   0.330502  -0.940827  0.0717344  -0.939248  -0.335659  0.0055761   0.335971   0.159249 0.00197573 0.994645 0.377027 0.170118 0.0337579
1   -0.990472    -0.12573   0.0561885  -0.0956905    0.334917   -0.937376   0.0990375   -0.933822   -0.343757 0.000101052    0.334903    0.161471 0.00203138 0.994645 0.26276 0.415588 0.00247749
1  -0.994496 -0.0938793  0.0465151 -0.0754368   0.333517  -0.939721  0.0727068  -0.938058  -0.338764 0.00534437   0.335491   0.160229 0.0019686 0.994645 0.282467 0.377117 0.0320902
1   -0.990478   -0.125693   0.0561695  -0.0956509    0.334833    -0.93741   0.0990188   -0.933856   -0.343667 0.000104104    0.334918     0.16144 0.00203062 0.994645 0.380665 0.467887 0.00242081
1   -0.990789   -0.122858   0.0569512  -0.0953348    0.334164   -0.937681   0.0961703   -0.934473   -0.342798 0.000709334    0.335048    0.161173 0.00202889 0.993307 0.330619 0.485184 0.000704958
1  -0.994496 -0.0939231  0.0464256 -0.0753573   0.333391  -0.939772  0.0727884  -0.938098  -0.338634 0.00533433   0.335511   0.160185 0.00196462 0.994645 0.180267 0.089172 0.0320932
1   -0.99498 -0.0876321  0.0483276 -0.0741939   0.321873  -0.943871  0.0671581  -0.942719  -0.326759 0.00663744   0.337455   0.156231 0.00197868 0.994645 0.149035 0.113228 0.0410326
1  -0.996648   -0.06793  0.0455915 -0.0645231   0.310056  -0.948526  0.0502975  -0.948288    -0.3134 0.00975941   0.339536   0.151881 0.00196503 0.991968 0.238019 0.211521 0.0653026
1  -0.994548 -0.0934767  0.0462239 -0.0750076   0.333302  -0.939832  0.0724459  -0.938175  -0.338496 0.00539332   0.335517   0.160174 0.00197783 0.994645 0.314543 0.0748816 0.0325982
1  -0.996648 -0.0679301  0.0455915 -0.0645231   0.310056  -0.948526  0.0502975  -0.948288    -0.3134  0.0097594   0.339536   0.151881 0.00196503 0.991968 0.359659 0.211417 0.0653026
1  -0.996648   -0.06793  0.0455915 -0.0645231   0.310056  -0.948526  0.0502975  -0.948288    -0.3134  0.0097594   0.339536   0.151881 0.00196503 0.991968 0.305431 0.219995 0.0653026
1  -0.994485 -0.0938838  0.0467517 -0.0755782   0.332437  -0.940092  0.0727174  -0.938441    -0.3377 0.00534599   0.335668   0.159878 0.00196408 0.994645 0.246272 0.396595 0.0321571
1  -0.996653 -0.0678717  0.0455695 -0.0644849   0.310075  -0.948523  0.0502479  -0.948286  -0.313413 0.00976977   0.339534   0.151879 0.00196441 0.991968 0.30433 0.0889909 0.0653508
1  -0.994496 -0.0939231  0.0464256 -0.0753573   0.333391  -0.939772  0.0727884  -0.938098  -0.338634 0.00533433   0.335511   0.160185 0.00196462 0.994645 0.444798 0.465558 0.0320932
1  -0.994496 -0.0939231  0.0464256 -0.0753573   0.333391  -0.939772  0.0727884  -0.938099  -0.338634 0.00533433   0.335511   0.160185 0.00196463 0.994645 0.250896 0.156397 0.0320932
1  -0.994862 -0.0891209  0.0480422 -0.0745894   0.324301  -0.943009  0.0684616  -0.941746  -0.329282 0.00636479   0.337069   0.157032 0.00196711 0.994645 0.0610598 0.0946082 0.0386917
1  -0.996648 -0.0679301  0.0455915 -0.0645231   0.310056  -0.948526  0.0502975  -0.948288    -0.3134  0.0097594   0.339536   0.151881 0.00196503 0.991968 0.308151 0.18788 0.0653026
1  -0.996648   -0.06793  0.0455915 -0.0645231   0.310056  -0.948526  0.0502975  -0.948288    -0.3134 0.00975941   0.339536   0.151881 0.00196503 0.991968 0.190169 0.181554 0.0653026
1  -0.991941  -0.113638  0.0560394 -0.0905202   0.326108  -0.940989  0.0886569  -0.938478  -0.333766 0.00195488   0.336604   0.158207 0.00198857 0.994645 0.0734556 0.104586 0.0141033
1  -0.994485 -0.0938838  0.0467517 -0.0755782   0.332437  -0.940092  0.0727174  -0.938441    -0.3377 0.00534598   0.335668   0.159878 0.00196408 0.994645 0.33845 0.310139 0.0321571
1  -0.996648   -0.06793  0.0455915 -0.0645231   0.310056  -0.948526  0.0502975  -0.948288    -0.3134  0.0097594   0.339536   0.151881 0.00196502 0.991968 0.336603 0.22638 0.0653026
1   -0.990478   -0.125693   0.0561695  -0.0956509    0.334833    -0.93741   0.0990188   -0.933857   -0.343667 0.000104114    0.334918     0.16144 0.00203062 0.994645 0.265591 0.341915 0.00242076
1  -0.994997   -0.08746  0.0482911 -0.0740994   0.321826  -0.943895  0.0670117  -0.942751  -0.326696 0.00667889   0.337458   0.156219 0.00198031 0.994645 0.30534 0.191238 0.0412221
1  -0.996648 -0.0679301  0.0455915 -0.0645231   0.310056  -0.948526  0.0502975  -0.948288  -0.313399  0.0097594   0.339536   0.151881 0.00196503 0.991968 0.236278 0.177933 0.0653027
1   -0.99459 -0.0929794    0.04632 -0.0748792   0.332655  -0.940071  0.0719987  -0.938454  -0.337817  0.0055159   0.335623   0.159954 0.00197795 0.994645 0.571399 0.233145 0.0331381
1  -0.994496 -0.0939231  0.0464256 -0.0753574   0.333391  -0.939772  0.0727884  -0.938098  -0.338634 0.00533432   0.335511   0.160185 0.00196463 0.994645 0.353214 0.14766 0.0320932
1  -0.994542 -0.0935355  0.0462346  -0.075038   0.333306  -0.939828   0.072497  -0.938167  -0.338506  0.0053844   0.335515   0.160177 0.00197691 0.994645 0.30384 0.0751041 0.0325377
1   -0.99494 -0.0885444  0.0474877  -0.073916   0.324898  -0.942856   0.068056  -0.941595  -0.329798 0.00636423   0.336948   0.157291 0.00198045 0.993307 0.352988 0.132036 0.0391265
1  -0.991941  -0.113638  0.0560394 -0.0905201   0.326108  -0.940989  0.0886569  -0.938478  -0.333766  0.0019549   0.336604   0.158207 0.00198857 0.994645 0.254571 0.131368 0.0141033
1  -0.996648   -0.06793  0.0455915 -0.0645231   0.310056  -0.948526  0.0502975  -0.948288    -0.3134 0.00975941   0.339536   0.151881 0.00196503 0.991968 0.362921 0.561561 0.0653026
1  -0.994504 -0.0938511  0.0464154 -0.0753048   0.333154   -0.93986  0.0727434   -0.93819   -0.33839 0.00532527   0.335548   0.160126 0.0019712 0.994645 0.416964 0.213599 0.0321923
1   -0.990789   -0.122858   0.0569512  -0.0953348    0.334164   -0.937681   0.0961703   -0.934473   -0.342798 0.000709332    0.335048    0.161173 0.0020289 0.993307 0.285106 0.241994 0.00070497
1  -0.994496 -0.0939231  0.0464256 -0.0753573   0.333391  -0.939772  0.0727884  -0.938098  -0.338634 0.00533434   0.335511   0.160185 0.00196463 0.994645 0.408039 0.388311 0.0320932
1  -0.996648 -0.0679301  0.0455915 -0.0645231   0.310056  -0.948526  0.0502975  -0.948288    -0.3134  0.0097594   0.339536   0.151881 0.00196503 0.991968 0.362588 0.215592 0.0653026
1  -0.994548 -0.0934767  0.0462239 -0.0750076   0.333302  -0.939832  0.0724459  -0.938175  -0.338496 0.00539332   0.335517   0.160174 0.00197783 0.994645 0.471681 0.190574 0.0325982
1  -0.996648   -0.06793  0.0455915 -0.0645231   0.310056  -0.948526  0.0502975  -0.948288    -0.3134 0.00975941   0.339536   0.151881 0.00196503 0.991968 0.371357 0.217953 0.0653026
1  -0.995007 -0.0876826  0.0476769 -0.0736545   0.322731  -0.943621  0.0673523  -0.942421  -0.327578  0.0065753   0.337309   0.156556 0.00198709 0.994645 0.266183 0.0976454 0.0407632
1  -0.996653 -0.0678717  0.0455695 -0.0644849   0.310075  -0.948523  0.0502479  -0.948286  -0.313413 0.00976977   0.339534   0.151879 0.00196441 0.991968 0.299821 0.114271 0.0653508
0  -0.998577 -0.0367739  0.0386323 -0.0477016    0.29172  -0.955313  0.0238608  -0.955797  -0.293059  0.0151146   0.342084   0.145521 0.00240195 0.986613 0.146426 0.138469 0.103979
1  -0.996648   -0.06793  0.0455915 -0.0645231   0.310056  -0.948526  0.0502975  -0.948288    -0.3134  0.0097594   0.339536   0.151881 0.00196503 0.991968 0.23829 0.19636 0.0653026
1  -0.994481 -0.0938499  0.0469045 -0.0755885   0.330854   -0.94065  0.0727614  -0.939004  -0.336122 0.00532661    0.33593   0.159363 0.00195882 0.994645 0.261186 0.303864 0.0324353
