1  -0.991883  -0.114869  0.0545197 -0.0899704   0.331068  -0.939308  0.0898475  -0.936589  -0.338715 0.00210604   0.335614   0.159987 0.00202464 0.993307 0.362658 2.26518 0.0100965
1  -0.991635  -0.116609  0.0553299 -0.0916744   0.334565  -0.937903  0.0908569   -0.93513  -0.342457 0.00187883   0.335021   0.161177 0.00202442 0.991968 0.329373 2.11382 0.00720549
1  -0.993382  -0.103953  0.0488435 -0.0818417   0.342283  -0.936026  0.0805842  -0.933829  -0.348526 0.00374664   0.333888   0.163324 0.00205238 0.994645 0.360789 2.07643 0.0226476
1  -0.994598 -0.0927886  0.0465409 -0.0745097   0.325956  -0.942444  0.0722778  -0.940821  -0.331108  0.0054279   0.336693   0.157865 0.00197542 0.994645 0.336331 2.3723 0.0350137
1  -0.995214 -0.0863585  0.0457288 -0.0730474   0.346629  -0.935154  0.0649076  -0.934019  -0.351278 0.00715645   0.333459   0.164019 0.00208157 0.991968 0.0857152 2.26753 0.04105
1    -0.99071   -0.122972   0.0580714  -0.0960855    0.330765   -0.938809   0.0962393   -0.935667   -0.339508 0.000733162    0.335597    0.160091 0.00201876 0.993307 0.154373 2.67432 0.00414114
1  -0.995351 -0.0880409  0.0390483  -0.065271   0.318495  -0.945675  0.0708214  -0.943827  -0.322761 0.00540156   0.338151   0.155325 0.00203767 0.997323 0.395312 2.15576 0.0454189
1  -0.996515 -0.0705686  0.0444644 -0.0661887   0.344657  -0.936392   0.050755  -0.936073  -0.348126 0.00990869   0.333983   0.162747 0.00215731 0.993307 0.293825 2.63052 0.056028
1  -0.996788 -0.0662172  0.0450522 -0.0632898   0.306537  -0.949752  0.0490798  -0.949553  -0.309743 0.00997108   0.340038   0.150705 0.00198451 0.991968 0.212323 2.15496 0.0688174
1    -0.990977    -0.124768    0.0489636   -0.0912424     0.360386     -0.92833    0.0981805    -0.924421    -0.368519 -3.70498e-05     0.330601     0.169283 0.00218561 0.993307 0.301891 2.05636 0.0297089
1  -0.994697 -0.0908355  0.0482414 -0.0751462   0.321606  -0.943887  0.0702237  -0.942507  -0.326726 0.00612189   0.337442    0.15634 0.00194016 0.994645 0.391025 2.17635 0.0382444
1  -0.994499 -0.0918074  0.0504218 -0.0780735   0.328833  -0.941155  0.0698247  -0.939915  -0.334192 0.00628047   0.336168   0.158644 0.00193479 0.990629 0.376906 2.86076 0.0340496
1   -0.99415 -0.0976028  0.0462504  -0.077444   0.345686  -0.935149   0.075285   -0.93326  -0.351223 0.00472907   0.333372   0.164056 0.00197747 0.991968 0.284649 3.46504 0.0303061
1  -0.994373 -0.0947818  0.0473067 -0.0763727   0.331981  -0.940189  0.0734079  -0.938512  -0.337352 0.00517692   0.335732   0.159707 0.00195539 0.994645 0.436092 4.13097 0.0311876
1  -0.992627   -0.10971   0.051529 -0.0877461   0.357136  -0.929922  0.0836185  -0.927587  -0.364129 0.00312753   0.331271   0.168099 0.00209775 0.990629 0.166976 2.1737 0.0288065
1  -0.994875 -0.0903362  0.0454279 -0.0729068   0.329559  -0.941316  0.0700637  -0.939803  -0.334456 0.00596391    0.33627   0.158761 0.00199425 0.997323 0.347386 2.24388 0.0365937
1  -0.991555  -0.117478  0.0549421 -0.0915206   0.333672  -0.938236  0.0918892  -0.935341  -0.341606 0.00161044   0.335215    0.16089 0.00202954 0.993307 0.314283 3.77609 0.00653694
1  -0.995027 -0.0909104  0.0406949 -0.0688337   0.332325   -0.94065  0.0719909  -0.938773   -0.33693 0.00526518   0.335765   0.159773 0.00199909 0.994645 0.463199 3.57098 0.0372691
1    -0.990145    -0.128475    0.0557389   -0.0960198     0.333065    -0.938002     0.101945     -0.93411    -0.342119 -0.000729413     0.335114     0.160928 0.00200848 0.991968 0.417286 4.25739 0.00543989
1  -0.997244 -0.0629963  0.0391965 -0.0575247   0.322828  -0.944708  0.0468594  -0.944359  -0.325562  0.0106331   0.337157   0.156297 0.0022175 0.995984 0.328289 4.74458 0.0662907
1  -0.994134 -0.0971955  0.0474331 -0.0787727   0.350211  -0.933353  0.0741062  -0.931615  -0.355813 0.00523199   0.332716   0.165471 0.00198996 0.993307 0.22108 1.93692 0.0325037
1  -0.991924  -0.116344  0.0504999  -0.088317   0.347829  -0.933389  0.0910289  -0.930311  -0.355295 0.00181425    0.33271   0.165406 0.00209601 0.991968 0.330948 1.652 0.0171867
1  -0.996773 -0.0663855  0.0451354 -0.0630234   0.298888  -0.952205  0.0497221  -0.951976  -0.302108  0.0098518   0.341235   0.148321 0.00196629 0.991968 0.240437 2.40501 0.0732694
1  -0.994358 -0.0949854  0.0472122 -0.0759336   0.326651   -0.94209  0.0740628   -0.94036  -0.332021 0.00504732   0.336214   0.158141 0.00204099 0.98929 0.132249 1.86273 0.0324841
1  -0.991812  -0.117423  0.0502152 -0.0880725   0.344154  -0.934773  0.0924819  -0.931542  -0.351678 0.00139892   0.333361   0.164362 0.00209363 0.991968 0.215214 2.31058 0.0135446
1   -0.99365  -0.100795  0.0499974 -0.0819364   0.343706  -0.935496  0.0771085  -0.933652  -0.349782 0.00452536   0.333676   0.163595 0.00197351 0.991968 0.328542 2.32776 0.0257193
1  -0.992349  -0.111938  0.0520919 -0.0888517   0.354518  -0.930818  0.0857261  -0.928325  -0.361751 0.00249197   0.331679   0.167385 0.00211323 0.990629 0.259479 3.55585 0.0251987
1  -0.994647 -0.0920947  0.0468678 -0.0743194   0.322426  -0.943673  0.0717958  -0.942104  -0.327545   0.005482   0.337349   0.156625 0.00195405 0.994645 0.13523 1.61223 0.0370644
1  -0.991453  -0.118214  0.0551922 -0.0925789   0.339416  -0.936069  0.0919237  -0.933178  -0.347459 0.00163574    0.33421   0.162761 0.00204528 0.991968 0.213673 2.16077 0.00775156
1   -0.99666 -0.0677667  0.0455728 -0.0644336   0.309671  -0.948658  0.0501748  -0.948426  -0.313003 0.00978257   0.339591   0.151772 0.00196922 0.991968 0.227767 2.05527 0.0656498
1  -0.994559 -0.0937981  0.0453198 -0.0746639   0.338461  -0.938013  0.0726449  -0.936294  -0.343623 0.00545788   0.334736   0.161697 0.00194669 0.994645 0.434629 2.61076 0.0324807
1  -0.994644 -0.0918012  0.0474984 -0.0753705   0.329706   -0.94107  0.0707309   -0.93961   -0.33486 0.00590921   0.336105    0.15898 0.00197618 0.994645 0.224426 2.77463 0.0345166
1   -0.991018   -0.121661    0.055523  -0.0936527    0.334993   -0.937555    0.095464   -0.934333   -0.343378 0.000827825    0.334947    0.161363 0.00202683 0.993307 0.317513 3.73915 0.00229019
1  -0.994494 -0.0937326  0.0468565 -0.0755808   0.331855  -0.940298   0.072587  -0.938662  -0.337112 0.00538296   0.335743   0.159686 0.00196679 0.994645 0.319491 2.38911 0.0323682
0      0.99998 -0.000436588  -0.00623804   0.00592988     0.382866     0.923785   0.00198502    -0.923804     0.382861   -0.0160683      0.32528    -0.175461 0.00336787 0.927711 -0.141531 3.01845 3.1382
1  -0.991653  -0.118148  0.0516356 -0.0896484   0.343942  -0.934701  0.0926736  -0.931528  -0.351663 0.00144018   0.333388   0.164253 0.00209984 0.993307 0.173302 1.79224 0.0125363
1  -0.994667 -0.0928914  0.0448096 -0.0733801   0.332117   -0.94038  0.0724711  -0.938653  -0.337162 0.00529967   0.335718   0.159789 0.00198237 0.994645 0.371748 4.45899 0.0338093
1  -0.992061  -0.112394  0.0564183 -0.0910092    0.33202  -0.938872   0.086792  -0.936552  -0.339612 0.00259931   0.335544   0.160196 0.00199903 0.991968 0.244102 2.82587 0.011805
1  -0.990823   -0.12331  0.0553531 -0.0945575   0.339735  -0.935756  0.0965827  -0.932403  -0.348278 0.00052256   0.334173   0.162893 0.00203943 0.993307 0.442856 5.181 0.00607785
1  -0.993983  -0.098411  0.0481007 -0.0813695   0.369399  -0.925701  0.0733308  -0.924045  -0.375184 0.00575111   0.329251   0.171435 0.00215749 0.991968 0.296498 1.90408 0.0463904
1  -0.994656 -0.0928761  0.0450981 -0.0735439   0.330771  -0.940841  0.0724645   -0.93913  -0.335834 0.00530913   0.335941    0.15932 0.00196893 0.994645 0.274225 3.59714 0.0339818
1  -0.994328 -0.0956036  0.0465948 -0.0767052    0.34117  -0.936867  0.0736712  -0.935127  -0.346568 0.00513893   0.334374   0.162632 0.0019644 0.994645 0.398308 3.58403 0.0307013
1  -0.994319 -0.0961516  0.0456542  -0.077075   0.354594  -0.931838   0.073409  -0.930063   -0.35999 0.00517063   0.331949    0.16677 0.00201069 0.990629 0.18088 1.99714 0.0363286
1  -0.994534 -0.0940374   0.045374 -0.0748535   0.339178  -0.937739  0.0727927   -0.93601  -0.344363 0.00536327   0.334568   0.162026 0.00197939 0.994645 0.15322 3.87827 0.0322912
1  -0.995164 -0.0857341  0.0479465 -0.0730726   0.319917  -0.944624  0.0656475  -0.943559  -0.324634 0.00704948   0.337812   0.155515 0.00196651 0.994645 0.447855 2.31295 0.0437967
1  -0.996746 -0.0666461  0.0453436 -0.0642099   0.316375  -0.946459  0.0487322   -0.94629  -0.319625  0.0101163   0.338585   0.153792 0.00199162 0.991968 0.305441 2.30014 0.0636068
1  -0.991678  -0.118028  0.0514232 -0.0893322   0.343209  -0.935001  0.0927071  -0.931814  -0.350896 0.00125516   0.333509    0.16403 0.00208308 0.991968 0.104674 1.94137 0.0119992
1  -0.992192  -0.110897  0.0570657 -0.0915818    0.33724  -0.936953  0.0846603  -0.934864  -0.344764 0.00321848   0.334691    0.16183 0.0020152 0.991968 0.343517 2.0484 0.0132299
1  -0.994305 -0.0928712  0.0522807 -0.0797034   0.322326  -0.943268  0.0707509  -0.942062  -0.327892 0.00611956   0.337452   0.156634 0.00195156 0.994645 0.347155 3.74639 0.0351793
1   -0.990845   -0.122838   0.0560068  -0.0948221    0.337924   -0.936385    0.096098   -0.933123   -0.346478 0.000823808    0.334442    0.162337 0.00202922 0.993307 0.18448 1.92517 0.00406203
1  -0.997131 -0.0632018   0.041666 -0.0606556   0.337733  -0.939286  0.0452926  -0.939118  -0.340597  0.0111913    0.33479   0.160922 0.00221245 0.991968 0.326086 6.78171 0.0633815
1    -0.9966 -0.0688114  0.0453169 -0.0647744   0.314423  -0.947071  0.0509206  -0.946786  -0.317811 0.00961013   0.338833   0.153292 0.00199614 0.993307 0.316829 2.56693 0.0624256
1  -0.994457 -0.0943669  0.0463756 -0.0758419   0.338273  -0.937987  0.0728273  -0.936305  -0.343555 0.00534384   0.334704   0.161719 0.00197689 0.994645 0.222927 2.69361 0.031566
1  -0.994395 -0.0938619  0.0486635 -0.0776342   0.335779  -0.938736  0.0717713  -0.937252  -0.341184 0.00567116   0.335091   0.160895 0.00194862 0.991968 0.326073 1.80543 0.0313534
1  -0.991551  -0.118919  0.0518161 -0.0910387    0.35341  -0.931028  0.0924049  -0.927879   -0.36125 0.00138738   0.331752   0.167203 0.00210728 0.990629 0.286572 2.5457 0.0219102
1  -0.992877   -0.10793  0.0504561 -0.0845103   0.339487  -0.936806    0.08398  -0.934398  -0.346191 0.00317636   0.334157   0.162633 0.00206645 0.991968 0.354288 3.17597 0.0176849
1  -0.997306 -0.0626805  0.0381098 -0.0560933   0.316828  -0.946823  0.0472731   -0.94641   -0.31949   0.010439   0.338252   0.154347 0.00215032 0.994645 0.275319 2.57684 0.068883
1  -0.991589  -0.113939  0.0613998 -0.0946509   0.314791   -0.94443  0.0882792  -0.942297  -0.322928 0.00222018   0.338404   0.154568 0.00198158 0.994645 0.371992 2.15215 0.0244829
0  -0.998747 -0.0358097   0.034967 -0.0442339   0.304655  -0.951435  0.0234177  -0.951789  -0.305857  0.0152351   0.339942   0.150046 0.00250831 0.98929 0.100952 1.76164 0.0993214
1  -0.994409 -0.0942999  0.0475137 -0.0754085   0.319212  -0.944678  0.0739161   -0.94298  -0.324539 0.00491911   0.337794   0.155718 0.00196255 0.994645 0.607489 6.54154 0.0366224
1  -0.997399  -0.061146  0.0381697 -0.0559302   0.322457   -0.94493  0.0454706  -0.944607  -0.325038  0.0109486   0.336958   0.156213 0.00220882 0.987952 0.0465015 2.04219 0.0684401
1  -0.991534  -0.117554  0.0551573 -0.0916293    0.33244  -0.938663  0.0920067   -0.93577  -0.340396 0.00168896   0.335353   0.160469 0.0020529 0.994645 0.220509 2.84613 0.00681865
1   -0.990531   -0.124838   0.0571363  -0.0964536    0.336607   -0.936692    0.097702   -0.933333   -0.345461 0.000358843    0.334754    0.161958 0.00201193 0.993307 0.320421 2.13293 0.0030247
1  -0.996897 -0.0664463  0.0422138 -0.0606082   0.305626  -0.950221   0.050237   -0.94983  -0.308705 0.00960978   0.340193   0.150459 0.00200276 0.993307 0.265998 2.03639 0.0697627
1  -0.994552 -0.0937685  0.0455323 -0.0746399   0.335701  -0.939007  0.0727641   -0.93729  -0.340871 0.00531537   0.335125   0.160972 0.00196874 0.993307 0.347583 1.80543 0.0323622
1  -0.994649 -0.0909448  0.0490232 -0.0754968   0.315874  -0.945793  0.0705298  -0.944433  -0.321049   0.006014   0.338319   0.154599 0.00196372 0.994645 0.334442 3.8839 0.0411174
0   0.989529  -0.137972 -0.0423749   0.111028   0.540063   0.834269 -0.0922209  -0.830238   0.549727 0.00146585   0.269445  -0.208454 0.00491969 0.042838 -0.621636 3.09401 3.18
1  -0.992593  -0.109682   0.052231 -0.0870373   0.342121  -0.935616  0.0847509  -0.933233  -0.349134 0.00297606   0.333817   0.163403 0.00203845 0.991968 0.367195 2.78827 0.0166872
1  -0.996445 -0.0709682  0.0454008 -0.0660323   0.323221  -0.944017  0.0523207  -0.943659  -0.326758 0.00919747   0.337341   0.156121 0.00206483 0.993307 0.203716 2.67912 0.0569621
1  -0.997013 -0.0650443  0.0416542 -0.0597011   0.306797  -0.949901  0.0490062   -0.94955  -0.309764 0.00996161   0.339783   0.151043 0.00209649 0.993307 0.258652 2.03593 0.070428
1  -0.991566   -0.11684  0.0560761 -0.0920992   0.330856  -0.939176  0.0911798   -0.93642  -0.338827 0.00175705   0.335676   0.160033 0.00201032 0.991968 0.437084 3.91661 0.00808386
1  -0.992721  -0.108335  0.0526245 -0.0877717   0.351541  -0.932049  0.0824738  -0.929883  -0.358491 0.00355171   0.332166   0.166371 0.00207671 0.990629 0.169653 1.91504 0.0243699
1  -0.994384 -0.0943735  0.0478955 -0.0767209   0.331081  -0.940478  0.0728989  -0.938871  -0.336462 0.00554427   0.335849   0.159498 0.00193753 0.993307 0.31823 1.74737 0.0316114
1   -0.99494 -0.0897177  0.0452197 -0.0725187   0.329792  -0.941264  0.0695349  -0.939781  -0.334629 0.00608768   0.336311   0.158843 0.00200119 0.997323 0.398872 1.72658 0.0371984
1  -0.994615 -0.0932619  0.0452003 -0.0739602   0.333213  -0.939946  0.0725999  -0.938228  -0.338316 0.00532716   0.335492   0.160113 0.00196148 0.993307 0.275552 2.20545 0.0331616
1  -0.994274 -0.0963053  0.0463164 -0.0766698   0.340942  -0.936953  0.0744423  -0.935139  -0.346373 0.00502864   0.334226   0.162567 0.00195383 0.993307 0.195905 1.99418 0.0300967
1  -0.996493 -0.0690369  0.0472897 -0.0666929   0.313894  -0.947113  0.0505418  -0.946945  -0.317398 0.00977819   0.338899   0.153112 0.00197801 0.991968 0.382895 1.90285 0.0620804
1   -0.990612   -0.124416   0.0566452  -0.0958587    0.336769   -0.936695   0.0974633   -0.933331   -0.345534 0.000425162    0.334603    0.162031 0.00203166 0.993307 0.279847 1.69478 0.00294986
1   -0.99458 -0.0958664  0.0402453 -0.0736888   0.376876  -0.923328  0.0733487  -0.921289  -0.381897 0.00539855   0.328055   0.173886 0.00230918 0.993307 0.111951 2.18665 0.0558282
1    -0.99052   -0.124822   0.0573529  -0.0962918    0.333158   -0.937941   0.0979677   -0.934572   -0.342019 0.000295954    0.335205    0.160912 0.00201904 0.993307 0.363369 3.16748 0.00190903
1   -0.990693   -0.124648   0.0546761  -0.0947232    0.342904   -0.934582   0.0977451   -0.931064    -0.35152 0.000236924    0.333535    0.163922 0.00206939 0.993307 0.248964 3.71289 0.00979687
1  -0.994609 -0.0924497  0.0469761 -0.0752355   0.331553  -0.940432  0.0713676  -0.938896  -0.336721 0.00571977   0.335784   0.159543 0.00197309 0.994645 0.520379 4.02685 0.0336393
1  -0.991577  -0.117597  0.0542729 -0.0900851   0.325144  -0.941364  0.0930546  -0.938324  -0.332999 0.00112743   0.336608   0.158172 0.00201238 0.993307 0.386227 3.81347 0.0127007
1   -0.99099  -0.120799  0.0578483 -0.0955124   0.334593   -0.93751  0.0938945  -0.934588  -0.343116 0.00145937   0.335042   0.161259 0.0020222 0.993307 0.332827 3.61431 0.00306179
1  -0.994389    -0.0948  0.0469493 -0.0760808    0.33249  -0.940033   0.073505   -0.93833  -0.337837 0.00516973   0.335614   0.159891 0.00194384 0.993307 0.188938 2.25098 0.0311993
1  -0.994606  -0.093182  0.0455724 -0.0748097   0.340034  -0.937433  0.0718558  -0.935785  -0.345171 0.00551006   0.334444   0.162279 0.00198741 0.993307 0.145279 2.25288 0.0331328
1  -0.995189 -0.0873984  0.0442652 -0.0720367   0.346588  -0.935247  0.0663974  -0.933937  -0.351217 0.00709921    0.33309   0.164054 0.00208301 0.98929 0.192267 2.17297 0.0405008
1  -0.992616  -0.109394  0.0524156 -0.0879634   0.351592  -0.932012  0.0835272   -0.92974  -0.358618 0.00313522   0.332022   0.166542 0.00210159 0.987952 0.271652 2.14643 0.0238143
1  -0.994728 -0.0911509  0.0469896 -0.0746109   0.328919  -0.941406  0.0703543  -0.939949  -0.333985 0.00599404   0.336265    0.15877 0.00198466 0.994645 0.353263 2.28903 0.0354904
1  -0.991466  -0.119714  0.0516157 -0.0905424   0.347463  -0.933312  0.0937956   -0.93002  -0.355337 0.00122217   0.332758   0.165314 0.00210943 0.993307 0.25439 1.84664 0.0154878
1  -0.994441 -0.0949258  0.0455698 -0.0750483   0.335391  -0.939085  0.0738597  -0.937284  -0.340651 0.00498489   0.335186   0.160802 0.00196522 0.994645 0.245834 2.42382 0.0312398
1  -0.994514   -0.09367  0.0465549 -0.0752518   0.331564  -0.940427  0.0726538  -0.938771  -0.336794 0.00534798   0.335809   0.159619 0.00196788 0.994645 0.303099 2.59372 0.0325749
1   -0.99466 -0.0914906  0.0477689  -0.075607   0.330847  -0.940651  0.0702565  -0.939239  -0.335998 0.00604591   0.335936    0.15931 0.00197732 0.994645 0.246056 2.32289 0.0344952
1  -0.994705 -0.0918811  0.0460495 -0.0740561   0.330098  -0.941037  0.0712627  -0.939464  -0.335154 0.00570761   0.336067   0.159111 0.00196988 0.994645 0.059739 2.09049 0.0347748
1   -0.99462 -0.0922502  0.0471221 -0.0752375   0.330652  -0.940749  0.0712033  -0.939233  -0.335814 0.00575391   0.336001    0.15925 0.00196194 0.994645 0.309237 2.31765 0.0339702
1  -0.991297   -0.11925  0.0557644 -0.0927839   0.332394  -0.938566  0.0933881  -0.935571  -0.340565 0.00129362   0.335386   0.160542 0.00203616 0.993307 0.160854 1.91144 0.00510498
1  -0.994279  -0.095878   0.047086 -0.0772574   0.341087  -0.936851   0.073763  -0.935129  -0.346543  0.0052824   0.334334   0.162642 0.00195627 0.994645 0.0885055 1.59218 0.0303052
1  -0.995152 -0.0850502  0.0493846 -0.0738665   0.314844  -0.946265  0.0649316  -0.945325    -0.3196 0.00733097   0.338484   0.153949 0.00196801 0.993307 0.337127 1.84286 0.0467752
1   -0.99824 -0.0543853  0.0236475 -0.0394519   0.311283  -0.949498  0.0442777   -0.94876  -0.312881  0.0106512    0.33882   0.152867 0.00247567 0.995984 0.164207 2.04263 0.0836158
1  -0.994596 -0.0931632  0.0458129 -0.0743423   0.331097  -0.940664  0.0724667  -0.938986  -0.336234 0.00531862   0.335874   0.159461 0.00198015 0.994645 0.283845 1.63207 0.0333895
1  -0.995336 -0.0840406  0.0473637 -0.0719255   0.319315  -0.944915  0.0642873  -0.943915   -0.32387 0.00732539   0.337884   0.155368 0.00197842 0.993307 0.306003 1.89394 0.0457559
1  -0.994577 -0.0931491  0.0462612 -0.0750764   0.335193  -0.939154  0.0719749  -0.937534  -0.340368  0.0055591   0.335198   0.160718 0.00197381 0.994645 0.232865 1.55246 0.0327507
1   -0.990617   -0.124523   0.0563296  -0.0962759    0.343265   -0.934291   0.0970043   -0.930948   -0.352032 0.000594096    0.333536    0.164064 0.00205326 0.993307 0.124913 3.28413 0.0101578
1  -0.991334  -0.120358  0.0526347 -0.0930889   0.360928  -0.927936  0.0926869  -0.924794  -0.369005  0.0014988   0.330151   0.169891 0.002239 0.98929 0.262888 1.70563 0.0301387
1  -0.995118 -0.0861718  0.0481121 -0.0730561     0.3154  -0.946143  0.0663563  -0.945038  -0.320156 0.00685767   0.338401   0.154247 0.00198062 0.993307 0.302533 1.76537 0.0457177
1   -0.990465   -0.125455   0.0569293  -0.0962425    0.334412     -0.9375   0.0985762   -0.934039   -0.343297 0.000109167     0.33509    0.161261 0.00200154 0.993307 0.346097 1.86802 0.00205677
1  -0.993069  -0.105087  0.0526404 -0.0859614   0.343949  -0.935045   0.080155   -0.93309  -0.350598 0.00407103   0.333536   0.163899 0.0020232 0.990629 0.24159 1.95824 0.0215475
1  -0.994542 -0.0929686   0.047364 -0.0753872   0.326445  -0.942205  0.0721337  -0.940633  -0.331672 0.00545689   0.336579   0.157985 0.00196495 0.993307 0.362946 3.49749 0.0344099
1  -0.995172 -0.0888939  0.0415964 -0.0681647   0.321103  -0.944588  0.0706114  -0.942863  -0.325612 0.00562387   0.337617   0.156098 0.00200287 0.997323 0.407595 4.32329 0.0423671
1  -0.993164  -0.105493  0.0499606 -0.0866751   0.379833  -0.920985  0.0781803   -0.91902   -0.38638 0.00447806   0.327063   0.175473 0.00236401 0.986613 0.167027 3.32103 0.0539711
1  -0.994506 -0.0938653  0.0463349 -0.0751921    0.33262  -0.940058  0.0728269  -0.938378  -0.337851   0.005293   0.335672    0.15994 0.00196064 0.994645 0.409239 4.53589 0.0322789
1   -0.99746 -0.0619616  0.0351286 -0.0530796   0.317764  -0.946683  0.0474954  -0.946143  -0.320245  0.0102177   0.338015   0.154745 0.00222233 0.995984 0.279124 2.2244 0.0700928
1  -0.994039 -0.0983742  0.0470052  -0.077985   0.340249  -0.937096  0.0761926  -0.935175  -0.345892 0.00454707   0.334344   0.162405 0.0019536 0.993307 0.49863 3.86229 0.0277857
1  -0.996968 -0.0656008  0.0418482 -0.0609246   0.323545  -0.944249  0.0484037  -0.943936   -0.32656  0.0102444   0.337459   0.156137 0.00204049 0.993307 0.347214 2.14085 0.0629241
1  -0.994592 -0.0928664  0.0464969 -0.0745467   0.326641  -0.942204  0.0723113  -0.940575  -0.331798 0.00540593   0.336622   0.158024 0.00195766 0.994645 0.277051 1.65992 0.0347093
1  -0.994397 -0.0946722  0.0470346 -0.0761928   0.333447  -0.939685  0.0732785  -0.938003  -0.338792 0.00526883   0.335525   0.160195 0.00194768 0.994645 0.305786 2.41093 0.031172
1  -0.996737 -0.0660436  0.0464108 -0.0646279   0.308451  -0.949042  0.0483627  -0.948945  -0.311713  0.0103145   0.339764   0.151268 0.00196195 0.991968 0.302787 2.47859 0.0676963
1  -0.997237  -0.063424  0.0386746 -0.0573606    0.32663   -0.94341  0.0472026  -0.943022  -0.329365  0.0104868   0.336642   0.157467 0.00220598 0.995984 0.144889 1.88714 0.0650803
1  -0.994889 -0.0903981  0.0449792 -0.0717735   0.319836   -0.94475  0.0710177  -0.943151   -0.32469 0.00557079   0.337709   0.155839 0.00199473 0.994645 0.572401 3.81541 0.0404392
