1  -0.992645  -0.108352   0.053989 -0.0872268   0.330922  -0.939618  0.0839438  -0.937417   -0.33794 0.00337706   0.335707   0.159499 0.0020067 0.994645 0.294254 1.89253 0.0165217
1  -0.991188  -0.120136  0.0557928 -0.0934407   0.335616  -0.937353  0.0938853  -0.934307  -0.343884 0.00124638   0.334741   0.161395 0.00205534 0.993307 0.379896 3.86514 0.0037617
1  -0.991937  -0.112541   0.058262 -0.0921376   0.324802  -0.941283  0.0870097  -0.939062  -0.332553 0.00257052   0.336855   0.157416 0.00195271 0.994645 0.312674 2.05857 0.0159667
1  -0.995066 -0.0876732   0.046449 -0.0723165   0.320362  -0.944531  0.0679296  -0.943229  -0.325121 0.00668063    0.33774   0.155467 0.00194878 0.997323 0.448116 3.08261 0.0422615
1  -0.994502 -0.0927487  0.0486121 -0.0766947   0.329059   -0.94119  0.0712978  -0.939743  -0.334363 0.00602159   0.336196   0.158473 0.0019217 0.994645 0.149786 2.77643 0.0335229
1  -0.995072 -0.0877915  0.0460911  -0.071849   0.318059  -0.945344  0.0683334  -0.943997    -0.3228 0.00654556   0.338107   0.154709 0.00194418 0.997323 0.310449 2.74299 0.0434378
1  -0.993875 -0.0969869  0.0529757 -0.0805303   0.307318  -0.948193  0.0756819  -0.946652  -0.313246 0.00493983   0.340037   0.151414 0.00188119 0.997323 0.235098 4.39546 0.0421552
1   -0.990371   -0.126082   0.0571788  -0.0966774    0.334227   -0.937521   0.0990942   -0.934021   -0.343198 0.000315033    0.335008    0.161024 0.0020336 0.995984 0.39633 2.20877 0.00267449
1    -0.990237    -0.127212    0.0569926    -0.096726     0.332659    -0.938074     0.100376    -0.934428    -0.341716 -7.63745e-05     0.335239     0.160519 0.00203824 0.995984 0.319408 2.38412 0.0042022
1 -0.996657 -0.066886 0.0469145 -0.065536  0.311651 -0.947934 0.0487826  -0.94784 -0.314992 0.0103541  0.339236  0.152087 0.001953 0.991968 0.430011 3.39713 0.0652617
1  -0.994671 -0.0911749  0.0481229 -0.0758283   0.330757  -0.940665   0.069848  -0.939301  -0.335908  0.0062486   0.335916      0.159 0.00195351 0.994645 0.311682 2.20146 0.034762
1  -0.995073 -0.0877807  0.0460992 -0.0719292    0.31911  -0.944984  0.0682407  -0.943644  -0.323852 0.00663462   0.337943   0.155074 0.00193716 0.997323 0.342153 2.26389 0.0428955
1  -0.991308  -0.119097     0.0559 -0.0931719   0.335532   -0.93741  0.0928863   -0.93447  -0.343712 0.00142058    0.33476   0.161333 0.00205745 0.993307 0.338583 2.82827 0.00470238
1  -0.991388  -0.118544  0.0556478 -0.0927027   0.335144  -0.937595  0.0924961  -0.934679  -0.343248 0.00148299   0.334843   0.161191 0.00205032 0.993307 0.388049 2.00508 0.00521811
1  -0.991339   -0.11875  0.0560907 -0.0931306   0.334512  -0.937778  0.0925981   -0.93488  -0.342674 0.00148147   0.334943   0.160993 0.00204892 0.993307 0.406404 2.60266 0.0049153
1  -0.994492 -0.0928188  0.0486891 -0.0766879   0.327699  -0.941665  0.0714488  -0.940212  -0.333013 0.00597524   0.336415   0.158034 0.00191856 0.994645 0.330687 1.60866 0.0338389
1  -0.996646 -0.0668828  0.0471551 -0.0657679    0.31173  -0.947892   0.048698  -0.947814  -0.315083  0.0103952    0.33922   0.152134 0.00195122 0.991968 0.323873 2.36006 0.0651825
1  -0.994199  -0.095388   0.049687 -0.0789855   0.333985  -0.939263  0.0729998   -0.93774  -0.339581 0.00564918   0.335372   0.160121 0.00191432 0.993307 0.426458 2.95269 0.0297312
1  -0.994284 -0.0947644  0.0491834 -0.0781028   0.331486  -0.940222   0.072796  -0.938689  -0.336992 0.00568471   0.335769   0.159306 0.00192988 0.994645 0.222775 3.50808 0.0308316
1  -0.994173 -0.0947446  0.0514229 -0.0777283   0.299499  -0.950925  0.0746939  -0.949381  -0.305118 0.00498874   0.341326   0.148766 0.00187659 0.997323 0.222805 1.96384 0.0507434
1  -0.994498 -0.0929246  0.0483635 -0.0765534   0.329517  -0.941041  0.0715093  -0.939566  -0.334817  0.0057699   0.336106   0.158645 0.00194544 0.994645 0.267144 2.00723 0.0332613
1  -0.991649  -0.116953  0.0543494 -0.0903532   0.329334  -0.939881  0.0920231  -0.936942  -0.337151 0.00152513   0.335902   0.159205 0.00202086 0.994645 0.329754 5.73397 0.00949468
1  -0.994514 -0.0925962  0.0486605 -0.0765588   0.327338  -0.941801  0.0712787  -0.940359  -0.332632 0.00602545   0.336483   0.157914 0.00191569 0.994645 0.284174 2.50438 0.0341802
1  -0.995073 -0.0877807  0.0460992 -0.0719292    0.31911  -0.944984  0.0682406  -0.943644  -0.323852 0.00663462   0.337943   0.155074 0.00193715 0.997323 0.368564 2.61047 0.0428956
1  -0.994284 -0.0947644  0.0491834 -0.0781028   0.331486  -0.940222   0.072796  -0.938689  -0.336992 0.00568471   0.335769   0.159306 0.00192987 0.994645 0.173599 1.93734 0.0308317
1  -0.994498 -0.0929247  0.0483635 -0.0765535   0.329517  -0.941041  0.0715093  -0.939566  -0.334818 0.00576989   0.336106   0.158645 0.00194544 0.994645 0.395326 2.37528 0.0332612
1  -0.993414  -0.100609  0.0548375 -0.0834531   0.307339  -0.947934  0.0785174  -0.946267  -0.313711 0.00434292   0.340066   0.151571 0.00187416 0.995984 0.570313 4.26659 0.0394538
1  -0.994671 -0.0911749  0.0481229 -0.0758283   0.330757  -0.940665   0.069848  -0.939301  -0.335908 0.00624861   0.335916      0.159 0.00195352 0.994645 0.382112 3.29943 0.034762
1  -0.994288  -0.094756  0.0491102 -0.0780117   0.331241  -0.940316  0.0728332  -0.938776  -0.336741 0.00566832   0.335809   0.159228 0.00192925 0.994645 0.291883 1.71339 0.0309061
1  -0.995069 -0.0879884  0.0457893 -0.0716393    0.31824  -0.945299  0.0686034  -0.943918  -0.322974 0.00651711    0.33808     0.1548 0.00193442 0.997323 0.205164 2.13501 0.0432569
1  -0.994957 -0.0885464  0.0471144 -0.0732787   0.320979  -0.944247   0.068487  -0.942938  -0.325849 0.00637734   0.337597    0.15573 0.00197434 0.997323 0.562732 3.41235 0.0409557
1 -0.996646 -0.066947 0.0470635 -0.065726  0.312215 -0.947735 0.0487541  -0.94765 -0.315568 0.0103794  0.339148  0.152267 0.00195303 0.991968 0.109336 1.83048 0.0649084
1  -0.995073 -0.0877807  0.0460992 -0.0719292    0.31911  -0.944984  0.0682407  -0.943644  -0.323852 0.00663462   0.337943   0.155074 0.00193716 0.997323 0.162225 2.28208 0.0428955
1  -0.994284 -0.0947644  0.0491834 -0.0781028   0.331486  -0.940222   0.072796  -0.938689  -0.336992 0.00568471   0.335769   0.159306 0.00192989 0.994645 0.43481 4.96106 0.0308317
1  -0.994501 -0.0927184  0.0486908 -0.0766402   0.327494   -0.94174  0.0713707  -0.940293  -0.332799 0.00599889   0.336453   0.157967 0.00191692 0.994645 0.167304 3.87431 0.0340026
1  -0.994558 -0.0924393  0.0480584  -0.076034   0.328631  -0.941393  0.0712282  -0.939924  -0.333871 0.00583558   0.336262   0.158343 0.00194097 0.994645 0.383177 4.013 0.0340579
1  -0.994514 -0.0925962  0.0486605 -0.0765588   0.327338  -0.941801  0.0712787  -0.940359  -0.332632 0.00602545   0.336483   0.157914 0.00191569 0.994645 0.364567 4.39368 0.0341802
1  -0.994547 -0.0922306  0.0486847 -0.0764558   0.327293  -0.941825  0.0709309  -0.940411  -0.332559  0.0059587   0.336479   0.157894 0.0019363 0.994645 0.27742 3.72957 0.034516
1  -0.994498 -0.0929246  0.0483635 -0.0765535   0.329517  -0.941041  0.0715093  -0.939566  -0.334817  0.0057699   0.336106   0.158645 0.00194544 0.994645 0.370853 2.55517 0.0332613
1  -0.994506 -0.0928937  0.0482647 -0.0764446   0.329451  -0.941073  0.0715189  -0.939592  -0.334742 0.00576069   0.336119   0.158619 0.00194524 0.994645 0.288423 2.64812 0.0333345
1  -0.994514 -0.0925962  0.0486605 -0.0765588   0.327338  -0.941801  0.0712787  -0.940359  -0.332632 0.00602545   0.336483   0.157914 0.00191569 0.994645 0.0774396 1.92662 0.0341802
1  -0.996648 -0.0669134  0.0470754 -0.0656833   0.311371  -0.948016   0.048777   -0.94793  -0.314723  0.0103643   0.339272   0.152015 0.001952 0.991968 0.423682 4.02579 0.0653427
1  -0.994668 -0.0914196   0.047732  -0.075124   0.325185  -0.942662  0.0706561  -0.941221  -0.330319  0.0060603   0.336903   0.157122 0.00192828 0.995984 0.285413 4.76583 0.0363218
1  -0.994957 -0.0885464  0.0471144 -0.0732787   0.320979  -0.944247   0.068487  -0.942938  -0.325849 0.00637733   0.337597    0.15573 0.00197434 0.997323 0.328924 2.35942 0.0409557
1  -0.991618  -0.116675  0.0555083 -0.0915306   0.331118   -0.93914  0.0911946  -0.936348  -0.339022 0.00190825   0.335573   0.159817 0.0020353 0.994645 0.304727 1.84067 0.00824245
1  -0.995077 -0.0878422  0.0458798  -0.071696   0.318492   -0.94521   0.068417  -0.943847  -0.323222 0.00650957   0.338038   0.154854 0.00194543 0.997323 0.283725 1.79466 0.0432203
1  -0.994506 -0.0928937  0.0482647 -0.0764446   0.329451  -0.941073  0.0715189  -0.939592  -0.334742  0.0057607   0.336119   0.158619 0.00194525 0.994645 0.323083 2.90855 0.0333345
1  -0.994425 -0.0934404  0.0488623 -0.0772656   0.330383  -0.940679  0.0717542   -0.93921  -0.335761 0.00589678   0.335953   0.158919 0.00193196 0.994645 0.256188 3.54684 0.0324447
1  -0.996646 -0.0668828  0.0471551 -0.0657679    0.31173  -0.947892   0.048698  -0.947814  -0.315083  0.0103952    0.33922   0.152134 0.00195123 0.991968 0.248494 2.03015 0.0651825
1  -0.995069 -0.0879884  0.0457893 -0.0716393    0.31824  -0.945299  0.0686034  -0.943918  -0.322974 0.00651711    0.33808     0.1548 0.00193442 0.997323 0.27701 1.89564 0.0432569
1  -0.995073 -0.0877807  0.0460992 -0.0719292    0.31911  -0.944984  0.0682406  -0.943644  -0.323852 0.00663462   0.337943   0.155074 0.00193716 0.997323 0.38213 2.14946 0.0428955
1  -0.994492 -0.0928188  0.0486891 -0.0766879   0.327699  -0.941664  0.0714488  -0.940212  -0.333013 0.00597524   0.336415   0.158034 0.00191856 0.994645 0.206115 2.11057 0.0338388
1  -0.993426  -0.100521  0.0547798 -0.0832935   0.306417  -0.948246  0.0785328  -0.946575  -0.312775 0.00430864   0.340216   0.151256 0.00189035 0.997323 0.446204 3.56279 0.0403494
1    -0.990184      -0.1275    0.0572603   -0.0971935     0.333722    -0.937647     0.100441    -0.934009    -0.342839 -5.12491e-05     0.335053     0.160876 0.00204301 0.995984 0.27508 2.28079 0.00416206
1  -0.996594 -0.0680356   0.046601 -0.0657323   0.314139  -0.947099  0.0497973  -0.946936  -0.317541 0.00997185   0.338803   0.152955 0.00197891 0.991968 0.377484 4.96403 0.0630535
1  -0.994547 -0.0922306  0.0486847 -0.0764558   0.327293  -0.941825  0.0709309  -0.940411  -0.332559  0.0059587   0.336479   0.157894 0.0019363 0.994645 0.30977 2.681 0.034516
1  -0.991337  -0.118485  0.0566799 -0.0937051   0.335618  -0.937326  0.0920365  -0.934517  -0.343813 0.00176852   0.334766   0.161329 0.00205087 0.993307 0.171837 1.62745 0.00531221
1  -0.994284 -0.0947644  0.0491834 -0.0781028   0.331486  -0.940222   0.072796  -0.938689  -0.336992 0.00568471   0.335769   0.159306 0.00192988 0.994645 0.389441 3.38644 0.0308316
1  -0.994506 -0.0928937  0.0482647 -0.0764446   0.329451  -0.941073  0.0715189  -0.939592  -0.334742  0.0057607   0.336119   0.158619 0.00194524 0.994645 0.230287 2.12497 0.0333345
1  -0.992589  -0.108761  0.0542079 -0.0882386   0.338342  -0.936877  0.0835553  -0.934717  -0.345431 0.00336451   0.334463   0.161896 0.00204448 0.994645 0.37112 2.40347 0.015705
1    -0.990182    -0.127544    0.0572075   -0.0971635     0.333767    -0.937635     0.100495    -0.933987    -0.342883 -6.83333e-05     0.335043     0.160897 0.00204351 0.995984 0.322899 2.86939 0.00419559
1   -0.99176   -0.11579  0.0548184 -0.0903924   0.329245  -0.939908  0.0907834  -0.937118  -0.336998 0.00194606   0.335923   0.159172 0.00201742 0.994645 0.303917 1.85637 0.0103472
1  -0.995065 -0.0880124  0.0458104 -0.0716677   0.318248  -0.945295  0.0686186  -0.943913  -0.322985 0.00652169   0.338078   0.154802 0.00193361 0.997323 0.224328 1.78509 0.0432268
1  -0.994472 -0.0932485  0.0482756 -0.0767948   0.332335   -0.94003  0.0716127   -0.93854  -0.337659 0.00591439   0.335627    0.15956 0.00194148 0.994645 0.232078 2.2968 0.0324063
1  -0.994341 -0.0942433  0.0490413 -0.0777513   0.330964  -0.940435  0.0723988  -0.938926  -0.336418 0.00576383   0.335847   0.159134 0.00193273 0.994645 0.232573 1.87548 0.0314841
1  -0.994377 -0.0938265  0.0491006 -0.0776521    0.33078  -0.940508   0.072003  -0.939032  -0.336206 0.00586618   0.335882   0.159066 0.00193193 0.994645 0.365144 1.89249 0.0319198
1  -0.994479 -0.0929199  0.0487558 -0.0769176   0.329446  -0.941036  0.0713786  -0.939591  -0.334774 0.00600432   0.336126   0.158605 0.00192428 0.994645 0.232322 1.91473 0.0332154
1  -0.994507 -0.0927846  0.0484478 -0.0765139   0.328568  -0.941376  0.0714268  -0.939912  -0.333863 0.00597159   0.336274   0.158313 0.00192121 0.994645 0.348766 1.94728 0.0336673
1  -0.994498 -0.0929246  0.0483635 -0.0765535   0.329517  -0.941041  0.0715093  -0.939566  -0.334818  0.0057699   0.336106   0.158645 0.00194544 0.994645 0.369617 2.25054 0.0332613
1  -0.996648 -0.0669134  0.0470754 -0.0656833   0.311371  -0.948016   0.048777   -0.94793  -0.314723  0.0103643   0.339272   0.152015 0.001952 0.991968 0.44284 5.00325 0.0653427
1  -0.994515 -0.0927279  0.0483815  -0.076413   0.328315  -0.941472  0.0714164  -0.940006    -0.3336 0.00597488    0.33632   0.158232 0.00191921 0.994645 0.362202 3.12585 0.0338148
1   -0.990373   -0.126063   0.0571731  -0.0966675    0.334249   -0.937514   0.0990758   -0.934016   -0.343217 0.000324554    0.335005     0.16103 0.00203366 0.995984 0.328584 1.94346 0.00265353
1   -0.990294   -0.126843   0.0568222  -0.0964622    0.332897   -0.938016    0.100065   -0.934393   -0.341902 5.54616e-06    0.335219    0.160565 0.00203584 0.995984 0.38826 1.96442 0.00375896
1  -0.995072 -0.0877915  0.0460911  -0.071849   0.318059  -0.945344  0.0683335  -0.943997    -0.3228 0.00654555   0.338107   0.154709 0.00194418 0.997323 0.347756 2.14941 0.0434378
1   -0.99176   -0.11579  0.0548184 -0.0903924   0.329245  -0.939908  0.0907834  -0.937118  -0.336998 0.00194606   0.335923   0.159172 0.00201742 0.994645 0.285352 2.14087 0.0103471
1  -0.995069 -0.0879884  0.0457893 -0.0716393    0.31824  -0.945299  0.0686034  -0.943918  -0.322974 0.00651711    0.33808     0.1548 0.00193442 0.997323 0.286778 4.41241 0.0432569
1  -0.994421 -0.0923262  0.0510082 -0.0760902   0.292991  -0.953083  0.0730496  -0.951647  -0.298381 0.00539019   0.342354   0.146507 0.00191531 1 0.423263 2.16558 0.0582369
1  -0.991803  -0.115233   0.055205 -0.0907495   0.331124  -0.939213  0.0899487  -0.936525  -0.338867 0.00216109   0.335624   0.159749 0.00200174 0.993307 0.204023 1.61579 0.00962203
1  -0.993475  -0.101051  0.0528841 -0.0828478   0.320717  -0.943545  0.0783849  -0.941769  -0.326996 0.00419025   0.337667   0.155836 0.00189467 0.994645 0.536988 6.10796 0.02875
1  -0.994288  -0.094756  0.0491102 -0.0780118   0.331241  -0.940316  0.0728333  -0.938776  -0.336741 0.00566831   0.335809   0.159228 0.00192925 0.994645 0.372853 3.7797 0.0309061
1   -0.99666 -0.0668373  0.0469316  -0.065628   0.313425  -0.947342  0.0486083  -0.947258  -0.316765  0.0103887   0.338943   0.152668 0.00196266 0.991968 0.296192 1.91088 0.0644584
1  -0.996662  -0.066944  0.0467321 -0.0654475   0.312942  -0.947515   0.048806   -0.94741  -0.316279   0.010325   0.339017   0.152519 0.00196116 0.991968 0.402983 2.28305 0.0646174
1  -0.994543 -0.0922588  0.0486996 -0.0764797   0.327299  -0.941821  0.0709519  -0.940406  -0.332569 0.00595299   0.336481   0.157895 0.00193554 0.994645 0.307963 3.48447 0.0344834
1  -0.994498 -0.0929246  0.0483635 -0.0765535   0.329517  -0.941041  0.0715093  -0.939566  -0.334818  0.0057699   0.336106   0.158645 0.00194544 0.994645 0.370283 1.81669 0.0332613
1  -0.994379 -0.0938691  0.0489733  -0.077514   0.330363  -0.940666  0.0721205  -0.939175  -0.335782 0.00582369   0.335946   0.158931 0.00193173 0.994645 0.22762 2.50096 0.0320018
1  -0.994318 -0.0944751  0.0490542 -0.0778728   0.331362  -0.940285  0.0725788  -0.938762  -0.336836 0.00573799   0.335784   0.159259 0.00193213 0.994645 0.503625 3.7534 0.0311744
1  -0.994506 -0.0928937  0.0482647 -0.0764446   0.329451  -0.941073  0.0715189  -0.939592  -0.334742  0.0057607   0.336119   0.158619 0.00194525 0.994645 0.31876 2.31153 0.0333345
1  -0.994517 -0.0926662  0.0484754 -0.0764917   0.328455  -0.941417  0.0713156  -0.939963  -0.333742 0.00600613   0.336299   0.158276 0.00191935 0.994645 0.278696 2.60376 0.0338091
1  -0.993958 -0.0959269  0.0533367  -0.079309   0.291782  -0.953191  0.0758739  -0.951662  -0.297627 0.00479074   0.342519   0.146203 0.00191127 1 0.273288 2.09492 0.0569747
1  -0.994288 -0.0947561  0.0491102 -0.0780117   0.331241  -0.940316  0.0728333  -0.938776  -0.336741  0.0056683   0.335809   0.159228 0.00192925 0.994645 0.2085 2.04933 0.0309061
1  -0.991389  -0.118088  0.0565937 -0.0934561    0.33532  -0.937458  0.0917255  -0.934674  -0.343468 0.00183806   0.334814   0.161228 0.00204971 0.993307 0.361167 2.52431 0.00564832
1  -0.991649  -0.116953  0.0543494 -0.0903532   0.329334  -0.939881  0.0920231  -0.936942  -0.337151 0.00152513   0.335902   0.159205 0.00202086 0.994645 0.359622 2.18465 0.00949474
1  -0.994284 -0.0947644  0.0491834 -0.0781028   0.331486  -0.940222   0.072796  -0.938689  -0.336992 0.00568471   0.335769   0.159306 0.00192989 0.994645 0.325059 2.36035 0.0308316
1  -0.994548 -0.0925576  0.0480252 -0.0760509   0.328744  -0.941352  0.0713413  -0.939873  -0.333991 0.00579957    0.33625    0.15838 0.00193987 0.994645 0.416942 5.7809 0.0339195
1  -0.994506 -0.0928937  0.0482647 -0.0764446   0.329451  -0.941073  0.0715189  -0.939592  -0.334742  0.0057607   0.336119   0.158619 0.00194524 0.994645 0.478848 6.21492 0.0333345
1  -0.994284 -0.0947644  0.0491834 -0.0781028   0.331486  -0.940222   0.072796  -0.938689  -0.336992 0.00568471   0.335769   0.159306 0.00192988 0.994645 0.132228 2.36382 0.0308317
1  -0.994472 -0.0932485  0.0482756 -0.0767948   0.332335   -0.94003  0.0716127   -0.93854  -0.337659 0.00591438   0.335627    0.15956 0.00194148 0.994645 0.333284 2.06723 0.0324063
1   -0.99166  -0.116811   0.054451 -0.0903785   0.329105  -0.939958  0.0918773  -0.937041  -0.336918 0.00157169    0.33594   0.159122 0.00201987 0.994645 0.412031 2.39973 0.00974404
1  -0.991752  -0.115527  0.0555068 -0.0909484   0.329175  -0.939879  0.0903101  -0.937175  -0.336967 0.00207163   0.335953   0.159096 0.00199415 0.993307 0.361527 3.00588 0.0104757
1   -0.99136  -0.118658  0.0559122 -0.0928708   0.333916  -0.938016  0.0926332  -0.935104  -0.342051 0.00145385   0.335046   0.160797 0.00204549 0.993307 0.403048 2.0451 0.00509709
1  -0.995073 -0.0877808  0.0460992 -0.0719292    0.31911  -0.944984  0.0682407  -0.943644  -0.323852 0.00663461   0.337943   0.155074 0.00193715 0.997323 0.128086 2.246 0.0428955
1  -0.994284 -0.0947644  0.0491834 -0.0781028   0.331486  -0.940222   0.072796  -0.938689  -0.336992 0.00568471   0.335769   0.159306 0.00192988 0.994645 0.270787 2.42079 0.0308316
1  -0.990299  -0.126664   0.057138 -0.0967854   0.333705  -0.937696  0.0997052  -0.934129  -0.342726 0.00018512   0.335087   0.160852 0.00203619 0.995984 0.286848 2.14693 0.00330779
1  -0.994284 -0.0947645  0.0491834 -0.0781028   0.331486  -0.940222   0.072796  -0.938689  -0.336992  0.0056847   0.335769   0.159306 0.00192989 0.994645 0.371562 3.87123 0.0308316
1  -0.994479 -0.0929199  0.0487558 -0.0769176   0.329446  -0.941036  0.0713786  -0.939591  -0.334774 0.00600432   0.336126   0.158605 0.00192428 0.994645 0.137317 3.34411 0.0332154
1  -0.996596 -0.0680717  0.0465049 -0.0656306   0.313723  -0.947244  0.0498909  -0.947071  -0.317123 0.00993526   0.338867   0.152823 0.001979 0.991968 0.302714 1.75133 0.0632273
1  -0.996588 -0.0680456   0.046707 -0.0658394     0.3142  -0.947071  0.0497687  -0.946915  -0.317608 0.00998849   0.338796   0.152966 0.00197834 0.991968 0.464481 3.90481 0.0629988
1  -0.994699 -0.0910316  0.0478336 -0.0754417   0.329889     -0.941  0.0698809   -0.93962  -0.335008 0.00621924   0.336067   0.158712 0.00194967 0.994645 0.484786 3.67091 0.0351675
1  -0.994747 -0.0893791  0.0498906 -0.0744997    0.29793  -0.951676  0.0701961  -0.950394  -0.303023 0.00612544   0.341504   0.148177 0.00190272 0.998661 0.264635 3.85655 0.0558497
1  -0.991308  -0.119097     0.0559 -0.0931719   0.335532   -0.93741  0.0928863   -0.93447  -0.343712 0.00142057    0.33476   0.161333 0.00205745 0.993307 0.285035 3.7583 0.00470237
1  -0.994392 -0.0937104  0.0490243 -0.0775467   0.330861  -0.940488  0.0719133  -0.939015  -0.336272  0.0058831   0.335867    0.15909 0.00193347 0.994645 0.286417 2.95903 0.0320353
1  -0.994377 -0.0938265  0.0491006 -0.0776521    0.33078  -0.940508  0.0720031  -0.939032  -0.336206 0.00586618   0.335882   0.159066 0.00193193 0.994645 0.280207 1.95829 0.0319197
1  -0.991752  -0.115843  0.0548396 -0.0904541   0.329488  -0.939817  0.0908025  -0.937026  -0.337249 0.00194505   0.335887   0.159244 0.00201737 0.994645 0.271308 1.81736 0.0101339
1  -0.994398 -0.0936457  0.0490164  -0.077523   0.330934  -0.940464  0.0718492  -0.938996  -0.336339 0.00589529   0.335857   0.159112 0.00193368 0.994645 0.312167 1.99922 0.0320851
1  -0.991853  -0.113978  0.0568933 -0.0915947   0.327693  -0.940334  0.0885337  -0.937884  -0.335463 0.00216962   0.336315   0.158462 0.0019828 0.994645 0.314357 1.78765 0.0126357
1   -0.99176   -0.11579  0.0548184 -0.0903924   0.329245  -0.939908  0.0907834  -0.937118  -0.336998 0.00194606   0.335923   0.159172 0.00201742 0.994645 0.138937 1.36262 0.0103471
1    -0.9912  -0.120051  0.0557744 -0.0933919     0.3356  -0.937364  0.0938137  -0.934324  -0.343858  0.0012579   0.334746   0.161384 0.00205551 0.993307 0.361218 2.44222 0.00383852
1  -0.994479 -0.0929473  0.0487157 -0.0768942   0.329515  -0.941014  0.0714122  -0.939564  -0.334842 0.00599463   0.336116   0.158628 0.00192391 0.994645 0.207312 1.57965 0.0331807
