1  -0.992998  -0.105656  0.0528309  -0.085294   0.331874   -0.93946  0.0817259  -0.937388  -0.338562 0.00391785   0.335528   0.159777 0.00201818 0.994645 0.290217 1.83207 0.0191505
1   -0.990967   -0.121933   0.0558361  -0.0941033    0.335579     -0.9373   0.0955501   -0.934088   -0.344021 0.000801551    0.334679    0.161431 0.00206874 0.993307 0.375855 3.78481 0.00220317
1  -0.991923  -0.112958  0.0577061 -0.0915751   0.322927  -0.941983  0.0877698  -0.939659  -0.330663 0.00233037   0.337085   0.156837 0.00196962 0.994645 0.306722 2.01305 0.0172134
1  -0.994973 -0.0880338  0.0477344 -0.0735165   0.318443  -0.945087  0.0679989  -0.943845  -0.323314 0.00668861   0.338079   0.154797 0.00194498 0.997323 0.449194 3.00232 0.0425901
1  -0.994502 -0.0924768  0.0491289 -0.0770653   0.328702  -0.941284  0.0708981  -0.939895  -0.334022 0.00610039   0.336176   0.158346 0.0019519 0.994645 0.136422 2.72624 0.033752
1  -0.995237  -0.087434  0.0431037 -0.0679531   0.305228  -0.949852  0.0698929  -0.948257  -0.309716 0.00588389   0.340057   0.150616 0.00195421 0.997323 0.306891 2.67495 0.05299
1  -0.993767 -0.0978071  0.0534899 -0.0821942   0.318713  -0.944281  0.0753094  -0.942791  -0.324766 0.00513967   0.338251   0.155009 0.0019008 0.997323 0.227125 4.34179 0.0327747
1    -0.990396    -0.126459    0.0558964   -0.0955978     0.334261     -0.93762     0.099886    -0.933958     -0.34314 -3.31984e-06     0.334991     0.161011 0.00203897 0.995984 0.394737 2.17773 0.00316991
1  -0.990028  -0.126377   0.062244  -0.102311   0.341299   -0.93437  0.0968388   -0.93142  -0.350825 0.00142714   0.334134   0.163056 0.00213375 1 0.287514 2.31092 0.0106163
1  -0.996957 -0.0655847  0.0421256  -0.060515   0.310589  -0.948616  0.0491309  -0.948279  -0.313613   0.010043   0.339437   0.151774 0.00202109 0.995984 0.410139 3.35179 0.0679642
1  -0.994614 -0.0921737  0.0474104 -0.0766077   0.345591  -0.935253  0.0698211  -0.933847  -0.350791 0.00617746   0.333301   0.163695 0.00203318 0.990629 0.283612 2.13658 0.0349154
1  -0.995616 -0.0820819  0.0448459 -0.0679156   0.304741  -0.950011  0.0643123  -0.948892   -0.30898 0.00774351   0.340017   0.150415 0.00201794 0.997323 0.314721 2.20415 0.0569118
1  -0.991721  -0.117158  0.0525755 -0.0906575   0.348797  -0.932803  0.0909471  -0.929846  -0.356531 0.00202367   0.332496   0.165553 0.00212667 0.993307 0.316329 2.74698 0.0173928
1  -0.991353  -0.118869  0.0555779  -0.093842   0.346185  -0.933461  0.0917196  -0.930605  -0.354346 0.00174171   0.332995   0.164606 0.00210874 0.993307 0.370613 1.95637 0.0138817
1  -0.991334  -0.118475  0.0567463 -0.0939965   0.337979  -0.936448  0.0917662  -0.933667  -0.346187 0.00181772   0.334384   0.162039 0.00205759 0.993307 0.403894 2.57682 0.00645436
1  -0.994436 -0.0931236  0.0492417 -0.0773871    0.32867  -0.941269  0.0714702  -0.939843  -0.334047 0.00595586   0.336257    0.15834 0.00192397 0.994645 0.328801 1.5781 0.0331059
1  -0.996887 -0.0676955  0.0404268 -0.0615202   0.347097  -0.935809  0.0493181  -0.935383  -0.350181  0.0101638   0.333201   0.163553 0.00226428 0.990629 0.215393 2.286 0.0601734
1  -0.993388  -0.103221  0.0502597 -0.0839885   0.354923  -0.931115  0.0782724   -0.92918  -0.361246  0.0043222   0.331529   0.166983 0.00211165 0.990629 0.367337 2.81317 0.0306415
1  -0.994107 -0.0968505  0.0486869 -0.0786817   0.335751  -0.938659  0.0745629  -0.936959  -0.341393   0.005184   0.335077   0.160724 0.00192098 0.993307 0.226358 3.42397 0.0284219
1  -0.994138 -0.0949633  0.0516796  -0.078095   0.300185  -0.950679  0.0747661  -0.949142  -0.305841 0.00499012   0.341205    0.14897 0.00187669 0.997323 0.222766 1.93387 0.0499501
1  -0.994242 -0.0950475  0.0494912 -0.0783455   0.329629  -0.940854  0.0731121  -0.939314  -0.335178 0.00531356   0.335993   0.158704 0.00198449 0.994645 0.252434 1.96955 0.0308562
1  -0.991621  -0.117133  0.0544828 -0.0909049   0.333041   -0.93852  0.0917864  -0.935609  -0.340898 0.00160822   0.335291   0.160377 0.0020364 0.994645 0.3246 5.69672 0.0072084
1  -0.994666 -0.0909107  0.0487339 -0.0756703   0.322037  -0.943698  0.0700982  -0.942352  -0.327198 0.00615908   0.337289   0.156203 0.00194165 0.994645 0.274475 2.40869 0.0378754
1  -0.995439 -0.0847374  0.0438191 -0.0676624   0.303348  -0.950475  0.0672483  -0.949105  -0.307698 0.00675173   0.340459   0.150032 0.00192643 0.997323 0.372059 2.53527 0.0561756
1  -0.994051 -0.0967496  0.0500297 -0.0796879   0.332881  -0.939596  0.0742516  -0.937992   -0.33861 0.00533198   0.335535   0.159752 0.0019157 0.993307 0.179667 1.86769 0.0284201
1  -0.993677  -0.100672  0.0497073 -0.0819523   0.347739  -0.934003  0.0767424  -0.932171  -0.353791 0.00468066   0.333027   0.164631 0.0019871 0.993307 0.382375 2.23153 0.0277553
1  -0.993482  -0.100232  0.0542908 -0.0828533   0.307837  -0.947825  0.0782898  -0.946145  -0.314135 0.00440303   0.339965   0.151763 0.00187767 0.995984 0.569508 4.2111 0.0393165
1  -0.994524 -0.0937131  0.0462682 -0.0775742   0.365236  -0.927677  0.0700367  -0.926186  -0.370505  0.0062394   0.329984    0.16997 0.00214834 0.990629 0.320492 3.22597 0.0457692
1  -0.994035 -0.0978202  0.0482197 -0.0780277   0.328998  -0.941102  0.0761946  -0.939251  -0.334668 0.00463881   0.336193   0.158565 0.00192073 0.994645 0.29501 1.62894 0.0287504
1  -0.994883 -0.0885057  0.0487369 -0.0730827   0.297289  -0.951986  0.0697673  -0.950677  -0.302236 0.00617975   0.341388   0.148001 0.00190379 0.997323 0.217751 2.05564 0.0571728
1  -0.995099 -0.0874031  0.0462548  -0.071042   0.306486   -0.94922  0.0687884  -0.947854  -0.311193  0.0061639    0.33989   0.151066 0.00195241 0.997323 0.567589 3.32255 0.0511451
1  -0.996716 -0.0669108  0.0456013 -0.0648919   0.323218  -0.944097  0.0484311  -0.943956  -0.326498  0.0104513    0.33739   0.155709 0.00202956 0.993307 0.0744373 1.8003 0.0609572
1  -0.995208 -0.0869119  0.0448005  -0.070184   0.315932  -0.946182  0.0680806  -0.944793  -0.320518 0.00655399   0.338465   0.153996 0.00194077 0.997323 0.160663 2.23185 0.045764
1  -0.993649   -0.10181  0.0479146  -0.082081   0.364566  -0.927553   0.076966  -0.925595  -0.370607 0.00466367   0.329935   0.169835 0.00216545 0.990629 0.365822 4.81035 0.0400904
1  -0.994511 -0.0917228  0.0503429  -0.077526    0.32286  -0.943266  0.0702653  -0.941992  -0.328199 0.00638397   0.337166   0.156532 0.00191898 0.994645 0.166409 3.83105 0.0364038
1  -0.994711 -0.0891979  0.0509333 -0.0768342   0.317061  -0.945288  0.0681688  -0.944201  -0.322237 0.00656133   0.337617   0.154723 0.00213747 0.987952 0.320733 3.91298 0.0415098
1  -0.994629 -0.0909428  0.0494146 -0.0764788   0.324089   -0.94293   0.069738  -0.941645  -0.329303 0.00636023   0.337037   0.156863 0.00191675 0.994645 0.364214 4.30274 0.036786
1  -0.994841 -0.0896289   0.047524 -0.0742135   0.323577  -0.943287  0.0691681  -0.941947  -0.328559 0.00628148   0.337182   0.156595 0.00197162 0.997323 0.264239 3.61054 0.0386849
1  -0.993474  -0.104147  0.0465005 -0.0807318   0.354117   -0.93171  0.0805678  -0.929384  -0.360214 0.00339199   0.331782   0.166831 0.00205297 0.98929 0.336078 2.3793 0.0300986
1  -0.994318 -0.0948304  0.0483679  -0.078796   0.350124  -0.933383  0.0715784  -0.931891  -0.355607 0.00582741   0.332564   0.165183 0.00202347 0.990629 0.259808 2.58577 0.0342563
1  -0.994565 -0.0922012  0.0483711 -0.0761378   0.327145  -0.941902  0.0710201  -0.940465  -0.332387 0.00607908   0.336524   0.157856 0.00191444 0.994645 0.0780455 1.89542 0.0346974
1  -0.996682 -0.0660022  0.0476331 -0.0658107   0.309083  -0.948755  0.0478974  -0.948742  -0.312401  0.0106196    0.33959   0.151299 0.00195728 0.991968 0.422123 3.98286 0.0672315
1  -0.994614 -0.0918293  0.0480721 -0.0751748   0.319785  -0.944503  0.0713604   -0.94303  -0.324966 0.00585153   0.337844   0.155282 0.00192645 0.997323 0.286091 4.70515 0.0384163
1  -0.995074 -0.0831768  0.0539425 -0.0770263   0.306124   -0.94887  0.0624109  -0.948351  -0.311023 0.00811676   0.339719   0.150888 0.00203742 0.993307 0.307485 2.20494 0.0533239
1   -0.99182  -0.116163  0.0529113  -0.089124   0.333456  -0.938543  0.0913806  -0.935582  -0.341082 0.00177324   0.335141   0.160531 0.00206728 0.994645 0.2938 1.80583 0.00863183
1  -0.995057 -0.0880207  0.0459839 -0.0718843   0.318923  -0.945051  0.0685188  -0.943685  -0.323673 0.00648581    0.33802   0.154967 0.00193874 0.997323 0.28619 1.76839 0.0428134
1  -0.994471 -0.0932033  0.0483778 -0.0767462   0.330632  -0.940634  0.0716749  -0.939146  -0.335957  0.0057192   0.335846   0.159013 0.00197521 0.994645 0.312655 2.86835 0.0327136
1  -0.994483 -0.0927906   0.048932 -0.0774995   0.335514  -0.938842  0.0706984  -0.937454  -0.340854 0.00624672   0.335092   0.160553 0.00195761 0.994645 0.246313 3.47662 0.0324187
0  -0.998243 -0.0479311  0.0348419 -0.0485097   0.323325  -0.945044  0.0340317  -0.945073  -0.325082  0.0142424   0.336588   0.155953 0.00252009 0.993307 0.0293979 1.90641 0.0819695
1  -0.995369 -0.0849962  0.0449077 -0.0687321   0.302644  -0.950622  0.0672082  -0.949306  -0.307084 0.00685245   0.340486   0.149896 0.00194003 0.997323 0.274911 1.84986 0.056191
1    -0.9954 -0.0838874  0.0462813 -0.0692679   0.296398  -0.952549  0.0661891  -0.951373  -0.300846 0.00686814   0.341413    0.14774 0.00195969 0.997323 0.374944 2.05921 0.0615476
1   -0.99444 -0.0933885  0.0486547 -0.0766766   0.325484  -0.942434  0.0721761  -0.940924  -0.330835 0.00579668   0.336774   0.157391 0.00190819 0.994645 0.210405 2.07525 0.0340994
1  -0.993423   -0.10056  0.0547555 -0.0832201   0.305661  -0.948497  0.0786445  -0.946815  -0.312019  0.0042705   0.340364   0.150987 0.00188877 0.997323 0.446668 3.53194 0.0410238
1    -0.989178    -0.136808    0.0530067    -0.102274     0.383921    -0.917685     0.105196    -0.913175    -0.393758 -0.000757894     0.326095     0.176849 0.00250695 0.994645 0.11046 2.12967 0.0584979
1  -0.997145 -0.0634392  0.0409664 -0.0592618   0.321126  -0.945181  0.0468061  -0.944909  -0.323968  0.0106568   0.337559   0.155238 0.00211839 0.994645 0.333607 4.90814 0.0659481
1  -0.994842  -0.088011  0.0504403 -0.0773394   0.336307  -0.938571  0.0656412  -0.937631  -0.341379 0.00713895   0.334962   0.160685 0.00200519 0.98929 0.285215 2.42775 0.0368638
1  -0.991848  -0.116683  0.0512182 -0.0897333   0.354159   -0.93087  0.0904774  -0.927878  -0.361742 0.00211025   0.331622   0.167237 0.00214076 0.993307 0.135539 1.52664 0.0232544
1  -0.993793 -0.0998872  0.0489616 -0.0805497   0.342591  -0.936025  0.0767231  -0.934159  -0.348511 0.00449169   0.333947   0.162813 0.0019767 0.993307 0.374629 3.30559 0.0263607
1  -0.994358 -0.0946375  0.0479056  -0.077967   0.345888  -0.935031   0.071919  -0.933491  -0.351315 0.00569051   0.333354   0.163853 0.002007 0.993307 0.205852 2.06984 0.0326229
1  -0.992668  -0.110176  0.0497084   -0.08603   0.355145  -0.930844  0.0849031  -0.928296   -0.36202 0.00277708   0.331551   0.167159 0.00212832 0.991968 0.34533 2.33735 0.0268426
1  -0.989209  -0.133198  0.0610207  -0.108528    0.38639  -0.915928  0.0984216  -0.912667  -0.396677 0.00139298   0.325168   0.177882 0.00252578 0.985274 0.163104 2.7568 0.0615341
1  -0.992079  -0.113608  0.0535997 -0.0890163   0.334744  -0.938095  0.0886331  -0.935436  -0.342205 0.00258286   0.335083   0.160878 0.00201302 0.993307 0.305434 1.81833 0.0106618
1  -0.995426  -0.085995  0.0416163 -0.0658535   0.302047  -0.951016  0.0692125  -0.949406  -0.306328 0.00605927    0.34059   0.149702 0.00195362 0.997323 0.216302 1.72384 0.0568964
1  -0.994519 -0.0928756   0.048024 -0.0768191   0.337461    -0.9382  0.0709296  -0.936747  -0.342746  0.0061358   0.334757    0.16114 0.00197354 0.994645 0.219397 2.26481 0.03256
1  -0.994315 -0.0948575  0.0483615 -0.0775204   0.333581  -0.939529  0.0729889  -0.937937  -0.339038 0.00555694   0.335388   0.159962 0.00193424 0.993307 0.231973 1.85018 0.0306245
1  -0.994385 -0.0941624  0.0482836 -0.0771633   0.332985   -0.93977  0.0724133  -0.938219  -0.338381 0.00570704   0.335471   0.159777 0.00193896 0.993307 0.362834 1.8621 0.0314059
1  -0.994414 -0.0933225  0.0493073 -0.0773801   0.326885  -0.941891  0.0717818  -0.940445  -0.332281   0.005889   0.336427   0.157826 0.00193849 0.993307 0.226653 1.86807 0.033462
1   -0.99449 -0.0928774  0.0486056  -0.076686   0.328456  -0.941401    0.07147  -0.939942  -0.333769 0.00595406   0.336291   0.158292 0.00192117 0.994645 0.348782 1.91688 0.0335666
1   -0.99399  -0.096559  0.0515706  -0.080907   0.330685  -0.940267  0.0737375  -0.938788   -0.33651 0.00551672   0.335788   0.159084 0.00195235 0.993307 0.367376 2.1515 0.0286904
0  -0.996815 -0.0641094  0.0474277 -0.0645432   0.299294  -0.951976  0.0468358  -0.952005  -0.302478  0.0108877   0.341028    0.14816 0.00198539 0.993307 0.43331 4.95374 0.07456
1  -0.994617  -0.092076  0.0475235 -0.0753389   0.327749  -0.941756  0.0711373  -0.940267  -0.332922 0.00603662   0.336437   0.158071 0.00191397 0.994645 0.363942 3.10025 0.0348503
1   -0.990586   -0.126413   0.0525301  -0.0944745    0.353603   -0.930612   0.0990665   -0.926814   -0.362217 0.000227616    0.331892    0.167031 0.00213733 0.997323 0.294357 1.90811 0.0219714
1    -0.990233    -0.127338    0.0567804   -0.0962775      0.32996    -0.939073     0.100844    -0.935367    -0.338997 -0.000285548     0.335649      0.15964 0.00204483 0.995984 0.385559 1.93915 0.00623868
1  -0.995433 -0.0858355  0.0417806 -0.0667461   0.312883  -0.947443  0.0682518  -0.945905  -0.317184 0.00636534   0.338936   0.152997 0.00195588 0.997323 0.343831 2.09452 0.0494527
1  -0.991786  -0.115336  0.0552953 -0.0913078   0.335682   -0.93754  0.0895707  -0.934888  -0.343456 0.00237755   0.334871   0.161211 0.00204145 0.994645 0.27684 2.09972 0.00859064
1  -0.995161 -0.0870778  0.0455138 -0.0703835   0.308559  -0.948598  0.0685581  -0.947211  -0.313194 0.00645028   0.339586   0.151711 0.00192848 0.997323 0.288966 4.3722 0.0501356
1    -0.9945  -0.091868  0.0503032 -0.0751386   0.291185  -0.953712   0.072968  -0.952246  -0.296486 0.00539007    0.34258   0.145938 0.00191829 1 0.422366 2.14029 0.0602907
1  -0.991861  -0.114865  0.0549355 -0.0908421    0.33608  -0.937442  0.0892167  -0.934803  -0.343779 0.00239418   0.334832   0.161329 0.00201569 0.993307 0.198478 1.59033 0.00916072
1   -0.99339  -0.101864  0.0529227 -0.0832099   0.321397  -0.943282  0.0790774   -0.94145  -0.327748 0.00397752   0.337557   0.156074 0.00190008 0.994645 0.535667 6.06065 0.0276055
1   -0.99394 -0.0986574  0.0484845 -0.0781881   0.324452  -0.942665  0.0772699  -0.940743    -0.3302 0.00432938   0.337001   0.157163 0.00189426 0.994645 0.384226 3.6716 0.0297499
0  -0.997258 -0.0589371   0.044749 -0.0611951   0.316809  -0.946513  0.0416078  -0.946657  -0.319547  0.0122959   0.338201    0.15381 0.0021354 0.994645 0.234246 1.85467 0.070948
0  -0.996803 -0.0647575  0.0467941 -0.0649676   0.316091  -0.946502  0.0465019  -0.946516  -0.319287  0.0110052   0.338475   0.153437 0.00199609 0.991968 0.392349 2.2375 0.0653064
1  -0.994424 -0.0936099  0.0485704 -0.0762261   0.319723   -0.94444  0.0728799  -0.942876  -0.325075 0.00532318   0.337667   0.155515 0.00193314 0.994645 0.308821 3.45353 0.0366886
1  -0.994107 -0.0971177   0.048165 -0.0805325   0.364182  -0.927839  0.0725688   -0.92625  -0.369857 0.00571862   0.329692    0.16984 0.00232477 0.987952 0.247499 1.70185 0.0425453
1  -0.994327  -0.094654  0.0485243 -0.0781581   0.340737  -0.936904  0.0721476  -0.935382  -0.346202 0.00587478   0.334206   0.162197 0.00196312 0.993307 0.215067 2.43011 0.0310593
1  -0.994286 -0.0944718  0.0497017 -0.0784573   0.331015  -0.940358  0.0723853  -0.938884  -0.336536 0.00582697   0.335884   0.159125 0.00191748 0.994645 0.507387 3.718 0.0310977
1  -0.994094  -0.096044  0.0505274 -0.0803097   0.337901  -0.937749  0.0729919  -0.936268  -0.343619 0.00527642   0.334614   0.161388 0.00199776 0.990629 0.300369 2.25521 0.0288042
1  -0.994879 -0.0905015  0.0450131 -0.0726928   0.331201  -0.940756  0.0702315   -0.93921  -0.336083 0.00606201   0.335891   0.159058 0.00194983 0.994645 0.267242 2.51297 0.0362437
1  -0.993963 -0.0957041  0.0536423 -0.0795999   0.292597  -0.952917  0.0755026  -0.951435  -0.298448 0.00492302    0.34239   0.146479 0.00191219 1 0.272939 2.06924 0.0562679
1  -0.994169 -0.0980869  0.0448051 -0.0757392   0.339376  -0.937597  0.0767601  -0.935523  -0.344826   0.004304   0.334462   0.161734 0.00199876 0.994645 0.179985 1.97461 0.0286957
1  -0.991605  -0.116108  0.0569081 -0.0940926   0.346057  -0.933483  0.0886913  -0.931001  -0.354077 0.00283296   0.332909   0.164652 0.00212642 0.991968 0.337257 2.45902 0.0150608
1  -0.991696  -0.117426  0.0524435  -0.088755    0.32981  -0.939866   0.093068  -0.936716  -0.337493 0.00109073   0.335816   0.159356 0.00203572 0.994645 0.354915 2.15831 0.00960672
1  -0.994078 -0.0961768  0.0505916 -0.0803957   0.337637  -0.937837  0.0731166   -0.93635   -0.34337 0.00571217   0.334783   0.161214 0.00192689 0.993307 0.326106 2.27949 0.0287164
1  -0.994434 -0.0935748  0.0484275 -0.0769004   0.330392  -0.940706  0.0720263  -0.939194  -0.335749 0.00553418   0.335995   0.158867 0.00196126 0.994645 0.410513 5.74819 0.0323842
1  -0.994415 -0.0936231  0.0487145 -0.0775001   0.334468  -0.939215  0.0716388  -0.937745  -0.339856 0.00575428   0.335287    0.16021 0.00196783 0.994645 0.472797 6.16941 0.0316519
1  -0.993735 -0.0996911  0.0505313 -0.0821573    0.34503  -0.934989  0.0757754  -0.933283  -0.351058 0.00503886   0.333421   0.163762 0.00199462 0.993307 0.103114 2.22969 0.0271716
1   -0.99447 -0.0932371  0.0483291 -0.0769001   0.333104  -0.939749  0.0715209  -0.938269  -0.338432 0.00594949   0.335496   0.159803 0.00194573 0.994645 0.331825 2.0461 0.0322968
1  -0.991594  -0.116976  0.0552961 -0.0918549   0.335442  -0.937572   0.091125   -0.93477  -0.343367 0.00181317   0.334963   0.161099 0.0020307 0.994645 0.40888 2.3349 0.00688149
1  -0.991956  -0.114686  0.0535683 -0.0882598   0.323315  -0.942166  0.0907335  -0.939316  -0.330837 0.00173189   0.336916   0.157207 0.00198014 0.993307 0.366012 2.95433 0.0163402
1  -0.991445  -0.117761  0.0563035 -0.0929778   0.334399  -0.937834  0.0916121  -0.935045  -0.342487 0.00182886   0.335011   0.160894 0.00205202 0.994645 0.401143 1.98398 0.00593853
1  -0.995723  -0.080005  0.0462048  -0.069081   0.312646  -0.947354  0.0613474  -0.946494  -0.316836 0.00828368   0.338876   0.152868 0.00200164 0.995984 0.0990626 2.11687 0.053216
1  -0.994087 -0.0972418   0.048314 -0.0793429   0.346765   -0.93459  0.0741276  -0.932898   -0.35243 0.00533439   0.333217    0.16422 0.00197691 0.993307 0.253014 2.31687 0.0305579
1   -0.990429   -0.126015   0.0563146  -0.0954494    0.330597   -0.938933   0.0997021   -0.935321   -0.339461 0.000115551    0.335606    0.159839 0.00203014 0.995984 0.288966 2.08863 0.00496096
1  -0.993627  -0.100052  0.0519052 -0.0825087   0.331905  -0.939697  0.0767907  -0.937992  -0.338045 0.00468066   0.335652   0.159565 0.00193304 0.993307 0.370535 3.76028 0.02486
1  -0.994715 -0.0908301  0.0478758 -0.0757729   0.334743  -0.939258  0.0692868  -0.937922  -0.339856 0.00662816   0.335267   0.160263 0.00195076 0.994645 0.125447 3.28665 0.0346733
1  -0.996599 -0.0688432  0.0452856 -0.0645725   0.311041    -0.9482  0.0511915    -0.9479  -0.314429 0.00943063   0.339191   0.152029 0.00202175 0.991968 0.287653 1.72085 0.0640357
1  -0.996578 -0.0682711  0.0466016 -0.0658916   0.315725   -0.94656  0.0499094  -0.946392  -0.319143 0.00995354   0.338567   0.153464 0.00197995 0.991968 0.464045 3.87921 0.0621319
1   -0.99473 -0.0911263  0.0469815  -0.074835    0.33213   -0.94026  0.0700785  -0.938822  -0.337199 0.00616865   0.335695   0.159422 0.00195417 0.994645 0.483597 3.62993 0.0348679
1   -0.99485 -0.0888218  0.0488235 -0.0733563   0.298573  -0.951563  0.0699422  -0.950245  -0.303551  0.0061506   0.341324   0.148315 0.00190794 0.998661 0.262615 3.81494 0.0558948
1  -0.991399  -0.119384  0.0536192 -0.0914431     0.3388  -0.936404  0.0936259  -0.933254  -0.346803 0.00113255   0.334097   0.162462 0.00209942 0.991968 0.270449 3.68829 0.00689726
1  -0.994226 -0.0961439  0.0476639 -0.0801928   0.370525  -0.925354  0.0713064  -0.923833  -0.376096 0.00612276   0.329096   0.171526 0.00220074 0.991968 0.187776 2.89411 0.0486514
1  -0.994297 -0.0944522  0.0495212 -0.0788097   0.337901  -0.937876  0.0718511   -0.93643  -0.343418 0.00595592   0.334679   0.161316 0.00195042 0.993307 0.273318 1.90556 0.030671
1  -0.991779  -0.115654  0.0547516 -0.0904599   0.331078  -0.939257  0.0905017  -0.936489  -0.338818 0.00207588   0.335578   0.159732 0.00203864 0.994645 0.263624 1.76225 0.00937032
1   -0.99404 -0.0976866   0.048399 -0.0786166   0.334745  -0.939023  0.0755287  -0.937232   -0.34043 0.00463493   0.335039   0.160411 0.00200948 0.991968 0.285206 1.95428 0.0276773
1   -0.99233  -0.110919  0.0545673 -0.0880996    0.32494  -0.941622  0.0867131  -0.939208  -0.332219 0.00267274   0.336757   0.157554 0.00197087 0.994645 0.318484 1.72701 0.017415
1  -0.991916  -0.114777  0.0541113 -0.0889988   0.325313  -0.941409  0.0904492  -0.938615  -0.332898 0.00195225   0.336404   0.157979 0.00204526 0.993307 0.127056 1.32173 0.0143263
1   -0.99151  -0.119809  0.0505372 -0.0896925   0.348757  -0.932911  0.0941457  -0.929524  -0.356542 0.00100691   0.332617   0.165472 0.00210958 0.993307 0.344417 2.3967 0.0169819
1  -0.994587 -0.0923045  0.0477234 -0.0766763   0.341958  -0.936582  0.0701313  -0.935171  -0.347184 0.00645715   0.334089   0.162448 0.00198031 0.994645 0.184075 1.53362 0.0337788
