1  -0.994284 -0.0947644  0.0491834 -0.0781028   0.331486  -0.940222   0.072796  -0.938689  -0.336992 0.00568471   0.335769   0.159306 0.00192988 0.994645 0.321271 0.14788 0.0308317
1  -0.992521   -0.10972  0.0535135 -0.0874184   0.332843  -0.938922  0.0852071  -0.936577  -0.339945 0.00294253   0.335352   0.160157 0.00203195 0.994645 0.386955 0.56622 0.0147206
1  -0.995073 -0.0877808  0.0460992 -0.0719292    0.31911  -0.944984  0.0682407  -0.943644  -0.323852 0.00663461   0.337943   0.155074 0.00193715 0.997323 0.31815 0.255133 0.0428955
1  -0.994284 -0.0947645  0.0491834 -0.0781028   0.331486  -0.940222   0.072796  -0.938689  -0.336992  0.0056847   0.335769   0.159306 0.00192988 0.994645 0.389482 0.311594 0.0308316
1  -0.996646 -0.0668828  0.0471551 -0.0657679    0.31173  -0.947892   0.048698  -0.947814  -0.315083  0.0103952    0.33922   0.152134 0.00195122 0.991968 0.136724 0.102437 0.0651825
1   -0.990242   -0.127087   0.0571788  -0.0970515    0.334455   -0.937401    0.100008   -0.933803   -0.343525 7.63625e-05    0.334954    0.161083 0.00204049 0.995984 0.276291 0.162452 0.00371101
1  -0.993669 -0.0984596  0.0541114 -0.0814628   0.299738  -0.950537  0.0773702  -0.948927  -0.305862 0.00450659   0.341286   0.148916 0.00191643 1 0.22077 0.707954 0.0478724
1   -0.990207   -0.127254   0.0574193    -0.09722    0.333361   -0.937773    0.100194   -0.934172   -0.342468 7.75668e-05    0.335138    0.160752 0.00203644 0.995984 0.395488 0.189916 0.00399938
1   -0.990184     -0.1275   0.0572603  -0.0971935    0.333723   -0.937647    0.100441   -0.934009   -0.342839 -5.1248e-05    0.335053    0.160876 0.002043 0.995984 0.317817 0.281541 0.00416205
1  -0.996594 -0.0680356   0.046601 -0.0657323   0.314139  -0.947099  0.0497973  -0.946936  -0.317541 0.00997185   0.338803   0.152955 0.00197891 0.991968 0.450006 0.354567 0.0630535
1  -0.992349  -0.111002  0.0540549 -0.0884143   0.333314  -0.938661  0.0861764  -0.936259  -0.340578 0.00286392   0.335294   0.160344 0.00200818 0.993307 0.292421 0.136784 0.0132547
1  -0.996646 -0.0668828  0.0471551 -0.0657679    0.31173  -0.947892   0.048698  -0.947814  -0.315083  0.0103952    0.33922   0.152134 0.00195122 0.991968 0.337376 0.132244 0.0651825
1  -0.996585 -0.0679989  0.0468405 -0.0659273   0.313741  -0.947217   0.049714  -0.947071  -0.317153  0.0100123   0.338867   0.152817 0.00197624 0.991968 0.364688 0.293537 0.0632293
1  -0.996594 -0.0680356   0.046601 -0.0657323   0.314139  -0.947099  0.0497973  -0.946936  -0.317541 0.00997185   0.338803   0.152955 0.00197891 0.991968 0.409363 0.159338 0.0630535
1  -0.994558 -0.0924392  0.0480584  -0.076034   0.328631  -0.941393  0.0712282  -0.939924  -0.333871 0.00583559   0.336263   0.158343 0.00194097 0.994645 0.437679 0.177469 0.034058
1  -0.991389  -0.118088  0.0565937 -0.0934561    0.33532  -0.937458  0.0917255  -0.934674  -0.343468 0.00183806   0.334814   0.161228 0.00204971 0.993307 0.284935 0.132422 0.00564833
1  -0.994472 -0.0932485  0.0482756 -0.0767948   0.332335   -0.94003  0.0716127   -0.93854  -0.337659 0.00591439   0.335627    0.15956 0.00194149 0.994645 0.327245 0.112297 0.0324063
1   -0.99501 -0.0883839  0.0463051   -0.07259   0.322804  -0.943678  0.0684585   -0.94233  -0.327609  0.0065589   0.337318   0.156278 0.00195617 0.997323 0.413918 0.531297 0.0405303
1  -0.994284 -0.0947644  0.0491834 -0.0781028   0.331486  -0.940222   0.072796  -0.938689  -0.336992 0.00568471   0.335769   0.159306 0.00192988 0.994645 0.222774 0.373413 0.0308316
0  -0.998501 -0.0327231  0.0438851 -0.0508459    0.25736  -0.964977  0.0202828  -0.965761  -0.258638  0.0165384   0.347328   0.133646 0.00219002 0.981258 0.0929957 0.136643 0.129346
1  -0.995769 -0.0775352  0.0493136 -0.0717471   0.320754  -0.944441  0.0574098  -0.943984   -0.32496 0.00869216   0.337712   0.155349 0.00208233 0.995984 0.215577 0.0873785 0.0508414
1    -0.990182    -0.127544    0.0572075   -0.0971635     0.333767    -0.937635     0.100495    -0.933987    -0.342883 -6.83265e-05     0.335043     0.160897 0.00204351 0.995984 0.322243 0.477426 0.00419557
1  -0.995053 -0.0879296  0.0462471 -0.0721564   0.319639  -0.944788  0.0682925  -0.943451  -0.324402 0.00662673   0.337855   0.155248 0.00193837 0.997323 0.275701 0.0884525 0.0424505
1   -0.990207   -0.127254   0.0574193    -0.09722    0.333361   -0.937773    0.100194   -0.934172   -0.342468 7.75635e-05    0.335138    0.160751 0.00203644 0.995984 0.336202 0.413521 0.00399939
1  -0.994317 -0.0944916  0.0490348 -0.0778585   0.331341  -0.940293  0.0726025  -0.938767  -0.336815 0.00573312   0.335788   0.159254 0.00193174 0.994645 0.172801 0.092066 0.0311673
1  -0.996594 -0.0680357   0.046601 -0.0657323   0.314139  -0.947099  0.0497973  -0.946936  -0.317541 0.00997185   0.338803   0.152955 0.00197891 0.991968 0.384923 0.136312 0.0630535
1    -0.990184      -0.1275    0.0572603   -0.0971935     0.333722    -0.937647     0.100441    -0.934009    -0.342839 -5.12579e-05     0.335054     0.160876 0.002043 0.995984 0.322294 0.599422 0.00416209
0  -0.998698 -0.0356064  0.0365383 -0.0457645   0.308687  -0.950062  0.0225494  -0.950497  -0.309915  0.0155332   0.339269    0.15101 0.00250292 0.98929 0.208339 0.396503 0.0975905
1  -0.994377 -0.0938265  0.0491006 -0.0776521    0.33078  -0.940508   0.072003  -0.939032  -0.336206 0.00586619   0.335882   0.159066 0.00193194 0.994645 0.290899 0.112786 0.0319198
1  -0.996646 -0.0668827  0.0471551 -0.0657679    0.31173  -0.947892   0.048698  -0.947814  -0.315083  0.0103952    0.33922   0.152134 0.00195122 0.991968 0.198261 0.13169 0.0651825
1  -0.996594 -0.0680356   0.046601 -0.0657323   0.314139  -0.947099  0.0497973  -0.946936  -0.317541 0.00997185   0.338803   0.152955 0.0019789 0.991968 0.561722 0.356889 0.0630535
1  -0.996633 -0.0670325  0.0472122 -0.0658795   0.311923  -0.947821  0.0488082   -0.94774  -0.315289  0.0103676   0.339186   0.152198 0.00195205 0.991968 0.109786 0.0676402 0.0649402
1  -0.994488 -0.0931391  0.0481454 -0.0766177   0.332115  -0.940122  0.0715723  -0.938629  -0.337421 0.00590136   0.335659   0.159481 0.00194392 0.994645 0.159299 0.0917601 0.0325811
1   -0.99263  -0.108163  0.0546511 -0.0883734   0.337496  -0.937169  0.0829228  -0.935092  -0.344568  0.0036471   0.334612   0.161615 0.00203557 0.994645 0.403859 0.392739 0.0160878
1  -0.996646 -0.0668827  0.0471551 -0.0657679    0.31173  -0.947892   0.048698  -0.947814  -0.315083  0.0103952    0.33922   0.152134 0.00195122 0.991968 0.152405 0.324375 0.0651825
0  -0.998611 -0.0369821   0.037532 -0.0471185   0.307957  -0.950233  0.0235833  -0.950681  -0.309272   0.015259   0.339371   0.150807 0.00251124 0.98929 0.201951 0.369067 0.09635
1   -0.990184     -0.1275   0.0572604  -0.0971935    0.333722   -0.937647    0.100441   -0.934009   -0.342839 -5.1247e-05    0.335054    0.160876 0.002043 0.995984 0.444832 0.603904 0.00416208
1  -0.994547 -0.0922306  0.0486847 -0.0764558   0.327293  -0.941825  0.0709309  -0.940411  -0.332559  0.0059587   0.336479   0.157894 0.0019363 0.994645 0.277419 0.328075 0.034516
1    -0.990184      -0.1275    0.0572603   -0.0971935     0.333722    -0.937647     0.100441    -0.934009    -0.342839 -5.12455e-05     0.335053     0.160876 0.00204301 0.995984 0.339301 0.205426 0.00416203
1  -0.994498 -0.0929246  0.0483635 -0.0765534   0.329517  -0.941041  0.0715093  -0.939566  -0.334817 0.00576991   0.336106   0.158645 0.00194544 0.994645 0.477689 0.66038 0.0332613
1  -0.996588 -0.0680456   0.046707 -0.0658394     0.3142  -0.947071  0.0497687  -0.946915  -0.317608 0.00998849   0.338796   0.152966 0.00197834 0.991968 0.276317 0.0903605 0.0629988
1  -0.996633 -0.0670325  0.0472122 -0.0658795   0.311923  -0.947821  0.0488082   -0.94774  -0.315289  0.0103675   0.339186   0.152198 0.00195204 0.991968 0.0599364 0.145627 0.0649402
1  -0.995063 -0.0879468  0.0459959 -0.0718752   0.318972  -0.945035  0.0684414  -0.943675  -0.323718 0.00658287   0.337968   0.155038 0.00193395 0.997323 0.429013 0.206232 0.0428492
1  -0.994203 -0.0954267  0.0495375 -0.0789076   0.334628  -0.939041   0.073033  -0.937506  -0.340218 0.00562638   0.335265   0.160326 0.00191704 0.993307 0.289576 0.38689 0.0296752
1  -0.996594 -0.0680357   0.046601 -0.0657323   0.314139  -0.947099  0.0497973  -0.946936  -0.317541 0.00997184   0.338803   0.152955 0.00197891 0.991968 0.327373 0.141186 0.0630535
1  -0.991337  -0.118485    0.05668 -0.0937051   0.335618  -0.937326  0.0920365  -0.934517  -0.343813 0.00176851   0.334766   0.161329 0.00205087 0.993307 0.299408 0.141122 0.00531217
1  -0.996657 -0.0669657   0.046792 -0.0655459   0.313614  -0.947285   0.048761  -0.947186  -0.316955  0.0103468   0.338915   0.152696 0.00196453 0.991968 0.276691 0.113109 0.0642821
1  -0.994547 -0.0922306  0.0486847 -0.0764558   0.327293  -0.941825  0.0709309  -0.940411  -0.332559  0.0059587   0.336479   0.157894 0.00193629 0.994645 0.526419 0.520516 0.034516
1  -0.995058 -0.0879956  0.0460055 -0.0719066    0.31906  -0.945003  0.0684776  -0.943641  -0.323811 0.00658627   0.337955   0.155066 0.00193236 0.997323 0.256033 0.513023 0.0427593
0  -0.998634 -0.0345862  0.0391627 -0.0476322   0.294594  -0.954435  0.0214731  -0.954996  -0.295839   0.015926    0.34152   0.146196 0.00243667 0.98929 0.0615281 0.130934 0.104335
1 -0.996657 -0.066886 0.0469145 -0.065536   0.31165 -0.947934 0.0487826  -0.94784 -0.314992 0.0103541  0.339236  0.152087 0.00195299 0.991968 0.270068 0.12093 0.0652618
0  -0.998128 -0.0393959  0.0467892 -0.0559949     0.2807  -0.958161  0.0246139  -0.958987  -0.282381   0.015285   0.343852   0.141382 0.00233782 0.986613 0.254335 0.195142 0.107164
1  -0.995073 -0.0877808  0.0460992 -0.0719292    0.31911  -0.944984  0.0682407  -0.943644  -0.323852 0.00663461   0.337943   0.155074 0.00193716 0.997323 0.198418 0.205472 0.0428955
1  -0.994811 -0.0897622  0.0479007 -0.0729571   0.301198  -0.950767  0.0709153  -0.949328  -0.306183 0.00594594   0.341013    0.14938 0.00190407 0.998661 0.442184 0.50898 0.0532401
1    -0.990182    -0.127544    0.0572075   -0.0971635     0.333767    -0.937635     0.100495    -0.933987    -0.342883 -6.83322e-05     0.335043     0.160897 0.00204351 0.995984 0.274901 0.17147 0.00419558
1   -0.990723   -0.123582   0.0565284  -0.0952907    0.335171   -0.937326   0.0968901   -0.934017   -0.343838 0.000624641     0.33483    0.161328 0.00202206 0.993307 0.307869 0.338065 0.000935867
1  -0.991052  -0.121144  0.0560412 -0.0941671   0.337003  -0.936783  0.0945999  -0.933677  -0.345395 0.00116645   0.334497    0.16188 0.00205227 0.993307 0.268433 0.118233 0.00377717
1  -0.994488 -0.0931391  0.0481454 -0.0766177   0.332115  -0.940122  0.0715723  -0.938629  -0.337421 0.00590136   0.335659   0.159481 0.00194391 0.994645 0.215026 0.0774524 0.0325811
1    -0.990184      -0.1275    0.0572604   -0.0971936     0.333722    -0.937647     0.100441    -0.934009    -0.342839 -5.12688e-05     0.335053     0.160876 0.002043 0.995984 0.347048 0.795316 0.00416214
1  -0.994957 -0.0885464  0.0471144 -0.0732787   0.320979  -0.944247   0.068487  -0.942938  -0.325849 0.00637732   0.337597    0.15573 0.00197435 0.997323 0.218771 0.260826 0.0409556
1  -0.994547 -0.0922306  0.0486847 -0.0764558   0.327293  -0.941825  0.0709309  -0.940411  -0.332559  0.0059587   0.336479   0.157894 0.0019363 0.994645 0.404397 0.338808 0.0345161
1  -0.992521   -0.10972  0.0535136 -0.0874184   0.332843  -0.938922  0.0852071  -0.936577  -0.339945 0.00294254   0.335352   0.160157 0.00203195 0.994645 0.32673 0.261708 0.0147206
1  -0.991337  -0.118485    0.05668 -0.0937051   0.335618  -0.937326  0.0920365  -0.934517  -0.343813 0.00176852   0.334766   0.161329 0.00205087 0.993307 0.292377 0.196754 0.00531218
1  -0.995073 -0.0877807  0.0460992 -0.0719292    0.31911  -0.944984  0.0682407  -0.943644  -0.323852 0.00663462   0.337943   0.155074 0.00193716 0.997323 0.222905 0.183079 0.0428955
1  -0.995073 -0.0877807  0.0460992 -0.0719292    0.31911  -0.944984  0.0682407  -0.943644  -0.323852 0.00663461   0.337943   0.155074 0.00193715 0.997323 0.23379 0.241914 0.0428955
1  -0.995073 -0.0877807  0.0460992 -0.0719292    0.31911  -0.944984  0.0682406  -0.943644  -0.323852 0.00663462   0.337943   0.155074 0.00193716 0.997323 0.230817 0.112983 0.0428956
1  -0.994479 -0.0929199  0.0487558 -0.0769176   0.329446  -0.941036  0.0713786  -0.939591  -0.334774 0.00600432   0.336126   0.158605 0.00192428 0.994645 0.367658 0.180609 0.0332154
1  -0.996633 -0.0670325  0.0472122 -0.0658795   0.311923  -0.947821  0.0488082   -0.94774  -0.315289  0.0103676   0.339186   0.152198 0.00195204 0.991968 0.221248 0.137756 0.0649402
1  -0.994488 -0.0931391  0.0481454 -0.0766177   0.332115  -0.940122  0.0715723  -0.938629  -0.337421 0.00590136   0.335659   0.159481 0.00194392 0.994645 0.341069 0.102073 0.0325811
1  -0.996594 -0.0680356   0.046601 -0.0657323   0.314139  -0.947099  0.0497973  -0.946936  -0.317541 0.00997185   0.338803   0.152955 0.00197891 0.991968 0.358771 0.122065 0.0630535
1  -0.996672 -0.0666247  0.0469671 -0.0652189   0.306109   -0.94976  0.0489004  -0.949662  -0.309435  0.0103286   0.340196   0.150362 0.00195797 0.994645 0.583127 0.376501 0.0684077
1  -0.994498 -0.0929246  0.0483635 -0.0765535   0.329517  -0.941041  0.0715093  -0.939566  -0.334818 0.00576991   0.336106   0.158645 0.00194544 0.994645 0.486198 0.335849 0.0332613
1  -0.992347  -0.110869  0.0543676  -0.088383   0.330253  -0.939745  0.0862336  -0.937358  -0.337525 0.00285648   0.335814    0.15933 0.00200896 0.994645 0.336738 0.151201 0.014277
1   -0.990242   -0.127087   0.0571788  -0.0970515    0.334455   -0.937401    0.100008   -0.933803   -0.343525 7.63584e-05    0.334954    0.161083 0.00204048 0.995984 0.386866 0.485661 0.00371106
1  -0.995172 -0.0858917  0.0474926  -0.072587   0.318398  -0.945174  0.0660611  -0.944058  -0.323095 0.00702083   0.338033   0.154802 0.0019778 0.997323 0.336479 0.0941145 0.0445571
1   -0.99111  -0.120536  0.0563121 -0.0941601   0.336503  -0.936963  0.0939889  -0.933936  -0.344861 0.00138987   0.334608    0.16168 0.00204269 0.993307 0.276402 0.170874 0.00382903
1   -0.990184     -0.1275   0.0572603  -0.0971935    0.333722   -0.937647    0.100441   -0.934009   -0.342839 -5.1259e-05    0.335053    0.160876 0.002043 0.995984 0.302019 0.332518 0.00416209
0  -0.999454 0.00714186  0.0322661  -0.029584   0.241753  -0.969887 -0.0147272  -0.970312   -0.24141  0.0242872   0.348829    0.12813 0.00224219 0.941098 0.324835 0.132392 0.172589
1  -0.994284 -0.0947644  0.0491834 -0.0781028   0.331485  -0.940222   0.072796  -0.938689  -0.336992  0.0056847   0.335769   0.159306 0.00192988 0.994645 0.232598 0.172394 0.0308317
1  -0.994498 -0.0929246  0.0483635 -0.0765535   0.329517  -0.941041  0.0715093  -0.939566  -0.334818  0.0057699   0.336106   0.158645 0.00194544 0.994645 0.524582 0.524889 0.0332612
1    -0.990184      -0.1275    0.0572603   -0.0971935     0.333722    -0.937647     0.100441    -0.934009    -0.342839 -5.12549e-05     0.335053     0.160876 0.002043 0.995984 0.595633 0.443757 0.00416208
1   -0.99666 -0.0669073  0.0468311 -0.0655518   0.313369  -0.947366  0.0487103  -0.947271  -0.316708  0.0103625   0.338952   0.152655 0.00196132 0.991968 0.296672 0.129667 0.0644371
1   -0.99666 -0.0669073  0.0468311 -0.0655518   0.313369  -0.947366  0.0487103  -0.947271  -0.316708  0.0103625   0.338952   0.152655 0.00196132 0.991968 0.402935 0.121221 0.0644371
1    -0.990182    -0.127544    0.0572075   -0.0971635     0.333767    -0.937635     0.100495    -0.933987    -0.342883 -6.83396e-05     0.335043     0.160897 0.00204351 0.995984 0.26936 0.384277 0.0041956
1  -0.996594 -0.0680356   0.046601 -0.0657323   0.314139  -0.947099  0.0497973  -0.946936  -0.317541 0.00997185   0.338803   0.152955 0.00197891 0.991968 0.359451 0.132906 0.0630535
1  -0.991337  -0.118485  0.0566799 -0.0937051   0.335618  -0.937326  0.0920365  -0.934517  -0.343813 0.00176851   0.334766   0.161329 0.00205087 0.993307 0.179985 0.108459 0.00531217
1  -0.994506 -0.0928937  0.0482647 -0.0764446   0.329451  -0.941073  0.0715189  -0.939592  -0.334742  0.0057607   0.336119   0.158619 0.00194524 0.994645 0.479566 0.582676 0.0333345
0  -0.998611 -0.0369821   0.037532 -0.0471185   0.307957  -0.950233  0.0235833  -0.950681  -0.309272   0.015259   0.339371   0.150807 0.00251125 0.98929 0.26351 0.298109 0.0963501
1  -0.994498 -0.0929246  0.0483635 -0.0765535   0.329517  -0.941041  0.0715093  -0.939566  -0.334818  0.0057699   0.336106   0.158645 0.00194544 0.994645 0.318694 0.142206 0.0332613
0  -0.998673 -0.0355064  0.0372926 -0.0463999   0.306506  -0.950737  0.0223268  -0.951206  -0.307747  0.0156636   0.339594    0.15029 0.0024909 0.98929 0.0639022 0.136889 0.0983757
0  -0.996875 -0.0629278  0.0477622 -0.0640025   0.288887  -0.955221  0.0463121  -0.955293  -0.292012  0.0112086   0.342906   0.144597 0.00198792 0.998661 0.244147 0.10679 0.0826041
1  -0.994398 -0.0936457  0.0490164  -0.077523   0.330934  -0.940464  0.0718492  -0.938996  -0.336339 0.00589529   0.335857   0.159112 0.00193369 0.994645 0.206681 0.0825188 0.0320851
1  -0.994393 -0.0936892  0.0490394 -0.0775594   0.330933  -0.940461  0.0718824  -0.938992  -0.336344  0.0058899   0.335857   0.159112 0.00193344 0.994645 0.397404 0.128244 0.0320369
1  -0.992525   -0.10928  0.0543366 -0.0885657   0.338616  -0.936747  0.0839687  -0.934557  -0.345763 0.00326869   0.334398   0.162026 0.0020338 0.993307 0.355523 0.136846 0.0152585
1   -0.990207   -0.127254   0.0574193    -0.09722    0.333361   -0.937773    0.100194   -0.934172   -0.342468 7.75668e-05    0.335138    0.160751 0.00203644 0.995984 0.287794 0.22566 0.00399938
1  -0.994558 -0.0924392  0.0480583 -0.0760339   0.328631  -0.941393  0.0712282  -0.939924  -0.333871  0.0058356   0.336262   0.158343 0.00194097 0.994645 0.41661 0.924286 0.034058
1  -0.990184    -0.1275  0.0572603 -0.0971935   0.333722  -0.937647   0.100441  -0.934009  -0.342839 -5.125e-05   0.335053   0.160876 0.00204301 0.995984 0.452656 0.464745 0.00416206
1  -0.994284 -0.0947644  0.0491834 -0.0781028   0.331486  -0.940222   0.072796  -0.938689  -0.336992 0.00568471   0.335769   0.159306 0.00192988 0.994645 0.132225 0.146038 0.0308316
1  -0.996646 -0.0668827  0.0471551 -0.0657679    0.31173  -0.947892   0.048698  -0.947814  -0.315083  0.0103952    0.33922   0.152134 0.00195122 0.991968 0.329939 0.14155 0.0651826
1  -0.996594 -0.0680356   0.046601 -0.0657323   0.314139  -0.947099  0.0497973  -0.946936  -0.317541 0.00997185   0.338803   0.152955 0.00197891 0.991968 0.423955 0.157327 0.0630535
1   -0.990207   -0.127254   0.0574193    -0.09722    0.333361   -0.937773    0.100194   -0.934172   -0.342468 7.75691e-05    0.335138    0.160751 0.00203644 0.995984 0.347988 0.597031 0.0039994
0  -0.998611 -0.0369821   0.037532 -0.0471185   0.307957  -0.950233  0.0235833  -0.950681  -0.309272   0.015259   0.339371   0.150807 0.00251124 0.98929 0.267124 0.133591 0.0963501
1  -0.995073 -0.0877808  0.0460992 -0.0719292    0.31911  -0.944984  0.0682407  -0.943644  -0.323852  0.0066346   0.337943   0.155074 0.00193716 0.997323 0.128085 0.202479 0.0428955
1  -0.996633 -0.0670325  0.0472122 -0.0658795   0.311923  -0.947821  0.0488082   -0.94774  -0.315289  0.0103676   0.339186   0.152198 0.00195204 0.991968 0.262411 0.0582668 0.0649402
1  -0.991458  -0.117604  0.0563989 -0.0930542    0.33481   -0.93768  0.0913924  -0.934918  -0.342894 0.00192305   0.334924   0.161041 0.00204064 0.993307 0.28529 0.122185 0.00609805
1  -0.994317 -0.0944916  0.0490348 -0.0778585   0.331341  -0.940293  0.0726025  -0.938767  -0.336815 0.00573313   0.335788   0.159254 0.00193174 0.994645 0.370958 0.579739 0.0311673
1  -0.995073 -0.0877808  0.0460992 -0.0719292    0.31911  -0.944984  0.0682407  -0.943644  -0.323852  0.0066346   0.337943   0.155074 0.00193716 0.997323 0.131547 0.40302 0.0428955
1  -0.996594 -0.0680356   0.046601 -0.0657323   0.314139  -0.947099  0.0497973  -0.946936  -0.317541 0.00997185   0.338803   0.152955 0.00197891 0.991968 0.302746 0.103013 0.0630535
1  -0.996646 -0.0668827  0.0471551 -0.0657679    0.31173  -0.947892   0.048698  -0.947814  -0.315083  0.0103952    0.33922   0.152134 0.00195122 0.991968 0.279139 0.256657 0.0651825
1  -0.994699 -0.0910316  0.0478336 -0.0754418   0.329889     -0.941  0.0698809   -0.93962  -0.335008 0.00621924   0.336067   0.158712 0.00194968 0.994645 0.484785 0.266419 0.0351675
1  -0.995812 -0.0781744  0.0474105 -0.0689994   0.302373  -0.950689  0.0599839  -0.949979  -0.306501 0.00835646   0.340812   0.149485 0.00200073 1 0.226753 0.27445 0.0610517
1    -0.990184      -0.1275    0.0572604   -0.0971935     0.333722    -0.937647     0.100441    -0.934009    -0.342839 -5.12507e-05     0.335054     0.160876 0.002043 0.995984 0.290055 0.555735 0.00416209
1  -0.994317 -0.0944916  0.0490348 -0.0778585   0.331341  -0.940293  0.0726025  -0.938767  -0.336815 0.00573313   0.335788   0.159254 0.00193174 0.994645 0.287055 1.27007 0.0311673
1  -0.996657  -0.066886  0.0469145 -0.0655359   0.311651  -0.947934  0.0487825   -0.94784  -0.314992  0.0103541   0.339236   0.152087 0.001953 0.991968 0.272359 0.102481 0.0652617
1   -0.99263  -0.108163  0.0546511 -0.0883734   0.337496  -0.937169  0.0829228  -0.935092  -0.344568 0.00364711   0.334612   0.161615 0.00203558 0.994645 0.264729 0.122363 0.0160878
1  -0.994472 -0.0932485  0.0482756 -0.0767948   0.332335   -0.94003  0.0716127   -0.93854  -0.337659 0.00591438   0.335627    0.15956 0.00194148 0.994645 0.309394 0.111418 0.0324063
0  -0.998611 -0.0369821   0.037532 -0.0471185   0.307957  -0.950233  0.0235833  -0.950681  -0.309272   0.015259   0.339371   0.150807 0.00251124 0.98929 0.131625 0.0976135 0.0963501
1  -0.991869  -0.112868  0.0587867 -0.0928157   0.325563  -0.940954  0.0870645   -0.93876  -0.333391 0.00256178   0.336729   0.157675 0.00195724 0.994645 0.164627 0.0482698 0.0151478
0  -0.998611 -0.0369821   0.037532 -0.0471185   0.307957  -0.950233  0.0235833  -0.950681  -0.309272   0.015259   0.339371   0.150807 0.00251125 0.98929 0.219592 0.135981 0.0963501
1  -0.995073 -0.0877808  0.0460992 -0.0719292    0.31911  -0.944984  0.0682407  -0.943644  -0.323852 0.00663461   0.337943   0.155074 0.00193715 0.997323 0.201855 0.21176 0.0428955
