1   -0.99454 -0.0935034  0.0463308 -0.0751125   0.333235  -0.939847  0.0724398  -0.938196  -0.338439 0.00540889   0.335525   0.160148 0.00197509 0.994645 0.329859 1.88654 0.0325479
1  -0.994508  -0.093624  0.0467762 -0.0754667   0.331837  -0.940313  0.0725138  -0.938679   -0.33708 0.00539881   0.335764   0.159684 0.00196466 0.994645 0.238601 3.17636 0.0325018
1  -0.994509 -0.0935814  0.0468508  -0.075448   0.330869  -0.940656  0.0725264  -0.939025  -0.336113 0.00539243    0.33592   0.159365 0.00196142 0.994645 0.187706 2.65011 0.0327091
1   -0.990697   -0.123594   0.0569592  -0.0954604    0.332835   -0.938141    0.096991    -0.93485   -0.341537 0.000565655    0.335272    0.160752 0.00201195 0.993307 0.320812 2.7454 0.00167591
1  -0.996653 -0.0678717  0.0455695 -0.0644849   0.310075  -0.948523  0.0502479  -0.948286  -0.313413 0.00976977   0.339534   0.151879 0.00196441 0.991968 0.359713 2.09036 0.0653508
1  -0.994525 -0.0933556  0.0469517 -0.0754504   0.330654  -0.940731  0.0722978  -0.939123  -0.335887 0.00542011   0.335969   0.159283 0.00196536 0.994645 0.2054 1.81652 0.0329391
1  -0.994548 -0.0934767  0.0462239 -0.0750076   0.333302  -0.939832  0.0724459  -0.938175  -0.338496 0.00539332   0.335517   0.160174 0.00197783 0.994645 0.350943 2.72091 0.0325982
1  -0.994519 -0.0935751  0.0466341 -0.0752414   0.330876   -0.94067  0.0725931  -0.939023  -0.336104 0.00536376   0.335918    0.15939 0.00196552 0.994645 0.326707 3.15239 0.0327797
1  -0.991436  -0.118196  0.0555459 -0.0922171   0.332426   -0.93861  0.0924748  -0.935694  -0.340479 0.00150449   0.335385   0.160518 0.0020135 0.991968 0.415775 3.57157 0.00610944
1  -0.996653 -0.0678717  0.0455695 -0.0644849   0.310075  -0.948523  0.0502479  -0.948286  -0.313413 0.00976977   0.339534   0.151879 0.00196441 0.991968 0.300601 1.85474 0.0653508
1  -0.996647  -0.067911   0.045638 -0.0645612   0.310052  -0.948525  0.0502651  -0.948291  -0.313397  0.0097692   0.339536   0.151877 0.00196493 0.991968 0.371152 4.06993 0.0653127
1  -0.994496 -0.0939231  0.0464256 -0.0753574   0.333391  -0.939772  0.0727884  -0.938098  -0.338634 0.00533432   0.335511   0.160185 0.00196462 0.994645 0.0846098 1.73359 0.0320932
1  -0.991217  -0.119705   0.056208 -0.0933808   0.332593  -0.938436  0.0936408  -0.935442   -0.34085 0.00123778   0.335326   0.160622 0.0020414 0.993307 0.293816 2.4091 0.00448785
1  -0.996648   -0.06793  0.0455915 -0.0645231   0.310056  -0.948526  0.0502975  -0.948288    -0.3134 0.00975941   0.339536   0.151881 0.00196502 0.991968 0.173039 2.32044 0.0653026
1  -0.994538 -0.0932312  0.0469295 -0.0753888   0.330673  -0.940729   0.072187  -0.939129  -0.335896 0.00545339   0.335963   0.159287 0.00196595 0.994645 0.439564 3.34302 0.0330627
1  -0.992884  -0.107562  0.0510991 -0.0855245   0.345508  -0.934511  0.0828623  -0.932231  -0.352248 0.00344357    0.33317   0.164545 0.00208224 0.991968 0.162891 1.87442 0.0206361
1  -0.994498 -0.0938331  0.0465767  -0.075377   0.332198  -0.940193  0.0727485  -0.938531  -0.337443 0.00533983   0.335713   0.159791 0.00195898 0.994645 0.335723 1.7528 0.0323017
1  -0.994545 -0.0933545  0.0465414 -0.0750881   0.330994  -0.940641  0.0724081  -0.939004  -0.336198 0.00541131   0.335893   0.159425 0.00196871 0.994645 0.286305 2.51799 0.0329974
1  -0.994602 -0.0926969  0.0466325 -0.0749144   0.330505  -0.940826  0.0717994  -0.939241  -0.335666 0.00556873   0.335972   0.159255 0.00197355 0.994645 0.228986 2.28544 0.0337091
1  -0.994591 -0.0929733  0.0463077 -0.0748672   0.332675  -0.940065  0.0719955  -0.938447  -0.337837 0.00550955   0.335621   0.159961 0.0019791 0.994645 0.386705 2.00357 0.0331439
1  -0.994496 -0.0938793  0.0465151 -0.0754368   0.333517  -0.939721  0.0727068  -0.938058  -0.338764 0.00534437   0.335491   0.160229 0.00196859 0.994645 0.237988 2.13239 0.0320902
1   -0.990472    -0.12573   0.0561885  -0.0956905    0.334917   -0.937376   0.0990375   -0.933822   -0.343757 0.000101042    0.334903    0.161471 0.00203138 0.994645 0.301442 2.61442 0.0024775
1  -0.994496 -0.0939231  0.0464256 -0.0753573   0.333391  -0.939772  0.0727884  -0.938098  -0.338634 0.00533432   0.335511   0.160185 0.00196462 0.994645 0.30977 1.88945 0.0320932
1  -0.996653 -0.0678717  0.0455695 -0.0644849   0.310075  -0.948523  0.0502479  -0.948286  -0.313413 0.00976977   0.339534   0.151879 0.00196441 0.991968 0.32912 5.22578 0.0653508
1  -0.991492  -0.117724  0.0555472 -0.0920381   0.332245  -0.938692  0.0920517  -0.935817  -0.340253 0.00159391   0.335424   0.160453 0.00201119 0.991968 0.384101 2.74926 0.00663279
1  -0.994538 -0.0932312  0.0469295 -0.0753888   0.330673  -0.940729   0.072187  -0.939129  -0.335896 0.00545338   0.335963   0.159287 0.00196595 0.994645 0.263425 2.96842 0.0330627
1  -0.996648   -0.06793  0.0455915 -0.0645231   0.310056  -0.948526  0.0502975  -0.948288    -0.3134 0.00975941   0.339536   0.151881 0.00196503 0.991968 0.248309 2.50871 0.0653026
1  -0.991492  -0.117724  0.0555472 -0.0920381   0.332245  -0.938692  0.0920517  -0.935817  -0.340253 0.00159391   0.335424   0.160453 0.00201119 0.991968 0.281788 2.08786 0.00663285
1  -0.994508 -0.0937626  0.0464956 -0.0752398   0.331727   -0.94037  0.0727477  -0.938704   -0.33696 0.00532707   0.335784   0.159648 0.00196164 0.994645 0.0222525 2.03979 0.0324759
1  -0.994483 -0.0938684  0.0468295 -0.0756699   0.332739  -0.939978  0.0726523  -0.938336  -0.338006 0.00537227   0.335619   0.159975 0.00196452 0.994645 0.374243 2.32368 0.0321036
1  -0.996653 -0.0678717  0.0455695 -0.0644849   0.310075  -0.948523  0.0502479  -0.948286  -0.313414 0.00976977   0.339534   0.151879 0.00196441 0.991968 0.400436 3.72449 0.0653508
1   -0.990478   -0.125693   0.0561695  -0.0956509    0.334833    -0.93741   0.0990188   -0.933857   -0.343667 0.000104114    0.334918     0.16144 0.00203063 0.994645 0.220941 2.08973 0.00242078
1  -0.994496 -0.0939231  0.0464256 -0.0753573   0.333391  -0.939772  0.0727884  -0.938098  -0.338634 0.00533433   0.335511   0.160185 0.00196463 0.994645 0.364477 1.90515 0.0320932
1  -0.996648   -0.06793  0.0455915 -0.0645231   0.310056  -0.948526  0.0502975  -0.948288    -0.3134 0.00975941   0.339536   0.151881 0.00196503 0.991968 0.335762 1.60397 0.0653026
1  -0.992141  -0.112082  0.0556305 -0.0903369   0.333969  -0.938245  0.0865816  -0.935897  -0.341469 0.00260189   0.335216   0.160797 0.00200537 0.991968 0.26438 1.84395 0.0117783
1  -0.994483 -0.0938684  0.0468295 -0.0756699   0.332739  -0.939978  0.0726523  -0.938336  -0.338006 0.00537227   0.335619   0.159975 0.00196452 0.994645 0.420867 2.82941 0.0321036
1  -0.994483 -0.0938684  0.0468295 -0.0756699   0.332739  -0.939978  0.0726523  -0.938336  -0.338006 0.00537227   0.335619   0.159975 0.00196452 0.994645 0.342163 2.70071 0.0321036
1  -0.994496 -0.0939231  0.0464256 -0.0753573   0.333391  -0.939772  0.0727884  -0.938098  -0.338634 0.00533433   0.335511   0.160185 0.00196463 0.994645 0.380151 2.1928 0.0320932
1  -0.994612 -0.0926852  0.0464411 -0.0747682   0.331014  -0.940659  0.0718125  -0.939063  -0.336161 0.00554692   0.335889    0.15942 0.00197766 0.994645 0.300479 3.81195 0.0336694
1  -0.996648   -0.06793  0.0455915 -0.0645231   0.310056  -0.948526  0.0502975  -0.948288    -0.3134 0.00975942   0.339536   0.151881 0.00196503 0.991968 0.282752 3.08756 0.0653027
1  -0.991492  -0.117724  0.0555472 -0.0920381   0.332245  -0.938692  0.0920517  -0.935817  -0.340253 0.00159391   0.335424   0.160453 0.00201119 0.991968 0.389089 4.00678 0.00663278
1   -0.990478   -0.125693   0.0561694  -0.0956509    0.334833    -0.93741   0.0990188   -0.933856   -0.343668 0.000104105    0.334918     0.16144 0.00203062 0.994645 0.43391 3.56689 0.00242084
1  -0.994496 -0.0939231  0.0464256 -0.0753573   0.333391  -0.939772  0.0727884  -0.938098  -0.338634 0.00533433   0.335511   0.160185 0.00196462 0.994645 0.370858 2.42986 0.0320932
1  -0.994498 -0.0938331  0.0465767  -0.075377   0.332198  -0.940193  0.0727485  -0.938531  -0.337443 0.00533982   0.335713   0.159791 0.00195898 0.994645 0.304477 1.79114 0.0323016
1  -0.993045  -0.103902  0.0553627 -0.0858128   0.316848  -0.944587  0.0806029  -0.942768   -0.32356 0.00357225   0.338349    0.15487 0.00190384 0.994645 0.546561 3.49171 0.0288954
1  -0.994952 -0.0883496  0.0475849  -0.073927    0.32467  -0.942934  0.0678585  -0.941692  -0.329562 0.00643027    0.33698   0.157212 0.0019798 0.993307 0.143456 2.18681 0.0393738
1  -0.994496 -0.0939231  0.0464256 -0.0753573   0.333391  -0.939772  0.0727884  -0.938098  -0.338634 0.00533433   0.335511   0.160185 0.00196462 0.994645 0.253128 4.11696 0.0320932
1   -0.990666   -0.124032   0.0565363  -0.0954604    0.335224    -0.93729   0.0973014   -0.933938   -0.343936 0.000475111    0.334871    0.161538 0.00202309 0.993307 0.342858 3.33363 0.00117665
1  -0.996648   -0.06793  0.0455915 -0.0645231   0.310056  -0.948526  0.0502975  -0.948288    -0.3134  0.0097594   0.339536   0.151881 0.00196503 0.991968 0.345017 2.36066 0.0653026
1  -0.994482 -0.0939186  0.0467389 -0.0755969   0.332682  -0.940004  0.0727346  -0.938351  -0.337946 0.00536215    0.33563   0.159951 0.00195996 0.994645 0.498197 4.68827 0.0320936
1   -0.990722   -0.123488   0.0567517  -0.0953825    0.334334   -0.937616     0.09681   -0.934329   -0.343011 0.000577883    0.335027    0.161234 0.00202177 0.993307 0.203036 5.06027 4.34498e-06
1  -0.994606 -0.0926372  0.0466599 -0.0749198   0.330502  -0.940827  0.0717344  -0.939248  -0.335659  0.0055761   0.335971   0.159249 0.00197573 0.994645 0.268105 2.28617 0.0337578
1  -0.994591 -0.0929733  0.0463077 -0.0748672   0.332675  -0.940065  0.0719955  -0.938447  -0.337836 0.00550955   0.335621   0.159961 0.0019791 0.994645 0.511313 4.42384 0.0331439
1  -0.994569 -0.0931201  0.0464956 -0.0749793   0.331173  -0.940586  0.0721894  -0.938964  -0.336356 0.00547816   0.335858   0.159477 0.00197022 0.994645 0.355605 4.41414 0.0332033
1  -0.996648   -0.06793  0.0455915 -0.0645231   0.310056  -0.948526  0.0502975  -0.948288    -0.3134 0.00975941   0.339536   0.151881 0.00196503 0.991968 0.327247 2.07307 0.0653026
1   -0.990789   -0.122858   0.0569512  -0.0953348    0.334164   -0.937681   0.0961703   -0.934473   -0.342798 0.000709337    0.335048    0.161173 0.00202889 0.993307 0.320505 4.44619 0.000704937
1  -0.991273  -0.119345  0.0559924 -0.0930778   0.332847  -0.938376  0.0933536  -0.935398   -0.34105 0.00131422   0.335279   0.160696 0.00204265 0.993307 0.499513 4.57935 0.00473504
1  -0.994605 -0.0926449  0.0466578 -0.0749147   0.330427  -0.940854  0.0717484  -0.939274  -0.335584  0.0055742   0.335983   0.159228 0.0019755 0.994645 0.270391 1.89991 0.033768
1  -0.994538 -0.0932312  0.0469295 -0.0753888   0.330673  -0.940729   0.072187  -0.939129  -0.335896 0.00545338   0.335963   0.159287 0.00196595 0.994645 0.200698 3.13888 0.0330627
1  -0.994512 -0.0935606  0.0468186 -0.0753998   0.330731  -0.940708  0.0725289  -0.939076   -0.33597 0.00538965   0.335941   0.159325 0.00196215 0.994645 0.191954 1.99131 0.0327687
1  -0.994585 -0.0928597   0.046663 -0.0749979   0.330502  -0.940821  0.0719421  -0.939226  -0.335677 0.00552181   0.335975   0.159257 0.00197345 0.994645 0.272304 1.99948 0.0335415
1  -0.994538 -0.0932312  0.0469295 -0.0753888   0.330673  -0.940729   0.072187  -0.939129  -0.335896 0.00545339   0.335963   0.159287 0.00196595 0.994645 0.26738 2.14144 0.0330627
1  -0.994483 -0.0938684  0.0468295 -0.0756699   0.332739  -0.939978  0.0726523  -0.938336  -0.338006 0.00537227   0.335619   0.159975 0.00196452 0.994645 0.189889 1.69403 0.0321036
1  -0.994511 -0.0934861  0.0469855 -0.0755503   0.330962  -0.940615   0.072384  -0.939002  -0.336209 0.00543531   0.335905   0.159407 0.00196528 0.994645 0.235462 1.91541 0.0327397
1  -0.994555 -0.0931218  0.0467896 -0.0752837   0.331509  -0.940444  0.0720646  -0.938845  -0.336714 0.00552922   0.335805   0.159576 0.00196885 0.994645 0.046365 1.84648 0.033047
1  -0.994594 -0.0928925  0.0464029 -0.0748101   0.331116   -0.94062  0.0720117  -0.939007  -0.336275 0.00549802   0.335877   0.159459 0.00197466 0.994645 0.385628 4.95988 0.0334609
1  -0.996648   -0.06793  0.0455915 -0.0645231   0.310056  -0.948526  0.0502975  -0.948288    -0.3134 0.00975941   0.339536   0.151881 0.00196502 0.991968 0.25835 2.14455 0.0653026
1  -0.996648   -0.06793  0.0455915 -0.0645231   0.310056  -0.948526  0.0502975  -0.948288    -0.3134 0.00975941   0.339536   0.151881 0.00196503 0.991968 0.354636 2.13261 0.0653026
1  -0.994485 -0.0938837  0.0467517 -0.0755782   0.332437  -0.940092  0.0727174  -0.938441    -0.3377 0.00534599   0.335668   0.159878 0.00196408 0.994645 0.326822 6.42037 0.0321571
1  -0.991333  -0.118932   0.055796 -0.0927915    0.33327  -0.938254  0.0929936    -0.9353  -0.341417 0.00137961   0.335214   0.160819 0.00204324 0.993307 0.31103 2.34411 0.00500098
1  -0.996648   -0.06793  0.0455915 -0.0645231   0.310056  -0.948526  0.0502975  -0.948288    -0.3134 0.00975941   0.339536   0.151881 0.00196503 0.991968 0.334671 3.88332 0.0653026
1  -0.994548 -0.0934767   0.046224 -0.0750076   0.333301  -0.939832  0.0724459  -0.938175  -0.338496 0.00539332   0.335517   0.160174 0.00197783 0.994645 0.480976 3.98613 0.0325982
1  -0.994485 -0.0938837  0.0467517 -0.0755782   0.332437  -0.940092  0.0727173  -0.938441    -0.3377 0.00534599   0.335668   0.159878 0.00196408 0.994645 0.212177 2.68316 0.0321571
1  -0.994581 -0.0929537  0.0465563 -0.0750017   0.331452  -0.940486  0.0719904  -0.938882  -0.336628 0.00552432   0.335818   0.159565 0.00197356 0.994645 0.388455 4.31935 0.0332901
1  -0.994463 -0.0939326  0.0471197 -0.0758591   0.331358  -0.940451  0.0727254  -0.938818  -0.336649 0.00534764   0.335843   0.159533 0.00196255 0.994645 0.432733 4.20018 0.032185
1  -0.994551 -0.0931009  0.0469031 -0.0753553   0.331136  -0.940569  0.0720365  -0.938979  -0.336347 0.00553999   0.335865   0.159456 0.00196825 0.994645 0.341054 2.14443 0.0331052
1  -0.994511 -0.0937805  0.0464084 -0.0752822   0.333259  -0.939825  0.0726712   -0.93816   -0.33849 0.00534087   0.335531   0.160154 0.00197166 0.994645 0.415297 2.3748 0.0322495
1  -0.996648   -0.06793  0.0455915 -0.0645231   0.310056  -0.948526  0.0502975  -0.948288    -0.3134  0.0097594   0.339536   0.151881 0.00196503 0.991968 0.285975 2.62663 0.0653026
1  -0.991492  -0.117724  0.0555472 -0.0920381   0.332245  -0.938692  0.0920517  -0.935817  -0.340253 0.00159391   0.335424   0.160453 0.00201119 0.991968 0.258792 2.41898 0.00663284
1  -0.996537 -0.0691934  0.0461151 -0.0655466   0.312416  -0.947681  0.0511662  -0.947422  -0.315869  0.0095406   0.339143   0.152682 0.00197837 0.991968 0.177653 2.07316 0.0628536
1   -0.990925   -0.121947   0.0565444  -0.0945564    0.333407   -0.938029   0.0955375   -0.934863   -0.341912 0.000845276    0.335218    0.160893 0.00202029 0.993307 0.439597 2.8111 0.00196387
1   -0.990697   -0.123897   0.0562876  -0.0951313    0.334774   -0.937484   0.0973081   -0.934118   -0.343447 0.000460017    0.334956    0.161379 0.0020181 0.993307 0.334669 2.13364 0.000782869
1    -0.99071   -0.123519   0.0568909  -0.0953941    0.333073   -0.938063   0.0969195   -0.934776   -0.341761 0.000580872    0.335242    0.160816 0.00201009 0.993307 0.377629 4.44856 0.00141482
1   -0.990697   -0.123594   0.0569592  -0.0954604    0.332835   -0.938141    0.096991    -0.93485   -0.341537 0.000565652    0.335272    0.160752 0.00201196 0.993307 0.525036 4.94427 0.00167594
1  -0.991317  -0.119011  0.0559212 -0.0929538   0.333438  -0.938178  0.0930069   -0.93523  -0.341605 0.00138404   0.335182    0.16088 0.00204487 0.993307 0.234934 2.21508 0.00484468
1  -0.996648   -0.06793  0.0455915 -0.0645231   0.310056  -0.948526  0.0502975  -0.948288    -0.3134 0.00975942   0.339536   0.151881 0.00196502 0.991968 0.340765 2.43144 0.0653026
1   -0.990478   -0.125693   0.0561695  -0.0956509    0.334833    -0.93741   0.0990188   -0.933857   -0.343667 0.000104104    0.334918     0.16144 0.00203063 0.994645 0.371446 3.82147 0.00242079
1  -0.994606 -0.0926372    0.04666 -0.0749198   0.330502  -0.940827  0.0717344  -0.939248  -0.335659  0.0055761   0.335971   0.159249 0.00197573 0.994645 0.344921 1.84895 0.0337579
1  -0.994483 -0.0937143   0.047126 -0.0757837   0.331263   -0.94049  0.0725262  -0.938873  -0.336538 0.00540372   0.335854   0.159498 0.00196369 0.994645 0.242067 1.78464 0.0324145
1  -0.994591 -0.0929733  0.0463077 -0.0748672   0.332675  -0.940065  0.0719955  -0.938447  -0.337837 0.00550955   0.335621   0.159961 0.0019791 0.994645 0.268649 1.77281 0.0331439
1  -0.994557 -0.0932409  0.0465006 -0.0750242   0.331165  -0.940586  0.0723017  -0.938955  -0.336358 0.00544364   0.335862   0.159477 0.00196968 0.994645 0.417013 3.51959 0.0330858
1  -0.992862  -0.107674  0.0512889 -0.0857033    0.34506   -0.93466  0.0829407  -0.932384  -0.351825 0.00336591   0.333281   0.164372 0.00206904 0.991968 0.253837 1.90322 0.0202156
0  -0.998669 -0.0368027  0.0361433 -0.0457357   0.307726  -0.950375  0.0238541  -0.950763     -0.309  0.0151372   0.339406   0.151035 0.00253634 0.98929 0.125084 2.70565 0.0968792
1  -0.994983 -0.0880446  0.0475044  -0.073704   0.324034   -0.94317   0.067648  -0.941939  -0.328898 0.00647982   0.337087   0.156991 0.00197647 0.993307 0.209319 2.4875 0.0399291
1   -0.99459 -0.0928987  0.0464722 -0.0748956   0.331349  -0.940531  0.0719756  -0.938924  -0.336515 0.00551385   0.335839   0.159534 0.00197508 0.994645 0.43363 2.40985 0.0333876
1  -0.994961 -0.0882435  0.0475915 -0.0738594   0.324132  -0.943124  0.0677987  -0.941887  -0.329016 0.00643646   0.337073   0.157026 0.00197658 0.993307 0.402992 2.64164 0.0396799
1  -0.994496 -0.0939231  0.0464256 -0.0753573   0.333391  -0.939772  0.0727884  -0.938098  -0.338634 0.00533433   0.335511   0.160185 0.00196462 0.994645 0.408254 1.71155 0.0320932
1   -0.99453 -0.0935582  0.0464448  -0.075269   0.333625  -0.939696  0.0724211  -0.938052  -0.338842 0.00542343   0.335466   0.160257 0.00197153 0.994645 0.335683 3.34385 0.0324142
1  -0.991593  -0.117798  0.0535495 -0.0908416   0.339011  -0.936386  0.0921507  -0.933378  -0.346862 0.00152844   0.334234   0.162682 0.00206156 0.991968 0.260954 2.443 0.00812943
1  -0.994512 -0.0937677  0.0464082 -0.0752631    0.33307  -0.939894  0.0726745  -0.938228  -0.338299 0.00533891   0.335561   0.160099 0.00197246 0.994645 0.296067 2.21805 0.0322859
1  -0.991566  -0.117132  0.0554655 -0.0916655   0.331311  -0.939058  0.0916171  -0.936223  -0.339254 0.00163065   0.335617   0.160112 0.00201796 0.993307 0.313369 1.94309 0.00767582
1  -0.994538 -0.0932312  0.0469295 -0.0753888   0.330673  -0.940729   0.072187  -0.939129  -0.335896 0.00545339   0.335963   0.159286 0.00196594 0.994645 0.397394 2.40414 0.0330627
1   -0.99583 -0.0771272   0.048721 -0.0711113   0.321735  -0.944155  0.0571448  -0.943683  -0.325878 0.00850588   0.337605   0.155905 0.00202797 0.990629 0.259982 2.80278 0.0508992
1   -0.99149   -0.11861  0.0536556 -0.0912138    0.33888  -0.936397  0.0928832  -0.933323  -0.346815 0.00138016   0.334251   0.162652 0.00205917 0.991968 0.388988 1.86287 0.00744959
1  -0.996647  -0.067911   0.045638 -0.0645612   0.310052  -0.948525  0.0502652  -0.948291  -0.313397  0.0097692   0.339536   0.151877 0.00196493 0.991968 0.392602 3.75884 0.0653127
1   -0.990716     -0.1237      0.0564  -0.0951197      0.3343   -0.937654   0.0971332   -0.934314   -0.342962 0.000498328    0.335042    0.161217 0.0020157 0.993307 0.278015 2.36415 0.000423038
1  -0.991568  -0.117206  0.0552769 -0.0915102   0.331288  -0.939082  0.0917539  -0.936222   -0.33922 0.00162241   0.335611   0.160117 0.00202065 0.993307 0.401887 4.35773 0.00766768
1  -0.996653 -0.0678854  0.0455549 -0.0644714   0.310001  -0.948548  0.0502704   -0.94831   -0.31334 0.00976526   0.339547   0.151862 0.00196459 0.991968 0.436207 3.87525 0.065379
1  -0.994481 -0.0938499  0.0469045 -0.0755885   0.330854   -0.94065  0.0727614  -0.939004  -0.336122 0.00532661    0.33593   0.159363 0.00195882 0.994645 0.19758 2.04401 0.0324353
1 -0.994561 -0.093079 0.0467344 -0.075157  0.330728 -0.940729 0.0721057 -0.939125 -0.335925 0.0055071  0.335931  0.159334 0.00196965 0.994645 0.297279 3.47851 0.0332612
1  -0.992675  -0.109247  0.0515913 -0.0865576   0.345179  -0.934537  0.0842866  -0.932157  -0.352107 0.00313419   0.333205   0.164499 0.00208255 0.991968 0.289525 3.20446 0.0190234
1  -0.994483 -0.0938684  0.0468295 -0.0756699   0.332739  -0.939978  0.0726523  -0.938336  -0.338006 0.00537227   0.335619   0.159975 0.00196452 0.994645 0.461955 5.61723 0.0321036
1   -0.990925   -0.121947   0.0565444  -0.0945564    0.333407   -0.938029   0.0955375   -0.934863   -0.341912 0.000845273    0.335218    0.160893 0.0020203 0.993307 0.273049 2.54609 0.00196382
1  -0.994606 -0.0926372  0.0466599 -0.0749198   0.330502  -0.940827  0.0717344  -0.939248   -0.33566  0.0055761   0.335971   0.159249 0.00197573 0.994645 0.0730364 2.14614 0.0337578
1  -0.994525 -0.0933556  0.0469517 -0.0754504   0.330654  -0.940731  0.0722978  -0.939123  -0.335887 0.00542012   0.335969   0.159283 0.00196537 0.994645 0.211316 2.8092 0.0329391
1  -0.994864 -0.0888586  0.0484758 -0.0747029    0.32139  -0.943996  0.0683026  -0.942769  -0.326377 0.00638016   0.337552   0.156082 0.00196042 0.994645 0.171556 2.22517 0.0400915
1   -0.990666   -0.124032   0.0565364  -0.0954604    0.335224    -0.93729   0.0973014   -0.933938   -0.343936 0.000475104    0.334872    0.161538 0.00202309 0.993307 0.272076 2.8423 0.00117662
1  -0.994606 -0.0926372  0.0466599 -0.0749198   0.330502  -0.940827  0.0717344  -0.939248  -0.335659  0.0055761   0.335971   0.159249 0.00197573 0.994645 0.324282 3.78808 0.0337578
1  -0.996648   -0.06793  0.0455915 -0.0645231   0.310056  -0.948526  0.0502975  -0.948288    -0.3134 0.00975941   0.339536   0.151881 0.00196502 0.991968 0.336076 2.5334 0.0653026
