1  -0.994525 -0.0938306   0.046007 -0.0750722   0.335219  -0.939144  0.0726981  -0.937456  -0.340428 0.00531168   0.335189    0.16077 0.00198278 0.994645 0.327249 1.86573 0.0321589
1  -0.994534 -0.0938659  0.0457263  -0.074535   0.331567  -0.940483  0.0731179  -0.938751  -0.336751 0.00516561   0.335807     0.1596 0.00196614 0.994645 0.238027 3.14428 0.0326562
1  -0.994544 -0.0933221  0.0466231 -0.0749273   0.328049  -0.941685  0.0725854   -0.94004  -0.333251 0.00533984   0.336448   0.158422 0.00194056 0.994645 0.196344 2.59468 0.033776
1   -0.990574   -0.124361     0.05743  -0.0955599    0.326986   -0.940185   0.0981436   -0.936811   -0.335788 0.000238927    0.336214    0.158959 0.00200763 0.993307 0.322271 2.70402 0.00822301
1  -0.996652 -0.0682365  0.0450294 -0.0641896   0.312019  -0.947905  0.0506316  -0.947622  -0.315355 0.00961923   0.339255   0.152473 0.00196708 0.991968 0.358841 2.06409 0.0641528
1  -0.994631 -0.0939296  0.0434396 -0.0736163   0.347164  -0.934911  0.0727351  -0.933089  -0.352214 0.00517601   0.333278   0.164332 0.00202786 0.994645 0.180132 1.78054 0.0349697
1  -0.994577 -0.0931092  0.0463417 -0.0750794   0.334419  -0.939429  0.0719719  -0.937814  -0.339596 0.00555928   0.335342   0.160521 0.001978 0.994645 0.35089 2.70502 0.0328128
1  -0.994499 -0.0936138  0.0469875 -0.0754094   0.328555   -0.94147  0.0726966  -0.939834  -0.333807 0.00535046   0.336281   0.158671 0.0019657 0.994645 0.326644 3.12619 0.0332236
1  -0.991494  -0.117754  0.0554465 -0.0919233   0.331943   -0.93881  0.0921433  -0.935921  -0.339944 0.00160806   0.335465   0.160356 0.00201238 0.991968 0.4161 3.54496 0.00678242
1  -0.996723 -0.0668799  0.0455107 -0.0641634   0.310969  -0.948252  0.0492666  -0.948064  -0.314241  0.0100244   0.339425   0.152119 0.00196481 0.991968 0.300457 1.80332 0.0658145
1  -0.996768 -0.0654537  0.0465684 -0.0647416     0.3114  -0.948071  0.0475534  -0.948022  -0.314631  0.0106463   0.339404   0.152366 0.00200746 0.993307 0.357541 4.03883 0.066718
1  -0.993289  -0.103866  0.0508865 -0.0837886   0.342899  -0.935628  0.0797309  -0.933612  -0.349301 0.00384545    0.33381   0.163458 0.00199427 0.991968 0.0707976 1.57572 0.0224044
1  -0.991467  -0.118089  0.0552164 -0.0918313   0.332051  -0.938781  0.0925251   -0.93584  -0.340062 0.00160058   0.335226   0.160505 0.00208786 0.991968 0.277743 2.33897 0.00647184
1  -0.997231 -0.0621446  0.0408449 -0.0589871   0.326548  -0.943338  0.0452855  -0.943136  -0.329309  0.0112615   0.336591   0.157394 0.00220316 0.995984 0.0728226 2.16509 0.0658103
1  -0.994741 -0.0913662  0.0462965 -0.0734737   0.321588  -0.944025  0.0713636  -0.942461  -0.326609  0.0056324   0.337519   0.156363 0.00194546 0.994645 0.445402 3.29197 0.0383048
1  -0.992796  -0.108346  0.0511594 -0.0869832   0.358088  -0.929627  0.0824017   -0.92738  -0.364933  0.0036548   0.330869   0.168556 0.0021528 0.98929 0.134526 1.81805 0.030506
1  -0.994517 -0.0946356  0.0444959 -0.0750462   0.349548  -0.933908  0.0728274  -0.932127  -0.354734 0.00536718   0.332926   0.165112 0.00200119 0.994645 0.32141 1.71218 0.0350612
1  -0.994581 -0.0933286  0.0458086 -0.0744039   0.331221  -0.940615  0.0726135  -0.938926   -0.33637 0.00531247   0.335874   0.159509 0.00197067 0.994645 0.285596 2.48689 0.0332117
1  -0.994649 -0.0923547  0.0463047 -0.0742848   0.327834   -0.94181  0.0718003   -0.94021   -0.33294 0.00554589   0.336395   0.158412 0.00197338 0.994645 0.229051 2.24498 0.0348526
1   -0.99472 -0.0921494  0.0451703 -0.0739689   0.338679   -0.93799   0.071137  -0.936379  -0.343707 0.00575408   0.334601   0.161819 0.00200558 0.994645 0.3785 1.97287 0.0341209
1  -0.994414 -0.0965117  0.0427277 -0.0730471   0.337093  -0.938633  0.0761859  -0.936511   -0.34226 0.00420197   0.334882   0.161413 0.00198008 0.993307 0.233543 2.06616 0.0308443
1   -0.988972   -0.135852   0.0589817   -0.103272    0.347109   -0.932121    0.106157   -0.927933   -0.357311 -0.00139046    0.332142    0.166331 0.00227676 0.983936 0.217059 2.49296 0.0203218
1  -0.993497  -0.102757  0.0490292 -0.0825941   0.354069  -0.931565  0.0783654  -0.929557  -0.360254 0.00432612   0.331947   0.166958 0.00205828 0.993307 0.276867 1.71854 0.0304971
1  -0.997136 -0.0624707  0.0426279 -0.0600024   0.310361  -0.948723  0.0460374  -0.948564   -0.31322  0.0109583   0.339521   0.151839 0.00203394 0.995984 0.305373 5.16999 0.0707727
1  -0.991441  -0.117716  0.0564601 -0.0929386   0.332644  -0.938462  0.0916909  -0.935677  -0.340737 0.00174348   0.335356   0.160601 0.00201563 0.991968 0.382741 2.69809 0.00633876
1  -0.994692 -0.0904992  0.0489631 -0.0749027   0.310592  -0.947588  0.0705484  -0.946225  -0.315722 0.00594934   0.339208   0.152792 0.00197077 0.997323 0.261621 2.88633 0.0450472
1  -0.996715 -0.0682861  0.0435469 -0.0628227   0.312527  -0.947829   0.051114  -0.947451  -0.315791 0.00946504   0.339114   0.152693 0.00200175 0.993307 0.234263 2.46609 0.0641807
1  -0.992236   -0.11432  0.0489684 -0.0857279   0.343467  -0.935244  0.0900976  -0.932181  -0.350601  0.0018534   0.333503   0.164027 0.00207637 0.991968 0.258513 1.9869 0.0151676
1  -0.994561 -0.0939174  0.0450391 -0.0736798    0.32872  -0.941549  0.0736226  -0.939746  -0.333852 0.00498399   0.336267   0.158712 0.00196449 0.994645 0.0208317 2.00863 0.0335404
1  -0.994471 -0.0941068  0.0466013 -0.0762651   0.342156  -0.936543  0.0721902  -0.934919  -0.347441 0.00557712   0.334165   0.162913 0.00197239 0.994645 0.371734 2.28795 0.0323393
0  -0.996946 -0.0630396  0.0460928 -0.0632021   0.304632  -0.950371  0.0458696  -0.950382  -0.307686  0.0110807   0.340362   0.150012 0.00196257 0.991968 0.400998 3.65401 0.0725276
1   -0.990047   -0.128222   0.0580126  -0.0976431    0.328971   -0.939279    0.101352   -0.935595   -0.338216 -0.00029431    0.335879     0.15955 0.00204338 0.997323 0.216046 2.00956 0.0075782
1  -0.993651  -0.100923   0.049725 -0.0816929   0.343318  -0.935659  0.0773577  -0.933781  -0.349383 0.00453969   0.333735   0.163479 0.0019756 0.991968 0.360928 1.76055 0.0255288
1  -0.997795 -0.0549787  0.0371758 -0.0532262   0.328299  -0.943073  0.0396441  -0.942972  -0.330502  0.0127632   0.336258   0.157858 0.0022428 0.995984 0.241864 1.43421 0.0734732
1  -0.992265  -0.109445  0.0585814 -0.0925285   0.337479  -0.936774   0.082755  -0.934949  -0.344996 0.00374033   0.334654   0.161845 0.00202433 0.991968 0.257423 1.71744 0.014911
1  -0.994381 -0.0948276  0.0470522 -0.0769529   0.342297  -0.936435  0.0726941  -0.934794  -0.347671 0.00540287     0.3341   0.162943 0.00197898 0.994645 0.416604 2.79356 0.0315535
1  -0.994455 -0.0940792  0.0469863 -0.0760052   0.334226  -0.939423  0.0726761  -0.937786  -0.339524 0.00537505   0.335385    0.16045 0.0019673 0.994645 0.341231 2.67711 0.0316791
1  -0.994764 -0.0914221   0.045685  -0.075147   0.351324  -0.933233  0.0692679   -0.93178  -0.356354 0.00657275   0.331365   0.166432 0.00257016 0.973226 0.1891 2.03695 0.0386061
1   -0.99482 -0.0911175   0.045072 -0.0728148   0.329317  -0.941408  0.0709357  -0.939813  -0.334246 0.00569054   0.336167     0.1589 0.00200501 0.994645 0.290802 3.78625 0.0360014
1  -0.996833 -0.0658838  0.0445335 -0.0633927   0.320232  -0.945216  0.0480134  -0.945046  -0.323394  0.0104938   0.337939   0.155114 0.00201703 0.993307 0.263771 3.04147 0.0630731
1  -0.992418  -0.113289  0.0476672 -0.0846645   0.348973  -0.933301  0.0890981   -0.93026  -0.355918 0.00206561   0.332402   0.165779 0.00215442 0.991968 0.345582 3.82042 0.0204895
1    -0.988948    -0.133565    0.0643549    -0.106076     0.334176    -0.936523     0.103581    -0.932999    -0.344651 -0.000415869     0.334778     0.161535 0.0021229 0.995984 0.408183 3.45107 0.0128592
1  -0.993163  -0.104856  0.0513087 -0.0844642   0.342073   -0.93587  0.0805804  -0.933805  -0.348591 0.00367291   0.333963   0.163148 0.00200709 0.993307 0.357259 2.27103 0.0210785
1  -0.994549 -0.0927636  0.0476138 -0.0759749   0.331948  -0.940233  0.0714141  -0.938725  -0.337186 0.00583529   0.335758    0.15965 0.00194561 0.994645 0.309223 1.75979 0.0330986
1  -0.993125  -0.102288  0.0569129  -0.086003    0.30779  -0.947559  0.0794071   -0.94594  -0.314471 0.00407022   0.339829   0.151878 0.00187727 0.994645 0.552889 3.43114 0.0377107
1  -0.994965 -0.0878993  0.0481486 -0.0743999   0.325903  -0.942471  0.0671509  -0.941308  -0.330801 0.00670116   0.336777   0.157613 0.00198341 0.993307 0.141896 2.15598 0.0392333
1  -0.994024 -0.0977681  0.0485507 -0.0794144    0.34254  -0.936141  0.0748941  -0.934402  -0.348258 0.00495358   0.333855   0.163137 0.00195933 0.990629 0.255142 4.03547 0.0284653
1   -0.990809   -0.124328   0.0533026  -0.0949543    0.358584   -0.928656    0.096344   -0.925181   -0.367093 0.000747476     0.33094    0.168796 0.00214232 0.993307 0.304131 3.28163 0.0273252
1   -0.99716 -0.0639493  0.0397781 -0.0596436   0.348076  -0.935567   0.045983  -0.935283  -0.350902  0.0110236   0.333035    0.16428 0.00222883 0.987952 0.257087 2.19089 0.0641832
1  -0.994264 -0.0963689  0.0463836 -0.0760528   0.332148  -0.940156  0.0751956  -0.938291  -0.337572 0.00474397   0.335679   0.159864 0.0019404 0.993307 0.503206 4.62786 0.0299348
1  -0.990701  -0.122735  0.0587225 -0.0974007   0.338401  -0.935948   0.095002  -0.932963  -0.347208 0.00123997   0.334302   0.162484 0.00204866 0.993307 0.192437 5.02175 0.00527937
1   -0.99492 -0.0898589  0.0453798 -0.0721708   0.322428  -0.943839  0.0701806  -0.942319  -0.327276 0.00586439   0.336857   0.156778 0.00210666 0.987952 0.2196 2.24548 0.0394976
1  -0.994672 -0.0923621  0.0457948  -0.074228   0.333378  -0.939867  0.0715411  -0.938258  -0.338457 0.00563365   0.335514   0.160168 0.00198041 0.994645 0.51099 4.39718 0.0338134
1   -0.99462 -0.0930082  0.0456127 -0.0739123   0.328659  -0.941552   0.072581  -0.939858  -0.333765 0.00531064   0.336262   0.158694 0.00197165 0.994645 0.355135 4.3882 0.0342118
1  -0.997187 -0.0627924  0.0409348 -0.0585902   0.312341  -0.948162  0.0467518  -0.947893  -0.315141  0.0105976   0.338867     0.1528 0.00214806 0.994645 0.264583 1.98331 0.0698819
1   -0.991302   -0.121041   0.0516572  -0.0897725    0.334921    -0.93796   0.0962308   -0.934439   -0.342875 0.000314515    0.334838    0.161507 0.0021048 0.993307 0.295083 4.34453 0.00569744
1  -0.991334  -0.118913  0.0558238 -0.0929248   0.334413  -0.937834  0.0928526  -0.934895  -0.342565 0.00145568   0.335041   0.161174 0.00204214 0.993307 0.499638 4.54355 0.00479525
1  -0.994649 -0.0922479  0.0465247  -0.074637   0.330196  -0.940957   0.071439  -0.939394  -0.335314 0.00566246   0.336039   0.159147 0.00197243 0.994645 0.271526 1.87801 0.0342475
1   -0.99487 -0.0905354  0.0451227 -0.0722356   0.323567  -0.943444  0.0708148  -0.941864  -0.328448 0.00561422   0.337144   0.156867 0.00199247 0.995984 0.189914 3.06625 0.0385133
1  -0.994528 -0.0936227  0.0463602 -0.0740989    0.31931  -0.944749  0.0736467  -0.943014    -0.3245 0.00495948   0.337648   0.155632 0.00196234 0.993307 0.191876 1.93932 0.0375068
1  -0.994668 -0.0921945  0.0462213 -0.0751807   0.341395  -0.936909  0.0705982  -0.935388  -0.346505 0.00585488   0.334199   0.162595 0.00197813 0.991968 0.27058 1.94348 0.0341005
1  -0.994956 -0.0891016  0.0460723 -0.0724053   0.320075  -0.944621  0.0694207  -0.943193  -0.324913 0.00621496   0.337739   0.155792 0.00198163 0.997323 0.261538 2.07429 0.0411623
1  -0.994287  -0.095582  0.0475061 -0.0770386   0.334584  -0.939212   0.073877  -0.937506  -0.340036 0.00514822   0.335301   0.160561 0.00193446 0.993307 0.202287 1.62847 0.0300321
1  -0.994353  -0.093244  0.0506777 -0.0788116   0.328997  -0.941037  0.0710732  -0.939716  -0.334488 0.00601679   0.336086   0.158779 0.00194463 0.990629 0.243495 1.87951 0.0325357
1  -0.994587 -0.0921865  0.0479479 -0.0760927    0.33192  -0.940233  0.0707619  -0.938792  -0.337138 0.00599381   0.335782   0.159695 0.00196395 0.994645 0.0487365 1.82021 0.0335752
1  -0.994742  -0.092626  0.0436883 -0.0721296    0.33082  -0.940933   0.072702  -0.939137  -0.335761 0.00517712   0.335982   0.159354 0.00197334 0.994645 0.38604 4.8922 0.0347241
0  -0.997527 -0.0566451    0.04161 -0.0583821   0.338143  -0.939282  0.0391356  -0.939388  -0.340614  0.0129734   0.334409   0.161095 0.00226656 0.985274 0.144541 1.95503 0.0699985
1  -0.996719 -0.0664459   0.046226 -0.0646824   0.310487  -0.948375  0.0486631  -0.948253  -0.313766  0.0103298   0.339448   0.152004 0.00198185 0.993307 0.349111 2.10652 0.0663215
1  -0.993983 -0.0989181   0.047052 -0.0784601   0.343195  -0.935982  0.0764375  -0.934041  -0.348891 0.00455087   0.333866   0.163288 0.00195525 0.993307 0.329849 6.25927 0.0280051
1  -0.991264  -0.119199   0.056459 -0.0931748   0.329889   -0.93941  0.0933519  -0.936464  -0.338114 0.00124138   0.335718   0.159804 0.00203478 0.991968 0.313884 2.28803 0.00681787
1  -0.996536 -0.0686629  0.0469234 -0.0661448   0.312375  -0.947653  0.0504109  -0.947474  -0.315835 0.00980896   0.339041   0.152683 0.00200442 0.991968 0.321334 3.81345 0.0632028
1  -0.994619   -0.09339  0.0448507 -0.0736973    0.33352  -0.939858  0.0728147  -0.938106  -0.338608 0.00517217   0.335499   0.160236 0.00198751 0.994645 0.478437 3.94056 0.0331124
1  -0.993115  -0.104112  0.0536993 -0.0865451   0.343139  -0.935289  0.0789483  -0.933497  -0.349787 0.00427576   0.333557   0.163697 0.00204829 0.98929 0.178398 2.40568 0.0219225
1   -0.99473 -0.0929445  0.0432793 -0.0716526   0.328283  -0.941858  0.0733327  -0.939996  -0.333212 0.00495781    0.33627   0.158638 0.00199679 0.993307 0.381255 4.27304 0.0352316
1  -0.994339 -0.0945238  0.0485345 -0.0781019   0.340471  -0.937005  0.0720447  -0.935492  -0.345926 0.00569772   0.334396   0.162297 0.00196014 0.994645 0.43343 4.15294 0.0311054
1  -0.994555 -0.0929728  0.0470689 -0.0754127   0.330406  -0.940821  0.0719189  -0.939249  -0.335618 0.00558405   0.335982   0.159215 0.00196529 0.994645 0.342047 2.12293 0.0333373
1  -0.994522 -0.0938037  0.0461122 -0.0750469   0.333732  -0.939676   0.072756  -0.937989  -0.338944 0.00530494   0.335457   0.160297 0.00197124 0.994645 0.415421 2.35354 0.0322678
1  -0.997936 -0.0572493  0.0290845 -0.0459233   0.319705  -0.946404  0.0448825  -0.945786  -0.321675  0.0106895   0.337627   0.155306 0.00230687 0.995984 0.161759 2.45779 0.0758908
1  -0.992014  -0.114701  0.0524558 -0.0895876   0.348046  -0.933187  0.0887802  -0.930434  -0.355542 0.00245685   0.332717   0.165487 0.00208868 0.991968 0.230232 2.25877 0.0177401
1  -0.996584 -0.0692428  0.0450005 -0.0648528   0.318878  -0.945574  0.0511245  -0.945263  -0.322279 0.00952781   0.338155   0.154706 0.00201142 0.993307 0.163918 2.04746 0.0602189
1  -0.991173  -0.119989  0.0563853 -0.0936991   0.333118  -0.938218  0.0937925  -0.935219   -0.34142 0.00136785   0.335254   0.160773 0.00202867 0.993307 0.437272 2.76533 0.00396511
1   -0.990662    -0.12466    0.055222  -0.0947189    0.337916   -0.936398   0.0980709   -0.932884   -0.346569 0.000250678     0.33449    0.162365 0.00201731 0.993307 0.33493 2.09826 0.00437129
1   -0.990801   -0.123369   0.0556127  -0.0934321    0.326358   -0.940617   0.0978933   -0.937161   -0.334882 0.000173582    0.336373    0.158683 0.00199807 0.993307 0.38135 4.41254 0.00921494
1   -0.990643   -0.124149   0.0566903  -0.0949801    0.328842   -0.939597   0.0980077   -0.936189   -0.337556 0.000218806    0.335903    0.159501 0.00200948 0.993307 0.52562 4.91839 0.00620631
1  -0.991398  -0.118751  0.0550346 -0.0917916   0.331094  -0.939122  0.0933002  -0.936095  -0.339146 0.00120778   0.335486   0.160169 0.00204753 0.991968 0.233937 2.16916 0.0065304
1  -0.997355 -0.0627873  0.0366155 -0.0548918   0.320451  -0.945673  0.0476428  -0.945182   -0.32305  0.0102181   0.337667    0.15547 0.0021686 0.994645 0.272468 2.29977 0.0679493
1   -0.989718   -0.130105   0.0594237   -0.100774    0.339451    -0.93521    0.101504   -0.931582   -0.349072 3.98487e-05    0.334234    0.162999 0.00204532 0.994645 0.366896 3.71466 0.00968159
1  -0.994741 -0.0909335  0.0471307 -0.0742148   0.322812  -0.943549  0.0705859  -0.942085  -0.327863 0.00591875   0.337241    0.15676 0.00195775 0.994645 0.350881 1.80844 0.0378738
1  -0.994345 -0.0944802  0.0485001 -0.0769677   0.326432  -0.942082  0.0731761  -0.940487  -0.331858 0.00524338   0.336639   0.158021 0.001965 0.994645 0.241559 1.759 0.0326681
1  -0.995575 -0.0830581  0.0439468 -0.0711863   0.361358  -0.929706  0.0613391  -0.928721  -0.365671 0.00885913   0.330772   0.168664 0.00227488 0.994645 0.15935 1.72191 0.0514242
1   -0.99456 -0.0932631  0.0463999 -0.0749222   0.330978  -0.940659  0.0723714  -0.939018  -0.336165 0.00541291   0.335884   0.159429 0.00197407 0.994645 0.415715 3.50347 0.0331324
1   -0.99281  -0.108687  0.0501561  -0.087978    0.37842  -0.921443  0.0811688  -0.919231  -0.385261 0.00405669   0.327428   0.174588 0.00228609 0.990629 0.175559 1.84249 0.0513947
0  -0.998986 -0.0354471  0.0277633 -0.0374894   0.313331  -0.948904  0.0249368  -0.948982  -0.314342  0.0144354   0.338427   0.153052 0.00266889 0.987952 0.079363 2.65342 0.0983315
1  -0.995133 -0.0873044   0.045702  -0.071531   0.320977  -0.944382  0.0677794  -0.943055  -0.325659 0.00626658   0.337607   0.156049 0.00199233 0.993307 0.202977 2.44133 0.0424024
1  -0.994733 -0.0923695  0.0444272 -0.0727652   0.331125  -0.940777  0.0721881  -0.939055  -0.336103 0.00534333   0.335817   0.159465 0.00200082 0.994645 0.426248 2.37429 0.0346232
1  -0.994873 -0.0872362  0.0511634 -0.0767784   0.322227  -0.943544   0.065825  -0.942635  -0.327272  0.0070751   0.337294   0.156391 0.00196891 0.990629 0.405309 2.58523 0.040676
1  -0.993768  -0.100033  0.0491809 -0.0818789   0.355692   -0.93101  0.0756381  -0.929235  -0.361666 0.00494595   0.331595   0.167466 0.00203495 0.98929 0.38707 1.6009 0.0336234
1  -0.994555 -0.0937299  0.0455596 -0.0755334   0.347102  -0.934781   0.071803  -0.933132  -0.352292 0.00558009   0.333221   0.164435 0.0019936 0.991968 0.328246 3.30818 0.0345035
1  -0.991821   -0.11759  0.0496415 -0.0913288   0.382106  -0.919595  0.0891667  -0.916607   -0.38972 0.00245429   0.326642   0.176301 0.00235556 0.98929 0.155557 2.34326 0.0541664
1   -0.99451 -0.0942858  0.0453953 -0.0746148   0.334763  -0.939344  0.0733701  -0.937574   -0.33996 0.00507776   0.335284   0.160676 0.00198911 0.994645 0.290124 2.1768 0.0319468
1  -0.991553  -0.117124  0.0557263 -0.0917438   0.329612  -0.939648  0.0916876  -0.936823  -0.337573 0.00159084   0.335842    0.15963 0.00201144 0.991968 0.315588 1.89372 0.00872825
1  -0.994624 -0.0910138  0.0493912 -0.0765552   0.325101  -0.942576  0.0697302  -0.941289  -0.330321 0.00633255   0.336886   0.157447 0.00194546 0.994645 0.403673 2.36622 0.0362837
1  -0.996136 -0.0750151  0.0456754 -0.0681692   0.332489   -0.94064  0.0553756  -0.940119  -0.336318  0.0089128   0.335729   0.159141 0.00209312 0.990629 0.23621 2.75521 0.0509882
1  -0.991551  -0.119008  0.0516049 -0.0909747    0.35443  -0.930647  0.0924644  -0.927479  -0.362262 0.00152555   0.331616   0.167576 0.00214535 0.993307 0.363419 1.79062 0.0230372
1  -0.996585 -0.0687882  0.0456692 -0.0647837   0.308511  -0.949012  0.0511914   -0.94873  -0.311914 0.00942331   0.339766   0.151409 0.00197781 0.991968 0.388622 3.73322 0.0653246
1   -0.990986   -0.122567    0.054081  -0.0921633    0.330752   -0.939207   0.0972281   -0.935725   -0.339067 0.000340525    0.335663    0.160079 0.00201703 0.993307 0.27754 2.33262 0.00524205
1  -0.991572  -0.117799  0.0539212 -0.0903537   0.330523  -0.939463  0.0928456  -0.936417  -0.338381 0.00118792   0.335715   0.159841 0.00202394 0.993307 0.400911 4.31083 0.00810304
1  -0.996668 -0.0677031  0.0454818 -0.0642822   0.308823  -0.948945  0.0502007  -0.948707  -0.312146  0.0097825   0.339717   0.151489 0.00196428 0.991968 0.436297 3.85405 0.0661757
1  -0.994315 -0.0950629  0.0479586 -0.0777392   0.340371  -0.937072   0.072757  -0.935473  -0.345827 0.00547761   0.334495   0.162212 0.00194516 0.994645 0.203176 1.98896 0.0306982
1  -0.994714  -0.091974  0.0456703 -0.0733287   0.324848  -0.942919  0.0718881  -0.941283  -0.329875 0.00553029   0.336858   0.157402 0.00195843 0.994645 0.301282 3.42713 0.0364934
1  -0.992376   -0.11225  0.0508993 -0.0911293   0.390202  -0.916208  0.0829831  -0.913861  -0.397456 0.00376896   0.325141    0.17869 0.00242729 0.987952 0.171918 3.15331 0.0638909
1  -0.994524 -0.0934614  0.0467673 -0.0754162   0.332008  -0.940257  0.0723506  -0.938635  -0.337239 0.00554803   0.335749   0.159751 0.00195234 0.994645 0.465291 5.56651 0.0326486
1  -0.991135  -0.119372  0.0583171 -0.0947713   0.327638  -0.940038  0.0931077  -0.937232  -0.336047 0.00152064   0.335987    0.15911 0.00207395 0.993307 0.253744 2.41313 0.00876908
1  -0.994671 -0.0915713  0.0473638  -0.075103   0.328873  -0.941383   0.070627  -0.939924  -0.333998 0.00594891   0.336207   0.158703 0.00197738 0.994645 0.0722595 2.11763 0.0349941
1  -0.994479 -0.0938165  0.0470065 -0.0754619   0.328122  -0.941616  0.0729153  -0.939965   -0.33339 0.00518846   0.336427   0.158438 0.00195474 0.994645 0.215582 2.77246 0.0331534
1  -0.995145 -0.0867069  0.0465748 -0.0710443   0.305302  -0.949602  0.0681176    -0.9483   -0.30998  0.0062343   0.340155   0.150851 0.00196537 0.997323 0.169463 2.15355 0.0524266
1   -0.990855   -0.124101   0.0529673  -0.0941295    0.354491   -0.930309   0.0966759   -0.926787   -0.362931 0.000677361    0.331638    0.167578 0.00210994 0.993307 0.240828 2.77935 0.0227329
1  -0.994742 -0.0910762  0.0468278 -0.0748376   0.334341  -0.939476  0.0699075  -0.938041  -0.339399 0.00618351   0.335224   0.160357 0.00197112 0.991968 0.325858 3.76149 0.034684
1  -0.997314 -0.0610046  0.0405399 -0.0590626   0.342439  -0.937682  0.0433204  -0.937557  -0.345123  0.0118682   0.333966   0.162378 0.0022691 0.994645 0.233338 2.36395 0.0660846
