1  -0.994542 -0.0935354  0.0462346  -0.075038   0.333306  -0.939828  0.0724969  -0.938167  -0.338506  0.0053844   0.335515   0.160177 0.00197691 0.994645 0.329241 0.093717 0.0325377
1   -0.990478   -0.125693   0.0561695  -0.0956509    0.334833    -0.93741   0.0990188   -0.933856   -0.343668 0.000104107    0.334918     0.16144 0.00203062 0.994645 0.488003 0.364893 0.00242083
1  -0.994485 -0.0938838  0.0467517 -0.0755782   0.332438  -0.940092  0.0727174  -0.938441    -0.3377 0.00534599   0.335668   0.159878 0.00196408 0.994645 0.186603 0.292405 0.0321571
1  -0.994496 -0.0939231  0.0464256 -0.0753573   0.333391  -0.939772  0.0727884  -0.938098  -0.338634 0.00533433   0.335511   0.160185 0.00196463 0.994645 0.336788 0.343806 0.0320932
1  -0.994496 -0.0939231  0.0464256 -0.0753574   0.333391  -0.939772  0.0727884  -0.938099  -0.338634 0.00533432   0.335511   0.160185 0.00196463 0.994645 0.359641 0.213064 0.0320932
1  -0.994496 -0.0939231  0.0464256 -0.0753573   0.333391  -0.939772  0.0727884  -0.938098  -0.338634 0.00533433   0.335511   0.160185 0.00196462 0.994645 0.2057 0.158617 0.0320932
1   -0.99583 -0.0771272   0.048721 -0.0711113   0.321735  -0.944155  0.0571448  -0.943683  -0.325878 0.00850589   0.337605   0.155905 0.00202798 0.990629 0.334488 0.122836 0.0508992
1  -0.994542 -0.0935355  0.0462345  -0.075038   0.333306  -0.939828   0.072497  -0.938167  -0.338506  0.0053844   0.335515   0.160177 0.00197691 0.994645 0.322804 0.310232 0.0325377
0  -0.998669 -0.0368027  0.0361433 -0.0457357   0.307726  -0.950375  0.0238542  -0.950763     -0.309  0.0151372   0.339406   0.151035 0.00253634 0.98929 0.193388 0.282267 0.0968792
1  -0.994606 -0.0926372  0.0466599 -0.0749198   0.330502  -0.940827  0.0717344  -0.939248   -0.33566  0.0055761   0.335971   0.159249 0.00197573 0.994645 0.29657 0.073865 0.0337578
1  -0.994591 -0.0929733  0.0463077 -0.0748672   0.332675  -0.940065  0.0719955  -0.938447  -0.337837 0.00550955   0.335621   0.159961 0.0019791 0.994645 0.366617 0.662103 0.0331439
1  -0.994534 -0.0932387  0.0470024 -0.0754662   0.330749  -0.940696  0.0721633  -0.939101  -0.335978 0.00546581   0.335949   0.159315 0.00196667 0.994645 0.083658 0.0649518 0.0330169
1  -0.991492  -0.117724  0.0555472 -0.0920381   0.332245  -0.938692  0.0920517  -0.935817  -0.340253 0.00159392   0.335424   0.160453 0.00201118 0.991968 0.304268 0.227869 0.00663286
1  -0.996648   -0.06793  0.0455915 -0.0645231   0.310056  -0.948526  0.0502975  -0.948288    -0.3134 0.00975941   0.339536   0.151881 0.00196503 0.991968 0.173038 0.207347 0.0653026
0  -0.998669 -0.0368027  0.0361432 -0.0457357   0.307726  -0.950375  0.0238542  -0.950763     -0.309  0.0151372   0.339406   0.151035 0.00253634 0.98929 0.246476 0.220778 0.0968792
1  -0.994496 -0.0939231  0.0464256 -0.0753573   0.333391  -0.939772  0.0727884  -0.938098  -0.338634 0.00533433   0.335511   0.160185 0.00196462 0.994645 0.210177 0.0928727 0.0320932
1   -0.99149   -0.11861  0.0536556 -0.0912137    0.33888  -0.936397  0.0928832  -0.933323  -0.346815 0.00138016   0.334251   0.162652 0.00205917 0.991968 0.301748 0.157097 0.00744955
1  -0.996648   -0.06793  0.0455915 -0.0645231   0.310056  -0.948526  0.0502975  -0.948288    -0.3134 0.00975941   0.339536   0.151881 0.00196502 0.991968 0.287643 0.210822 0.0653026
1  -0.994538 -0.0932312  0.0469295 -0.0753888   0.330673  -0.940729   0.072187  -0.939129  -0.335896 0.00545339   0.335963   0.159287 0.00196595 0.994645 0.231954 0.120908 0.0330627
1  -0.996648   -0.06793  0.0455915 -0.0645231   0.310056  -0.948526  0.0502975  -0.948288    -0.3134 0.00975941   0.339536   0.151881 0.00196503 0.991968 0.391067 0.208668 0.0653026
1  -0.996648   -0.06793  0.0455915 -0.0645231   0.310056  -0.948526  0.0502975  -0.948288    -0.3134 0.00975941   0.339536   0.151881 0.00196503 0.991968 0.239368 0.212631 0.0653026
1   -0.990478   -0.125693   0.0561695  -0.0956509    0.334833    -0.93741   0.0990188   -0.933857   -0.343667 0.000104115    0.334918     0.16144 0.00203063 0.994645 0.3017 0.260444 0.00242078
1  -0.991492  -0.117724  0.0555472 -0.0920381   0.332245  -0.938692  0.0920517  -0.935817  -0.340253 0.00159392   0.335424   0.160453 0.00201119 0.991968 0.29341 0.221083 0.00663286
0  -0.998621 -0.0360937  0.0381287 -0.0470578   0.293259  -0.954874  0.0232833  -0.955351  -0.294553  0.0152738   0.341795   0.146036 0.0024625 0.990629 0.159014 0.742596 0.103843
1  -0.991593  -0.117798  0.0535495 -0.0908416   0.339011  -0.936386  0.0921507  -0.933378  -0.346862 0.00152845   0.334233   0.162682 0.00206156 0.991968 0.368676 0.147181 0.00812944
1  -0.996652 -0.0678664  0.0456014 -0.0645095   0.309997  -0.948546  0.0502381  -0.948312  -0.313337 0.00977504   0.339546   0.151858 0.00196448 0.991968 0.263976 0.139754 0.0653891
1  -0.996648   -0.06793  0.0455915 -0.0645231   0.310056  -0.948526  0.0502975  -0.948288    -0.3134 0.00975941   0.339536   0.151881 0.00196503 0.991968 0.248309 0.178964 0.0653026
1   -0.990478   -0.125693   0.0561694  -0.0956509    0.334833    -0.93741   0.0990188   -0.933856   -0.343667 0.000104111    0.334918     0.16144 0.00203062 0.994645 0.274851 0.0983652 0.00242079
1  -0.994485 -0.0938837  0.0467517 -0.0755782   0.332437  -0.940092  0.0727173  -0.938441    -0.3377 0.00534599   0.335668   0.159878 0.00196408 0.994645 0.0210374 0.177065 0.0321571
1  -0.996648   -0.06793  0.0455915 -0.0645231   0.310056  -0.948526  0.0502975  -0.948288    -0.3134  0.0097594   0.339536   0.151881 0.00196503 0.991968 0.37408 0.218614 0.0653026
1  -0.996648   -0.06793  0.0455915 -0.0645231   0.310056  -0.948526  0.0502975  -0.948288    -0.3134 0.00975941   0.339536   0.151881 0.00196503 0.991968 0.29657 0.514156 0.0653026
1  -0.990678  -0.123705  0.0570484 -0.0955978   0.332975  -0.938077  0.0970495  -0.934786  -0.341697 0.00055715   0.335243   0.160804 0.00201374 0.993307 0.227421 0.0534791 0.00152901
1   -0.990478   -0.125693   0.0561695  -0.0956509    0.334833    -0.93741   0.0990188   -0.933857   -0.343667 0.000104109    0.334918     0.16144 0.00203062 0.994645 0.343131 0.463547 0.00242078
1  -0.995007 -0.0876825  0.0476769 -0.0736545   0.322731  -0.943621  0.0673522  -0.942421  -0.327578 0.00657531   0.337309   0.156556 0.00198709 0.994645 0.328305 0.112675 0.0407633
1  -0.992864   -0.10763  0.0513526 -0.0857152   0.344692  -0.934794  0.0829115  -0.932525  -0.351458 0.00337779   0.333347   0.164248 0.00206557 0.991968 0.242295 0.0978869 0.0200173
1  -0.996648   -0.06793  0.0455915 -0.0645231   0.310056  -0.948526  0.0502975  -0.948288    -0.3134 0.00975941   0.339536   0.151881 0.00196503 0.991968 0.420718 0.222549 0.0653026
1   -0.99498 -0.0876321  0.0483277  -0.074194   0.321873  -0.943871  0.0671581  -0.942719  -0.326759 0.00663744   0.337455   0.156231 0.00197868 0.994645 0.337422 0.14748 0.0410326
1   -0.990666   -0.124032   0.0565364  -0.0954604    0.335224    -0.93729   0.0973014   -0.933938   -0.343936 0.000475111    0.334871    0.161538 0.0020231 0.993307 0.361703 0.153147 0.00117661
1  -0.994485 -0.0938838  0.0467517 -0.0755782   0.332437  -0.940092  0.0727174  -0.938441    -0.3377 0.00534599   0.335668   0.159878 0.00196408 0.994645 0.30528 0.51511 0.0321571
1   -0.990472    -0.12573   0.0561885  -0.0956905    0.334917   -0.937376   0.0990375   -0.933822   -0.343757 0.000101054    0.334903    0.161471 0.00203138 0.994645 0.348699 0.414067 0.00247747
1   -0.990478   -0.125693   0.0561695  -0.0956509    0.334833    -0.93741   0.0990188   -0.933856   -0.343667 0.000104106    0.334918     0.16144 0.00203062 0.994645 0.295214 0.409768 0.00242082
1  -0.994538 -0.0932312  0.0469295 -0.0753888   0.330673  -0.940729   0.072187  -0.939129  -0.335896 0.00545338   0.335963   0.159287 0.00196595 0.994645 0.508335 0.365489 0.0330627
1  -0.994496 -0.0939231  0.0464256 -0.0753573   0.333391  -0.939772  0.0727884  -0.938098  -0.338634 0.00533433   0.335511   0.160185 0.00196462 0.994645 0.370858 0.214043 0.0320932
1  -0.995007 -0.0876826  0.0476769 -0.0736545   0.322731  -0.943621  0.0673523  -0.942421  -0.327578  0.0065753   0.337309   0.156556 0.00198709 0.994645 0.294498 0.0999341 0.0407632
1  -0.996648   -0.06793  0.0455915 -0.0645231   0.310056  -0.948526  0.0502975  -0.948288    -0.3134  0.0097594   0.339536   0.151881 0.00196503 0.991968 0.375789 0.355806 0.0653026
1  -0.994791 -0.0896429  0.0485371 -0.0754851   0.327776  -0.941735  0.0685106  -0.940493  -0.332835 0.00630653   0.336433   0.158267 0.00197737 0.991968 0.14451 0.0600321 0.0368454
1   -0.990478   -0.125693   0.0561694  -0.0956509    0.334833    -0.93741   0.0990188   -0.933856   -0.343668 0.000104114    0.334918     0.16144 0.00203062 0.994645 0.331236 0.296121 0.0024208
1  -0.994496 -0.0939231  0.0464256 -0.0753573   0.333391  -0.939772  0.0727884  -0.938098  -0.338634 0.00533434   0.335511   0.160185 0.00196463 0.994645 0.361848 0.21245 0.0320932
0   -0.99866 -0.0369326  0.0362607 -0.0458771   0.307306  -0.950504  0.0239615  -0.950894  -0.308588   0.015108   0.339476   0.150901 0.00253465 0.98929 0.15515 0.117118 0.0968953
1  -0.994581 -0.0929537  0.0465563 -0.0750017   0.331452  -0.940486  0.0719904  -0.938882  -0.336628 0.00552432   0.335818   0.159565 0.00197356 0.994645 0.494717 0.205805 0.0332901
1  -0.994485 -0.0938837  0.0467517 -0.0755782   0.332437  -0.940092  0.0727173  -0.938441    -0.3377   0.005346   0.335668   0.159878 0.00196408 0.994645 0.225777 0.595396 0.0321572
1  -0.996648   -0.06793  0.0455915 -0.0645231   0.310056  -0.948526  0.0502975  -0.948288    -0.3134 0.00975941   0.339536   0.151881 0.00196503 0.991968 0.272069 0.202278 0.0653026
1  -0.996648   -0.06793  0.0455915 -0.0645231   0.310056  -0.948526  0.0502975  -0.948288    -0.3134  0.0097594   0.339536   0.151881 0.00196503 0.991968 0.514789 0.340927 0.0653026
1  -0.994538 -0.0932312  0.0469295 -0.0753888   0.330673  -0.940729   0.072187  -0.939129  -0.335896 0.00545338   0.335963   0.159287 0.00196595 0.994645 0.357001 0.305245 0.0330627
0  -0.998646 -0.0370706  0.0364944  -0.046131   0.306864  -0.950635  0.0240418  -0.951031  -0.308159  0.0150908   0.339551   0.150753 0.00253127 0.98929 0.133386 0.107531 0.09689
1  -0.994496 -0.0939231  0.0464256 -0.0753573   0.333391  -0.939772  0.0727884  -0.938098  -0.338634 0.00533433   0.335511   0.160185 0.00196463 0.994645 0.552185 0.343895 0.0320932
1   -0.990478   -0.125693   0.0561694  -0.0956509    0.334833    -0.93741   0.0990188   -0.933856   -0.343667 0.000104116    0.334918     0.16144 0.00203062 0.994645 0.502461 1.00318 0.00242079
1  -0.995007 -0.0876826  0.0476769 -0.0736545   0.322731  -0.943621  0.0673523  -0.942421  -0.327578  0.0065753   0.337309   0.156556 0.00198709 0.994645 0.266113 0.148082 0.0407632
1  -0.995838  -0.077128  0.0485523  -0.070924    0.32128  -0.944325   0.057235  -0.943838  -0.325413 0.00847479   0.337681   0.155756 0.00202579 0.990629 0.176366 0.113688 0.0510993
1  -0.994496 -0.0939231  0.0464256 -0.0753573   0.333391  -0.939772  0.0727884  -0.938098  -0.338634 0.00533433   0.335511   0.160185 0.00196463 0.994645 0.190933 0.0747222 0.0320932
1  -0.996653 -0.0678717  0.0455695 -0.0644849   0.310075  -0.948523  0.0502479  -0.948286  -0.313413 0.00976977   0.339534   0.151879 0.00196441 0.991968 0.275638 0.0583101 0.0653508
1  -0.996653 -0.0678717  0.0455695 -0.0644849   0.310075  -0.948523  0.0502479  -0.948286  -0.313413 0.00976978   0.339534   0.151879 0.00196441 0.991968 0.267953 0.132793 0.0653509
1  -0.996537 -0.0691934  0.0461151 -0.0655466   0.312416  -0.947681  0.0511662  -0.947422  -0.315869  0.0095406   0.339143   0.152682 0.00197837 0.991968 0.184179 0.118866 0.0628536
1  -0.996653 -0.0678717  0.0455695 -0.0644849   0.310075  -0.948523  0.0502479  -0.948286  -0.313414 0.00976977   0.339534   0.151879 0.00196441 0.991968 0.235801 0.108175 0.0653508
1   -0.99498 -0.0876321  0.0483276  -0.074194   0.321873  -0.943871  0.0671581  -0.942719  -0.326759 0.00663744   0.337455   0.156231 0.00197868 0.994645 0.0416021 0.124154 0.0410326
1  -0.996653 -0.0678717  0.0455695 -0.0644849   0.310075  -0.948523  0.0502479  -0.948286  -0.313413 0.00976977   0.339534   0.151879 0.00196441 0.991968 0.388818 0.563622 0.0653509
1  -0.996648   -0.06793  0.0455915 -0.0645231   0.310056  -0.948526  0.0502975  -0.948288    -0.3134  0.0097594   0.339536   0.151881 0.00196502 0.991968 0.258349 0.20711 0.0653026
1  -0.996648   -0.06793  0.0455915 -0.0645231   0.310056  -0.948526  0.0502975  -0.948288    -0.3134 0.00975941   0.339536   0.151881 0.00196503 0.991968 0.354637 0.230981 0.0653026
1  -0.994496 -0.0939231  0.0464256 -0.0753573   0.333391  -0.939772  0.0727884  -0.938098  -0.338634 0.00533433   0.335511   0.160185 0.00196463 0.994645 0.535694 0.271331 0.0320932
1  -0.994538 -0.0932312  0.0469295 -0.0753888   0.330674  -0.940729   0.072187  -0.939129  -0.335896 0.00545338   0.335963   0.159287 0.00196595 0.994645 0.414814 0.507376 0.0330627
1  -0.994496 -0.0939231  0.0464256 -0.0753573   0.333391  -0.939772  0.0727884  -0.938098  -0.338634 0.00533433   0.335511   0.160185 0.00196462 0.994645 0.337539 0.114035 0.0320932
1   -0.990666   -0.124032   0.0565363  -0.0954604    0.335224    -0.93729   0.0973014   -0.933938   -0.343936 0.000475112    0.334871    0.161538 0.00202309 0.993307 0.32447 0.384657 0.00117659
1   -0.990478   -0.125693   0.0561694  -0.0956509    0.334833    -0.93741   0.0990188   -0.933856   -0.343668 0.000104112    0.334918     0.16144 0.00203062 0.994645 0.287432 0.775372 0.00242082
1  -0.992754  -0.108858  0.0508797 -0.0856637   0.344228   -0.93497  0.0842646  -0.932554  -0.351059  0.0031284   0.333394   0.164151 0.00206843 0.991968 0.170321 0.074048 0.0188795
1  -0.994548 -0.0934767  0.0462239 -0.0750076   0.333302  -0.939832  0.0724459  -0.938175  -0.338496 0.00539332   0.335517   0.160174 0.00197783 0.994645 0.558343 0.186005 0.0325982
1  -0.994791 -0.0896429  0.0485371 -0.0754851   0.327776  -0.941735  0.0685106  -0.940493  -0.332835 0.00630654   0.336433   0.158267 0.00197736 0.991968 0.428452 0.313965 0.0368454
1  -0.996653 -0.0678717  0.0455695 -0.0644849   0.310075  -0.948523  0.0502479  -0.948286  -0.313413 0.00976978   0.339534   0.151879 0.00196441 0.991968 0.34234 0.15707 0.0653508
1  -0.992884  -0.107562  0.0510991 -0.0855245   0.345508  -0.934511  0.0828623  -0.932231  -0.352248 0.00344357    0.33317   0.164545 0.00208224 0.991968 0.382504 0.113984 0.0206361
1  -0.996648   -0.06793  0.0455915 -0.0645231   0.310056  -0.948526  0.0502975  -0.948288    -0.3134  0.0097594   0.339536   0.151881 0.00196503 0.991968 0.285973 0.206627 0.0653026
1  -0.992808  -0.107929  0.0518028 -0.0863884   0.346303  -0.934137  0.0828815  -0.931894  -0.353136 0.00340485   0.333061   0.164788 0.0020792 0.991968 0.233726 0.0536272 0.0207224
1  -0.996648   -0.06793  0.0455915 -0.0645231   0.310056  -0.948526  0.0502975  -0.948288    -0.3134  0.0097594   0.339536   0.151881 0.00196503 0.991968 0.1832 0.181689 0.0653026
1  -0.991492  -0.117724  0.0555472 -0.0920381   0.332245  -0.938692  0.0920517  -0.935817  -0.340253 0.00159391   0.335424   0.160453 0.00201118 0.991968 0.442124 0.823914 0.00663285
1  -0.992884  -0.107562   0.051099 -0.0855245   0.345508  -0.934511  0.0828622  -0.932231  -0.352248 0.00344358    0.33317   0.164545 0.00208225 0.991968 0.313521 0.103999 0.0206362
1  -0.991593  -0.117798  0.0535495 -0.0908416   0.339011  -0.936386  0.0921507  -0.933378  -0.346862 0.00152844   0.334233   0.162682 0.00206156 0.991968 0.361693 0.278521 0.00812946
1   -0.990478   -0.125693   0.0561695  -0.0956509    0.334833    -0.93741   0.0990188   -0.933857   -0.343667 0.000104111    0.334918     0.16144 0.00203062 0.994645 0.520631 0.667296 0.0024208
1   -0.99149   -0.11861  0.0536556 -0.0912138    0.33888  -0.936397  0.0928832  -0.933323  -0.346815 0.00138016   0.334251   0.162652 0.00205917 0.991968 0.229581 0.147005 0.00744961
0  -0.998669 -0.0368027  0.0361433 -0.0457357   0.307726  -0.950375  0.0238542  -0.950763     -0.309  0.0151372   0.339406   0.151035 0.00253635 0.98929 0.149096 0.0889834 0.0968792
1   -0.990486   -0.125529   0.0563954  -0.0958639    0.335364   -0.937199    0.098733   -0.933688   -0.344207 0.000180637    0.334837     0.16161 0.00203314 0.994645 0.370668 0.362392 0.00245386
1  -0.995799  -0.077417  0.0488881 -0.0713968   0.322265  -0.943953  0.0573231  -0.943479  -0.326438 0.00846747   0.337504   0.156086 0.00203461 0.990629 0.325397 0.0833714 0.0503958
1  -0.994538 -0.0932312  0.0469295 -0.0753888   0.330673  -0.940729   0.072187  -0.939129  -0.335896 0.00545338   0.335963   0.159286 0.00196595 0.994645 0.241194 0.123155 0.0330627
1   -0.99459 -0.0929794    0.04632 -0.0748792   0.332655  -0.940071  0.0719987  -0.938454  -0.337817  0.0055159   0.335623   0.159954 0.00197794 0.994645 0.269079 0.0796111 0.0331381
0  -0.998646 -0.0370706  0.0364944  -0.046131   0.306864  -0.950635  0.0240418  -0.951031  -0.308158  0.0150908   0.339551   0.150753 0.00253127 0.98929 0.250793 0.705429 0.09689
1  -0.991362  -0.118737  0.0556976 -0.0926278   0.333237  -0.938282  0.0928487  -0.935337  -0.341357 0.00141867   0.335231   0.160798 0.00204017 0.993307 0.264246 0.0591566 0.00522612
0  -0.998669 -0.0368027  0.0361432 -0.0457357   0.307726  -0.950375  0.0238541  -0.950763     -0.309  0.0151372   0.339406   0.151035 0.00253634 0.98929 0.125086 0.0585774 0.0968792
1  -0.996648   -0.06793  0.0455915 -0.0645231   0.310056  -0.948526  0.0502975  -0.948288    -0.3134 0.00975941   0.339536   0.151881 0.00196502 0.991968 0.213898 0.207256 0.0653026
1  -0.994538 -0.0932312  0.0469295 -0.0753888   0.330673  -0.940729   0.072187  -0.939129  -0.335896 0.00545339   0.335963   0.159287 0.00196594 0.994645 0.436249 0.142623 0.0330627
1  -0.994496 -0.0939231  0.0464256 -0.0753573   0.333391  -0.939772  0.0727884  -0.938098  -0.338634 0.00533433   0.335511   0.160185 0.00196463 0.994645 0.406601 0.163619 0.0320932
1   -0.99275  -0.108879  0.0509119 -0.0857137   0.344365  -0.934915  0.0842601  -0.932501  -0.351201 0.00313192   0.333372    0.16419 0.00206792 0.991968 0.377141 0.152932 0.0189363
1  -0.994496 -0.0939231  0.0464256 -0.0753573   0.333391  -0.939772  0.0727884  -0.938098  -0.338634 0.00533433   0.335511   0.160185 0.00196462 0.994645 0.338011 0.391268 0.0320932
1   -0.990478   -0.125693   0.0561695  -0.0956509    0.334833    -0.93741   0.0990188   -0.933857   -0.343667 0.000104104    0.334918     0.16144 0.00203063 0.994645 0.272042 0.296405 0.00242078
1  -0.994538 -0.0932312  0.0469295 -0.0753888   0.330673  -0.940729   0.072187  -0.939129  -0.335896 0.00545339   0.335963   0.159287 0.00196595 0.994645 0.29839 0.137869 0.0330627
1   -0.99149   -0.11861  0.0536556 -0.0912138    0.33888  -0.936397  0.0928832  -0.933323  -0.346815 0.00138016   0.334251   0.162652 0.00205917 0.991968 0.299346 0.139083 0.00744959
1   -0.99583 -0.0771273   0.048721 -0.0711113   0.321735  -0.944155  0.0571448  -0.943683  -0.325878 0.00850588   0.337605   0.155905 0.00202797 0.990629 0.378381 0.158161 0.0508992
0  -0.998662 -0.0368469  0.0362738 -0.0458649   0.307381  -0.950481  0.0238724  -0.950873  -0.308659  0.0151327    0.33946   0.150923 0.00253562 0.98929 0.07474 0.050293 0.0969432
1   -0.990478   -0.125693   0.0561695  -0.0956509    0.334833    -0.93741   0.0990188   -0.933856   -0.343667 0.000104114    0.334918     0.16144 0.00203062 0.994645 0.397459 0.231859 0.00242079
1  -0.996648   -0.06793  0.0455915 -0.0645231   0.310056  -0.948526  0.0502975  -0.948288    -0.3134 0.00975941   0.339536   0.151881 0.00196503 0.991968 0.305778 0.36263 0.0653026
1   -0.990478   -0.125693   0.0561694  -0.0956509    0.334833    -0.93741   0.0990188   -0.933856   -0.343667 0.000104112    0.334918     0.16144 0.00203062 0.994645 0.272671 0.199662 0.00242078
1  -0.994496 -0.0939231  0.0464256 -0.0753574   0.333391  -0.939772  0.0727884  -0.938098  -0.338634 0.00533432   0.335511   0.160185 0.00196462 0.994645 0.41847 0.474331 0.0320932
1   -0.990478   -0.125693   0.0561695  -0.0956509    0.334833    -0.93741   0.0990188   -0.933856   -0.343667 0.000104111    0.334918     0.16144 0.00203062 0.994645 0.372903 0.513905 0.0024208
1   -0.99584 -0.0770945  0.0485767 -0.0709398   0.321341  -0.944303  0.0571909   -0.94382  -0.325473 0.00848426   0.337673   0.155774 0.00202545 0.990629 0.170286 0.0437029 0.0511039
0  -0.998646 -0.0370706  0.0364944  -0.046131   0.306864  -0.950635  0.0240417  -0.951031  -0.308158  0.0150908   0.339551   0.150753 0.00253127 0.98929 0.0969052 0.67868 0.09689
1  -0.994496 -0.0939231  0.0464256 -0.0753573   0.333391  -0.939772  0.0727884  -0.938098  -0.338634 0.00533433   0.335511   0.160185 0.00196462 0.994645 0.329758 0.345924 0.0320932
1  -0.994496 -0.0939231  0.0464256 -0.0753573   0.333391  -0.939772  0.0727884  -0.938098  -0.338634 0.00533433   0.335511   0.160185 0.00196463 0.994645 0.519204 0.924692 0.0320932
1  -0.991947  -0.113544  0.0561147 -0.0910051   0.330832  -0.939291  0.0880866  -0.936834  -0.338501 0.00224765   0.335728   0.159839 0.00201493 0.993307 0.274979 0.0832324 0.0111381
1  -0.996648   -0.06793  0.0455915 -0.0645231   0.310056  -0.948526  0.0502975  -0.948288    -0.3134  0.0097594   0.339536   0.151881 0.00196503 0.991968 0.0780571 0.0891191 0.0653026
1  -0.996648   -0.06793  0.0455915 -0.0645231   0.310056  -0.948526  0.0502975  -0.948288    -0.3134 0.00975941   0.339536   0.151881 0.00196503 0.991968 0.211452 0.208884 0.0653026
1  -0.996648   -0.06793  0.0455915 -0.0645231   0.310056  -0.948526  0.0502975  -0.948288  -0.313399  0.0097594   0.339536   0.151881 0.00196503 0.991968 0.169608 0.170341 0.0653027
1   -0.990472    -0.12573   0.0561885  -0.0956905    0.334917   -0.937376   0.0990375   -0.933822   -0.343757 0.000101049    0.334903    0.161471 0.00203138 0.994645 0.269093 0.133656 0.00247748
1  -0.996653 -0.0678717  0.0455695 -0.0644849   0.310075  -0.948523  0.0502479  -0.948286  -0.313413 0.00976977   0.339534   0.151879 0.00196441 0.991968 0.328154 0.230457 0.0653508
0  -0.998669 -0.0368027  0.0361433 -0.0457357   0.307726  -0.950375  0.0238542  -0.950763     -0.309  0.0151372   0.339406   0.151035 0.00253634 0.98929 0.143044 0.0883212 0.0968792
