1  0.981566 -0.186806 0.0403856 -0.103758 -0.698304 -0.708241  0.160505  0.690995 -0.704815 -0.178735 -0.727091   1.03588 0.00212818 0.909651 0.177811 1.27637 0.0595706
1  0.981547 -0.186905 0.0403972 -0.103794 -0.698184 -0.708355    0.1606  0.691091   -0.7047 -0.178849 -0.727243   1.03576 0.00213063 0.909651 0.153964 1.80141 0.0595533
1   0.987389  -0.154796  0.0331901 -0.0866049  -0.703636  -0.705263   0.132526   0.693494  -0.708169  -0.143859  -0.728831    1.03966 0.00209583 0.909651 0.084139 1.01478 0.100174
1  0.991009 -0.131542 0.0244404 -0.075511 -0.700698 -0.709451  0.110448  0.701227 -0.704331 -0.115662 -0.739185   1.03542 0.00212626 0.895277 0.154243 1.13739 0.13816
1  0.981547 -0.186905 0.0403972 -0.103794 -0.698184 -0.708355    0.1606  0.691091   -0.7047 -0.178849 -0.727243   1.03576 0.00213064 0.909651 0.0796987 1.04087 0.0595532
1  0.981345 -0.188227 0.0391455 -0.105512 -0.697506 -0.708769  0.160713  0.691416 -0.704354 -0.178649 -0.727837   1.03539 0.00215783 0.909651 0.182516 1.55845 0.0594341
1  0.991171 -0.130259 0.0247516 -0.074295 -0.700245 -0.710026  0.109819  0.701918 -0.703741 -0.115096 -0.740198   1.03476 0.00208671 0.89117 0.184403 1.28073 0.139678
1   0.991163  -0.130327  0.0247153 -0.0743376  -0.700039  -0.710224   0.109863   0.702111  -0.703541  -0.115142  -0.740488    1.03454 0.00208962 0.89117 0.21253 1.05691 0.139721
1   0.991008  -0.131553  0.0244279 -0.0755268  -0.700694  -0.709453   0.110447   0.701229  -0.704329  -0.115652  -0.739188    1.03542 0.00212708 0.895277 -0.000236041 0.911063 0.138163
1  0.988214 -0.149027 0.0349789 -0.081503  -0.70566 -0.703848  0.129575  0.692701 -0.709489 -0.141059 -0.727304   1.04109 0.00209649 0.913758 0.257405 1.38507 0.105089
1  0.981569 -0.186764 0.0405112 -0.103592 -0.698116 -0.708451  0.160595  0.691197 -0.704596 -0.178875 -0.727396   1.03564 0.0021339 0.909651 0.129086 0.836432 0.0597011
1   0.987466  -0.154292  0.0332304 -0.0862703  -0.703961   -0.70498   0.132166   0.693277  -0.708448  -0.143468  -0.728477    1.03996 0.00208782 0.909651 -0.0848717 1.05426 0.100632
1  0.981547 -0.186905 0.0403972 -0.103794 -0.698184 -0.708355    0.1606  0.691091   -0.7047 -0.178849 -0.727243   1.03576 0.00213062 0.909651 0.236421 1.10891 0.0595533
1  0.981683  -0.18632 0.0397772 -0.103076 -0.694999 -0.711584  0.160228   0.69445 -0.701474 -0.178488 -0.732296   1.03219 0.00215862 0.905544 0.0303214 0.952586 0.0634894
1  0.981547 -0.186905 0.0403972 -0.103794 -0.698184 -0.708355    0.1606  0.691091   -0.7047 -0.178849 -0.727243   1.03576 0.00213062 0.909651 0.120999 1.05367 0.0595532
1  0.975069  -0.21716 0.0456268  -0.12144 -0.694316  -0.70935  0.185722  0.686124 -0.703378 -0.209437 -0.721995    1.0342 0.00216889 0.895277 0.255444 1.05924 0.0390995
1  0.981547 -0.186905 0.0403972 -0.103794 -0.698184 -0.708355    0.1606  0.691091   -0.7047 -0.178849 -0.727243   1.03576 0.00213066 0.909651 0.160161 0.995584 0.0595533
1   0.991163  -0.130327  0.0247153 -0.0743376  -0.700039  -0.710224   0.109863   0.702111  -0.703541  -0.115142  -0.740488    1.03454 0.00208961 0.89117 0.116944 1.07136 0.139721
1   0.987815  -0.151961  0.0336182 -0.0845904  -0.705533  -0.703611    0.13064   0.692193   -0.70979  -0.141811  -0.726712    1.04141 0.00211044 0.913758 0.140832 1.04368 0.102678
1   0.990463  -0.136056  0.0217006 -0.0803738  -0.698518  -0.711064   0.111903   0.702539  -0.702792  -0.116592  -0.741361    1.03374 0.00215558 0.895277 0.237621 0.83293 0.13603
1  0.981547 -0.186905 0.0403972 -0.103794 -0.698184 -0.708355    0.1606  0.691091   -0.7047 -0.178849 -0.727243   1.03576 0.00213064 0.909651 0.179072 1.11019 0.0595533
1  0.981476 -0.187315 0.0402369 -0.104081 -0.697624 -0.708864  0.160851  0.691545 -0.704197 -0.179121 -0.727948   1.03521 0.00214262 0.909651 0.0352696 0.939104 0.0596634
1   0.986626   -0.15998  0.0312262 -0.0904987  -0.696973  -0.711364   0.135568   0.699024   -0.70213  -0.147023  -0.737495      1.033 0.00204516 0.895277 0.158094 1.08709 0.098945
1  0.981566 -0.186806 0.0403857 -0.103758 -0.698305 -0.708241  0.160505  0.690995 -0.704815 -0.178735 -0.727091   1.03588 0.00212821 0.909651 0.0855773 1.01537 0.0595706
1   0.990349  -0.136559  0.0236772 -0.0796897  -0.700828  -0.708865   0.113396   0.700137  -0.704947  -0.118711  -0.737743    1.03613 0.00210907 0.897331 0.117247 1.02777 0.132578
1    0.99123  -0.130591   0.020201 -0.0763331  -0.690639   -0.71916   0.107868   0.711311  -0.694551  -0.112073  -0.754222    1.02461 0.00210706 0.880903 0.162414 1.02596 0.148974
1  0.981566 -0.186806 0.0403856 -0.103758 -0.698305 -0.708241  0.160505  0.690995 -0.704815 -0.178735 -0.727091   1.03588 0.00212819 0.909651 0.215261 1.08493 0.0595706
1   0.986675  -0.159529  0.0319929 -0.0906062  -0.702048  -0.706342   0.135142   0.694031  -0.707147   -0.14642   -0.72996    1.03852 0.00212801 0.907598 0.164476 0.970115 0.0961117
1  0.981547 -0.186905 0.0403972 -0.103794 -0.698184 -0.708355    0.1606  0.691091   -0.7047 -0.178849 -0.727243   1.03576 0.00213063 0.909651 0.177833 1.01188 0.0595533
1  0.991009 -0.131542 0.0244404 -0.075511 -0.700698 -0.709451  0.110448  0.701227 -0.704331 -0.115662 -0.739185   1.03542 0.00212626 0.895277 0.195036 0.85828 0.13816
1  0.981566 -0.186806 0.0403857 -0.103758 -0.698304 -0.708241  0.160505  0.690995 -0.704815 -0.178735 -0.727091   1.03588 0.0021282 0.909651 0.0991457 0.984282 0.0595707
1   0.987907  -0.151212  0.0342853 -0.0836921   -0.70619  -0.703058   0.130523   0.691686  -0.710305  -0.141869  -0.725914    1.04198 0.00209249 0.913758 0.0970549 1.08508 0.102859
1   0.990255  -0.137658  0.0211096 -0.0820138  -0.698923  -0.710479   0.112557   0.701824  -0.703401  -0.117103  -0.740331     1.0344 0.00213383 0.895277 0.196927 1.0889 0.134411
1  0.981547 -0.186905 0.0403972 -0.103794 -0.698184 -0.708355    0.1606  0.691091   -0.7047 -0.178849 -0.727243   1.03576 0.00213064 0.909651 0.0487122 1.0107 0.0595533
1   0.991157  -0.130211  0.0255381 -0.0737471  -0.700565  -0.709768    0.11031   0.701608  -0.703973  -0.115934  -0.739775    1.03501 0.00208304 0.89117 0.157137 1.12774 0.138879
1  0.987942 -0.151306 0.0328086 -0.084909 -0.706711 -0.702388  0.129462  0.691133 -0.711037 -0.140059 -0.725141   1.04276 0.00206001 0.909651 0.0603892 1.06478 0.103995
1   0.991313  -0.130217  0.0184689 -0.0773291  -0.690669  -0.719025   0.106385   0.711351  -0.694739  -0.109741   -0.75435    1.02483 0.00202266 0.87269 0.272906 1.7462 0.150999
1   0.987835  -0.151923  0.0331776 -0.0851565  -0.707022  -0.702046   0.130114   0.690681  -0.711358  -0.140885  -0.724506    1.04311 0.00205656 0.909651 0.105854 1.03663 0.102875
1   0.988214  -0.149027   0.034979 -0.0815031   -0.70566  -0.703848   0.129576   0.692701  -0.709489  -0.141059  -0.727304    1.04109 0.00209649 0.913758 0.103655 0.823519 0.105089
1   0.986707   -0.15897  0.0337464 -0.0892587  -0.703658   -0.70491   0.135805   0.692527  -0.708494  -0.147759  -0.727719    1.04001 0.00213464 0.909651 0.198337 0.958803 0.0946137
1  0.981085 -0.189824 0.0379264 -0.106964 -0.694906 -0.711101   0.16134  0.693594 -0.702066 -0.179201 -0.731179   1.03285 0.00219174 0.907598 0.249388 1.13067 0.0608657
1    0.98755  -0.155215  0.0255574 -0.0894572  -0.687785  -0.720381   0.129392   0.709126  -0.693108  -0.139001   -0.75236    1.02304 0.00211638 0.887064 0.240683 1.51125 0.116792
1  0.981566 -0.186806 0.0403856 -0.103758 -0.698305 -0.708241  0.160505  0.690995 -0.704815 -0.178735 -0.727091   1.03588 0.00212818 0.909651 0.0560229 1.10845 0.0595706
1   0.988146  -0.149574   0.034572 -0.0821644  -0.705513  -0.703918   0.129679   0.692733   -0.70944  -0.141087  -0.727373    1.04103 0.00209575 0.913758 0.195149 0.909919 0.10477
1   0.991242  -0.129128  0.0276601 -0.0720555   -0.70439  -0.706146   0.110667   0.697969  -0.707526   -0.11701  -0.734323    1.03891 0.00222448 0.905544 0.102741 1.07095 0.13676
1    0.98777  -0.153889   0.025079 -0.0884084  -0.685275  -0.722898   0.128432    0.71184  -0.690499  -0.137935  -0.756244    1.02011 0.00207523 0.882957 0.234704 1.01261 0.121259
1   0.991255  -0.129398  0.0258906 -0.0732376  -0.702647  -0.707759   0.109775   0.699674  -0.705979  -0.115331   -0.73685    1.03721 0.00217686 0.899384 0.121532 0.999095 0.138723
1  0.981924 -0.184902 0.0404547 -0.101592 -0.695195 -0.711606  0.159701  0.694633 -0.701414 -0.178104 -0.732459   1.03213 0.00214259 0.905544 0.0272591 1.15175 0.0644389
1  0.981566 -0.186806 0.0403857 -0.103758 -0.698305 -0.708241  0.160505  0.690995 -0.704815 -0.178735 -0.727091   1.03588 0.00212818 0.909651 -0.000451544 0.954709 0.0595706
1   0.990256   -0.13675  0.0263008 -0.0782835  -0.702856  -0.707011    0.11517   0.698063  -0.706713  -0.121507  -0.734719    1.03804 0.00211992 0.899384 0.0970133 0.983849 0.129148
1   0.987852  -0.151567  0.0342894 -0.0839729  -0.706317  -0.702897   0.130755   0.691479  -0.710464  -0.142143  -0.725629    1.04216 0.00209156 0.913758 0.171247 0.814336 0.10238
1   0.986439  -0.160828  0.0327532 -0.0913648   -0.70385  -0.704449   0.136348   0.691903  -0.708999  -0.147793  -0.726854    1.04053 0.00210729 0.907598 0.0541758 1.13286 0.0933199
1  0.988214 -0.149027  0.034979 -0.081503  -0.70566 -0.703848  0.129575  0.692701 -0.709489 -0.141059 -0.727304   1.04109 0.00209647 0.913758 0.067025 1.7683 0.105089
0   0.994621  -0.101705  0.0196221 -0.0580905  -0.704549  -0.707274  0.0857581    0.70233  -0.706667 -0.0856834  -0.739597    1.03787 0.0022702 0.893224 0.137545 1.28526 0.178612
1  0.987942 -0.151306 0.0328086 -0.084909 -0.706712 -0.702388  0.129462  0.691133 -0.711037 -0.140059 -0.725141   1.04276 0.00206 0.909651 0.176381 0.886714 0.103995
1   0.991163  -0.130327  0.0247153 -0.0743375   -0.70004  -0.710224   0.109863   0.702111  -0.703541  -0.115142  -0.740488    1.03454 0.00208961 0.89117 0.223738 0.985652 0.139721
1     0.9874   -0.15472  0.0332072 -0.0865278   -0.70359  -0.705319   0.132491   0.693558  -0.708112  -0.143835  -0.728921     1.0396 0.00209515 0.909651 0.129438 0.931571 0.100264
1  0.981786 -0.185661 0.0403327 -0.102443 -0.696094 -0.710605  0.160007   0.69353 -0.702434 -0.178335 -0.730838   1.03325 0.0021818 0.909651 0.142546 0.917398 0.0627882
1  0.981547 -0.186905 0.0403972 -0.103794 -0.698184 -0.708355    0.1606  0.691091   -0.7047 -0.178849 -0.727243   1.03576 0.00213064 0.909651 0.165944 1.15869 0.0595533
1  0.981924 -0.184902 0.0404547 -0.101592 -0.695196 -0.711605  0.159701  0.694633 -0.701414 -0.178104 -0.732459   1.03213 0.0021426 0.905544 0.133906 1.05142 0.0644388
1    0.99102   -0.13215  0.0203853 -0.0781626   -0.69623  -0.713551   0.108489    0.70555  -0.700307   -0.11247  -0.745777    1.03098 0.00221239 0.89117 0.13266 1.28009 0.143275
1  0.988907 -0.144979 0.0323252 -0.080833 -0.707828 -0.701745  0.124619  0.691347 -0.711695 -0.134354 -0.725124   1.04348 0.00210444 0.911704 0.162715 0.767283 0.11198
1   0.991247  -0.129498  0.0256911 -0.0732175  -0.701154   -0.70924   0.109858   0.701151  -0.704498  -0.115428  -0.739055    1.03558 0.00207725 0.89117 0.245053 1.03644 0.139383
1  0.981807 -0.185511 0.0405101 -0.102201  -0.69608 -0.710653  0.160032  0.693584 -0.702375 -0.178432 -0.730897   1.03319 0.00217653 0.909651 0.167259 1.16861 0.0628516
1  0.975067 -0.216259 0.0497678   -0.1186 -0.697397 -0.706803  0.187561  0.683278 -0.705657 -0.212604 -0.717785   1.03665 0.00222452 0.899384 0.207577 1.09564 0.0368298
1   0.98644 -0.160765 0.0330187 -0.090201  -0.69914 -0.709272  0.137111  0.696676 -0.704161 -0.149307 -0.734073   1.03524 0.002053 0.897331 0.133246 1.22216 0.0951207
1   0.990673  -0.134132   0.023986 -0.0778786  -0.701819  -0.708086   0.111811   0.699614  -0.705719   -0.11695   -0.73683    1.03697 0.00213296 0.899384 0.0822126 0.930332 0.134912
1  0.987884 -0.151354   0.03431 -0.083745 -0.706016 -0.703227  0.130659  0.691833 -0.710137 -0.142029 -0.726141    1.0418 0.0020954 0.913758 0.177821 1.54382 0.102712
1   0.991163  -0.130327  0.0247152 -0.0743376  -0.700039  -0.710224   0.109863   0.702111  -0.703541  -0.115142  -0.740488    1.03454 0.00208959 0.89117 0.15146 1.02803 0.139722
1   0.991163  -0.130327  0.0247153 -0.0743376  -0.700039  -0.710224   0.109863   0.702111  -0.703541  -0.115142  -0.740488    1.03454 0.00208962 0.89117 0.156626 0.966362 0.139722
1   0.991196  -0.129344  0.0283051 -0.0714512  -0.702504  -0.708084   0.111471   0.699827  -0.705561  -0.118268  -0.737069    1.03678 0.00223352 0.905544 0.11105 0.966402 0.13656
1  0.987942 -0.151306 0.0328086 -0.084909 -0.706712 -0.702388  0.129462  0.691133 -0.711038 -0.140059 -0.725141   1.04276 0.00206001 0.909651 0.166331 1.02217 0.103995
1  0.981547 -0.186905 0.0403972 -0.103794 -0.698184 -0.708355    0.1606  0.691091   -0.7047 -0.178849 -0.727243   1.03576 0.00213062 0.909651 0.213025 1.03878 0.0595533
1   0.991276  -0.129247  0.0258345 -0.0731892  -0.702777  -0.707635   0.109616   0.699571  -0.706106  -0.115128  -0.736688    1.03735 0.00217546 0.899384 0.089781 0.949517 0.138912
1   0.987338  -0.155096   0.033301 -0.0867031  -0.703423  -0.705464   0.132839   0.693644  -0.707963  -0.144286  -0.729085    1.03943 0.00210238 0.909651 0.0245092 1.31173 0.0997764
1  0.981566 -0.186806 0.0403856 -0.103758 -0.698305 -0.708241  0.160505  0.690995 -0.704815 -0.178735 -0.727091   1.03588 0.0021282 0.909651 0.17606 1.09303 0.0595706
1   0.991216  -0.129732  0.0256994 -0.0733381  -0.700888  -0.709491   0.110056   0.701374  -0.704246  -0.115655  -0.739394     1.0353 0.00207988 0.89117 0.0987432 0.928812 0.139206
1  0.981566 -0.186806 0.0403857 -0.103758 -0.698304 -0.708241  0.160505  0.690995 -0.704815 -0.178735 -0.727091   1.03588 0.00212818 0.909651 0.136463 0.984327 0.0595706
1  0.981547 -0.186905 0.0403972 -0.103794 -0.698184 -0.708355    0.1606   0.69109   -0.7047 -0.178849 -0.727243   1.03576 0.00213065 0.909651 0.165448 1.39188 0.0595532
1   0.991163  -0.130327  0.0247153 -0.0743375  -0.700039  -0.710224   0.109863   0.702111  -0.703541  -0.115142  -0.740488    1.03454 0.00208961 0.89117 0.196004 1.23538 0.139721
1  0.981964 -0.184712 0.0403625 -0.101549 -0.695323 -0.711487  0.159485  0.694556 -0.701539 -0.177827 -0.732331   1.03226 0.00214011 0.905544 0.108578 1.03414 0.0645666
1    0.99077  -0.132682  0.0277649 -0.0746355  -0.704924  -0.705345   0.113158   0.696762   -0.70832  -0.119775  -0.732645    1.03981 0.00219098 0.905544 0.185697 1.21764 0.132104
1  0.981566 -0.186806 0.0403856 -0.103758 -0.698304 -0.708241  0.160505  0.690995 -0.704815 -0.178735 -0.727091   1.03588 0.00212819 0.909651 0.13803 1.0118 0.0595707
1   0.986844  -0.158355  0.0326112 -0.0894458  -0.702759  -0.705783   0.134682    0.69358  -0.707678  -0.146056  -0.729209    1.03911 0.00214106 0.909651 0.213694 0.948454 0.0967246
1   0.987741  -0.152448  0.0335643 -0.0849653  -0.705432  -0.703667    0.13095   0.692189  -0.709737   -0.14216  -0.726736    1.04136 0.00211205 0.913758 0.110137 0.85071 0.102145
1   0.986626   -0.15998  0.0312263 -0.0904987  -0.696973  -0.711363   0.135568   0.699024   -0.70213  -0.147023  -0.737495      1.033 0.00204516 0.895277 0.0839844 0.945957 0.0989449
1  0.981566 -0.186806 0.0403857 -0.103758 -0.698304 -0.708241  0.160505  0.690995 -0.704815 -0.178735 -0.727091   1.03588 0.00212819 0.909651 0.1783 0.853156 0.0595706
1   0.991212   -0.12929  0.0279805 -0.0714131  -0.701047   -0.70953   0.111351   0.701296   -0.70412  -0.118129  -0.739243    1.03519 0.0021573 0.899384 0.0642596 1.21848 0.137505
1  0.981566 -0.186806 0.0403856 -0.103758 -0.698305 -0.708241  0.160505  0.690995 -0.704815 -0.178735 -0.727091   1.03588 0.00212819 0.909651 0.0587387 1.05867 0.0595706
1   0.987839  -0.151878  0.0332735 -0.0850204  -0.706834  -0.702252   0.130176   0.690883  -0.711151  -0.140991  -0.724795    1.04289 0.0020558 0.909651 0.227581 0.880725 0.102879
1   0.986417  -0.160967  0.0327385 -0.0915486  -0.704215   -0.70406   0.136385     0.6915  -0.709385  -0.147804  -0.726278    1.04095 0.00210815 0.907598 0.0887496 0.901972 0.0930658
1   0.991157  -0.130211  0.0255381 -0.0737471  -0.700565  -0.709768    0.11031   0.701608  -0.703973  -0.115934  -0.739775    1.03501 0.00208305 0.89117 0.082513 1.1039 0.138879
