1  0.981566 -0.186806 0.0403856 -0.103758 -0.698304 -0.708241  0.160505  0.690995 -0.704815 -0.178735 -0.727091   1.03588 0.00212818 0.909651 0.177812 0.115641 0.0595707
0   0.994306  -0.104909  0.0186808 -0.0606189  -0.701056  -0.710525  0.0876367   0.705347  -0.703424 -0.0877631  -0.744155    1.03433 0.00226348 0.89117 0.1898 0.251744 0.176601
1   0.986675  -0.159529  0.0319928 -0.0906062  -0.702048  -0.706342   0.135142   0.694031  -0.707147   -0.14642   -0.72996    1.03852 0.00212797 0.907598 0.070094 0.122624 0.0961118
1   0.991163  -0.130327  0.0247153 -0.0743376   -0.70004  -0.710224   0.109863   0.702111  -0.703541  -0.115142  -0.740488    1.03454 0.0020896 0.89117 0.168827 0.0993694 0.139722
1  0.981566 -0.186806 0.0403857 -0.103758 -0.698304 -0.708241  0.160505  0.690995 -0.704815 -0.178735 -0.727091   1.03588 0.00212819 0.909651 0.0807575 0.121227 0.0595706
1  0.975069  -0.21716 0.0456267  -0.12144 -0.694316  -0.70935  0.185722  0.686124 -0.703378 -0.209437 -0.721995    1.0342 0.00216891 0.895277 0.178318 0.207205 0.0390996
1   0.991174  -0.130242  0.0247295 -0.0742794  -0.700123  -0.710148   0.109805   0.702043  -0.703618  -0.115078   -0.74038    1.03463 0.0020881 0.89117 0.183858 0.0968093 0.139774
0   0.997998 -0.0622352  0.0112547 -0.0361628  -0.707533  -0.705754  0.0518858   0.703934  -0.708367 -0.0439866  -0.740622     1.0396 0.00251251 0.88501 0.199251 0.173552 0.235289
1   0.990271  -0.136906  0.0249042 -0.0793222  -0.702421  -0.707328   0.114331   0.698471  -0.706447   -0.12015  -0.735317    1.03777 0.00211703 0.899384 0.202202 0.0734172 0.130362
1   0.991163  -0.130327  0.0247153 -0.0743376   -0.70004  -0.710224   0.109863   0.702111  -0.703541  -0.115142  -0.740488    1.03454 0.00208959 0.89117 0.0173913 0.150175 0.139722
1   0.985667  -0.166148  0.0292654 -0.0945416  -0.687661   -0.71985   0.139726   0.706765  -0.693512  -0.151682  -0.749499    1.02353 0.00201638 0.882957 0.13283 0.14853 0.101417
0   0.994639  -0.101506  0.0197273 -0.0578775  -0.704585  -0.707256  0.0856902   0.702322  -0.706683 -0.0856273  -0.739586    1.03788 0.00224192 0.89117 0.205893 0.125213 0.178763
1   0.988161  -0.149443  0.0347053 -0.0819711  -0.705497  -0.703956   0.129686   0.692777  -0.709395  -0.141135  -0.727427    1.04099 0.00209417 0.913758 0.174479 0.193958 0.104825
1  0.991042 -0.131896 0.0209432 -0.077022  -0.69261 -0.717188  0.109099  0.709151 -0.696565 -0.113597 -0.751064   1.02681 0.00213765 0.88501 0.42314 0.168014 0.145322
1  0.981566 -0.186806 0.0403856 -0.103758 -0.698305 -0.708241  0.160505  0.690995 -0.704815 -0.178735 -0.727091   1.03588 0.0021282 0.909651 0.131414 0.10231 0.0595707
1   0.991144  -0.129871  0.0277066 -0.0719437  -0.700524  -0.709993   0.111617   0.701712  -0.703664  -0.118332  -0.739892    1.03469 0.00216997 0.899384 -0.127558 0.0833306 0.137279
1  0.981566 -0.186806 0.0403856 -0.103758 -0.698305 -0.708241  0.160505  0.690995 -0.704815 -0.178735 -0.727091   1.03588 0.00212819 0.909651 0.122094 0.170367 0.0595706
1  0.981566 -0.186806 0.0403856 -0.103758 -0.698304 -0.708241  0.160505  0.690995 -0.704815 -0.178735 -0.727091   1.03588 0.00212818 0.909651 0.237296 0.0744287 0.0595707
1  0.981197 -0.188705 0.0405328 -0.105016  -0.69816 -0.708197  0.161939  0.690625  -0.70485 -0.180479 -0.726681   1.03592 0.00217192 0.911704 0.024344 0.0483469 0.0575287
0   0.994136  -0.107067  0.0152049 -0.0640222  -0.696019  -0.715164  0.0871534   0.709996  -0.698792 -0.0862262  -0.751117    1.02926 0.00220416 0.880903 0.165486 0.16367 0.179455
1  0.981566 -0.186806 0.0403856 -0.103758 -0.698305 -0.708241  0.160505  0.690995 -0.704815 -0.178735 -0.727091   1.03588 0.00212819 0.909651 0.122001 0.131862 0.0595706
1  0.981325 -0.188377 0.0389368 -0.105614 -0.696818  -0.70943  0.160772  0.692069   -0.7037 -0.178712 -0.728803   1.03467 0.00216852 0.909651 0.255571 0.100699 0.0599798
0   0.995355 -0.0941698  0.0200085 -0.0529334  -0.708925  -0.703294  0.0804137   0.698968  -0.710617 -0.0796086  -0.734334    1.04218 0.0022647 0.895277 0.107325 0.0510943 0.18659
1   0.991163  -0.130327  0.0247152 -0.0743376  -0.700039  -0.710224   0.109863   0.702111  -0.703541  -0.115142  -0.740488    1.03454 0.00208961 0.89117 0.116942 0.142 0.139722
0   0.994621  -0.101705  0.0196221 -0.0580905  -0.704549  -0.707274  0.0857581    0.70233  -0.706667 -0.0856834  -0.739597    1.03787 0.00227018 0.893224 0.0758 0.0804272 0.178612
0   0.995145 -0.0963591  0.0200306 -0.0546423  -0.710215  -0.701861  0.0818567   0.697359  -0.712033  -0.081259  -0.731958    1.04374 0.00236294 0.905544 0.17165 0.195001 0.183577
1   0.991313  -0.130217  0.0184688 -0.0773291  -0.690669  -0.719025   0.106385   0.711351  -0.694739  -0.109741   -0.75435    1.02483 0.00202264 0.87269 0.284639 0.0764437 0.150999
1  0.969415 -0.237636 0.0613509 -0.128289 -0.703746 -0.698773  0.209229  0.669531 -0.712707 -0.240789 -0.698802   1.04422 0.00255756 0.913758 0.0145797 0.0873844 0.0543072
1  0.991237 -0.130652 0.0194845 -0.077236 -0.692891 -0.716894  0.107164  0.709107  -0.69691 -0.110862  -0.75103   1.02724 0.00208099 0.87885 0.243832 0.15071 0.147994
1  0.981786 -0.185661 0.0403327 -0.102443 -0.696094 -0.710605  0.160007   0.69353 -0.702434 -0.178335 -0.730838   1.03325 0.00218181 0.909651 0.234278 0.256527 0.0627882
1   0.991163  -0.130327  0.0247153 -0.0743376  -0.700039  -0.710224   0.109863   0.702111  -0.703541  -0.115142  -0.740488    1.03454 0.00208962 0.89117 0.0591335 0.131803 0.139722
0   0.994306  -0.104909  0.0186808 -0.0606189  -0.701056  -0.710525  0.0876367   0.705347  -0.703424 -0.0877631  -0.744155    1.03433 0.00226346 0.89117 0.068231 0.114761 0.176601
1   0.990348  -0.136617  0.0233935 -0.0798677  -0.700417  -0.709252   0.113281   0.700537  -0.704567  -0.118503  -0.738326    1.03571 0.00211221 0.897331 0.182342 0.109935 0.132943
1   0.985837   -0.16496  0.0302236 -0.0933586  -0.689524  -0.718221   0.139317   0.705227  -0.695158  -0.151408  -0.747104    1.02535 0.00205213 0.887064 0.118264 0.067261 0.100123
1   0.991008  -0.131553  0.0244279 -0.0755268  -0.700694  -0.709453   0.110447   0.701229  -0.704329  -0.115652  -0.739188    1.03542 0.00212709 0.895277 0.109705 0.0348181 0.138163
0   0.994246  -0.106013  0.0153452 -0.0631895  -0.696139   -0.71512  0.0864943   0.710036  -0.698833 -0.0855353   -0.75106    1.02932 0.00223977 0.88501 0.109663 0.0704014 0.180542
1  0.969291 -0.238149  0.061312 -0.128642 -0.703528 -0.698927  0.209584  0.669577  -0.71256 -0.241173 -0.698916   1.04406 0.00250321 0.909651 0.0479247 0.219356 0.0546985
1  0.981566 -0.186806 0.0403857 -0.103758 -0.698305 -0.708241  0.160505  0.690995 -0.704815 -0.178735 -0.727091   1.03588 0.00212819 0.909651 0.215258 0.108696 0.0595706
1   0.991163  -0.130327  0.0247153 -0.0743376   -0.70004  -0.710224   0.109863   0.702111  -0.703541  -0.115142  -0.740488    1.03454 0.0020896 0.89117 0.179556 0.152602 0.139721
1  0.981547 -0.186905 0.0403972 -0.103794 -0.698184 -0.708355    0.1606  0.691091   -0.7047 -0.178849 -0.727243   1.03576 0.00213063 0.909651 0.149917 0.120412 0.0595533
1   0.985606  -0.166535  0.0291111 -0.0950307  -0.688159   -0.71931   0.139823   0.706189  -0.694079    -0.1517  -0.748679    1.02414 0.00201504 0.882957 0.168731 0.173413 0.100557
1   0.987821  -0.151911  0.0336472 -0.0845412  -0.705577  -0.703572   0.130621   0.692159  -0.709827  -0.141796  -0.726657    1.04145 0.00210904 0.913758 0.186163 0.0704904 0.102702
1   0.985667  -0.166148  0.0292654 -0.0945416  -0.687661   -0.71985   0.139726   0.706766  -0.693512  -0.151682  -0.749499    1.02353 0.00201639 0.882957 0.236633 0.0731473 0.101417
1   0.991163  -0.130327  0.0247153 -0.0743376  -0.700039  -0.710224   0.109863   0.702111  -0.703541  -0.115142  -0.740488    1.03454 0.00208961 0.89117 0.115481 0.11797 0.139721
0   0.994557  -0.102453  0.0189917 -0.0590019  -0.703961  -0.707784  0.0858838   0.702811  -0.706174 -0.0856729  -0.740296    1.03734 0.00222975 0.89117 0.128146 0.190478 0.17841
1    0.98644  -0.160765  0.0330187 -0.0902011   -0.69914  -0.709272   0.137111   0.696676  -0.704161  -0.149307  -0.734073    1.03524 0.00205301 0.897331 0.114094 0.0607767 0.0951207
1  0.975069  -0.21716 0.0456267  -0.12144 -0.694316  -0.70935  0.185722  0.686124 -0.703378 -0.209437 -0.721995    1.0342 0.0021689 0.895277 0.183728 0.125346 0.0390995
1   0.991157  -0.130211  0.0255381 -0.0737471  -0.700565  -0.709768   0.110311   0.701608  -0.703973  -0.115934  -0.739775    1.03501 0.00208306 0.89117 0.0699522 0.153324 0.138879
0   0.994306  -0.104909  0.0186808 -0.0606189  -0.701056  -0.710525  0.0876366   0.705347  -0.703424 -0.0877631  -0.744155    1.03433 0.00226345 0.89117 0.0841387 0.0994497 0.176601
1   0.991163  -0.130327  0.0247153 -0.0743376  -0.700039  -0.710224   0.109863   0.702111  -0.703541  -0.115142  -0.740488    1.03454 0.00208959 0.89117 0.0468996 0.137633 0.139722
0   0.997429 -0.0713681 0.00649589 -0.0456938   -0.70319  -0.709532  0.0552058   0.707411  -0.704644 -0.0463352  -0.745983    1.03551 0.00232272 0.870637 0.165041 0.184247 0.229604
1   0.986338  -0.161551   0.032223 -0.0921683  -0.703321  -0.704872   0.136536   0.692273  -0.708602  -0.147874  -0.727437     1.0401 0.00211404 0.907598 0.0808634 0.0574926 0.0930717
1   0.991163  -0.130327  0.0247153 -0.0743376   -0.70004  -0.710224   0.109863   0.702111  -0.703541  -0.115142  -0.740488    1.03454 0.0020896 0.89117 0.106602 0.151307 0.139721
1  0.981476 -0.187314 0.0402369 -0.104081 -0.697624 -0.708864  0.160851  0.691545 -0.704197 -0.179121 -0.727948   1.03521 0.00214263 0.909651 0.189934 0.158939 0.0596635
1   0.984331  -0.173494  0.0314982 -0.0974281  -0.684014  -0.722933    0.14697   0.708537    -0.6902  -0.161274  -0.752579    1.01983 0.0020902 0.882957 0.215029 0.0359365 0.0958093
1  0.975064 -0.217036 0.0463229 -0.120885  -0.69448 -0.709284   0.18611  0.685998 -0.703399 -0.210106 -0.721807   1.03419 0.00217556 0.895277 0.254928 0.0684741 0.039063
0   0.994132  -0.107235  0.0142151 -0.0648438  -0.695945  -0.715161   0.086583   0.710043  -0.698815 -0.0853215  -0.751193    1.02927 0.00220913 0.880903 0.207408 0.250816 0.18016
1  0.981924 -0.184902 0.0404547 -0.101592 -0.695195 -0.711606  0.159701  0.694633 -0.701414 -0.178104 -0.732459   1.03213 0.00214258 0.905544 0.0496324 0.0541488 0.0644389
1   0.991163  -0.130327  0.0247153 -0.0743376  -0.700039  -0.710224   0.109863   0.702111  -0.703541  -0.115142  -0.740488    1.03454 0.0020896 0.89117 0.19751 0.145105 0.139722
1  0.991129 -0.130591 0.0246747 -0.074552 -0.700012 -0.710229  0.110022  0.702089 -0.703538 -0.115307 -0.740459   1.03454 0.00208622 0.89117 0.158508 0.0927713 0.139441
1  0.969629 -0.238087 0.0559885 -0.130871 -0.698442 -0.703599  0.206622  0.674902 -0.708389 -0.236674 -0.706766    1.0396 0.00239234 0.899384 0.11776 0.113687 0.0499511
0   0.994176  -0.106124  0.0187739 -0.0609055  -0.696967  -0.714512  0.0889116   0.709207  -0.699372 -0.0893662  -0.749907    1.02988 0.00223058 0.88501 0.0998508 0.119557 0.176891
1   0.987389  -0.154796    0.03319 -0.0866049  -0.703636  -0.705263   0.132526   0.693494  -0.708169  -0.143859  -0.728831    1.03966 0.00209585 0.909651 0.103271 0.245466 0.100174
0     0.999752   -0.0222616 -0.000346556    -0.016204    -0.716857    -0.697032    0.0152686     0.696864     -0.71704   0.00148738    -0.729421      1.04881 0.00291843 0.876797 0.178599 0.181638 0.294912
1  0.981924 -0.184902 0.0404547 -0.101592 -0.695196 -0.711605  0.159701  0.694633 -0.701414 -0.178104 -0.732459   1.03213 0.00214258 0.905544 0.027267 0.0350059 0.0644388
1   0.986374   -0.16132  0.0322674 -0.0919801  -0.703383  -0.704835   0.136401   0.692263  -0.708637  -0.147731  -0.727406    1.04014 0.00211213 0.907598 0.195391 0.214548 0.0932902
0   0.997528 -0.0695578 0.00993956 -0.0419745  -0.703355  -0.709598  0.0563491   0.707427  -0.704537 -0.0486417  -0.745938    1.03544 0.00238864 0.876797 -0.0268562 0.164299 0.228577
1   0.991409  -0.128997  0.0216268 -0.0748739  -0.695288  -0.714821   0.107246    0.70706  -0.698973  -0.111416  -0.747907    1.02951 0.00217493 0.887064 -0.0224284 0.0649541 0.146691
0   0.994401  -0.104525  0.0155286 -0.0624869  -0.700141  -0.711265  0.0852169   0.706312  -0.702753  -0.083971  -0.745578    1.03358 0.00225954 0.887064 0.213377 0.25188 0.180417
1   0.991211  -0.129801   0.025531 -0.0734741   -0.70067  -0.709692   0.110007   0.701579  -0.704049  -0.115566  -0.739694    1.03509 0.00207951 0.89117 0.0291225 0.237178 0.139356
1   0.985606  -0.166535   0.029111 -0.0950307  -0.688159   -0.71931   0.139823   0.706189  -0.694079    -0.1517  -0.748679    1.02414 0.00201504 0.882957 0.141691 0.0710554 0.100557
1   0.990673  -0.134132   0.023986 -0.0778786  -0.701819  -0.708086   0.111811   0.699614  -0.705719   -0.11695   -0.73683    1.03697 0.00213296 0.899384 0.15484 0.0618728 0.134912
1    0.98671    -0.1593  0.0320326 -0.0903988  -0.701983  -0.706433   0.135021   0.694149  -0.707055  -0.146298  -0.730113    1.03842 0.00212641 0.907598 0.0455935 0.10405 0.09638
1   0.991163  -0.130327  0.0247153 -0.0743376  -0.700039  -0.710224   0.109863   0.702111  -0.703541  -0.115142  -0.740488    1.03454 0.00208961 0.89117 0.0700774 0.210014 0.139721
0   0.994176  -0.106124  0.0187739 -0.0609054  -0.696967  -0.714512  0.0889116   0.709207  -0.699372 -0.0893661  -0.749907    1.02988 0.00223058 0.88501 0.152596 0.0961128 0.176891
1   0.991163  -0.130327  0.0247153 -0.0743376   -0.70004  -0.710224   0.109863   0.702111  -0.703541  -0.115142  -0.740488    1.03454 0.00208961 0.89117 0.16454 0.13726 0.139721
1   0.991163  -0.130327  0.0247153 -0.0743376   -0.70004  -0.710224   0.109863   0.702111  -0.703541  -0.115142  -0.740488    1.03454 0.0020896 0.89117 0.223742 0.171494 0.139722
1   0.986675  -0.159529  0.0319928 -0.0906062  -0.702048  -0.706342   0.135142   0.694031  -0.707147   -0.14642   -0.72996    1.03852 0.00212799 0.907598 0.115795 0.0925475 0.0961117
1   0.991163  -0.130327  0.0247153 -0.0743376  -0.700039  -0.710224   0.109863   0.702111  -0.703541  -0.115142  -0.740488    1.03454 0.0020896 0.89117 0.178782 0.123965 0.139721
0   0.994306  -0.104909  0.0186808  -0.060619  -0.701056  -0.710525  0.0876367   0.705347  -0.703424 -0.0877631  -0.744155    1.03433 0.00226347 0.89117 0.113948 0.120179 0.176601
1  0.980414 -0.192626 0.0410232 -0.107843 -0.699373 -0.706574  0.164795  0.688311 -0.706449 -0.183656 -0.723389   1.03766 0.002142 0.911704 0.134149 0.0380322 0.0522863
0   0.994134  -0.107216   0.014216 -0.0649778   -0.69716  -0.713965   0.086459   0.708854  -0.700037 -0.0851419  -0.749426    1.03061 0.00219336 0.880903 0.140122 0.0997188 0.179569
1   0.991163  -0.130327  0.0247153 -0.0743376   -0.70004  -0.710224   0.109863   0.702111  -0.703541  -0.115142  -0.740488    1.03454 0.0020896 0.89117 0.168621 0.157077 0.139721
1   0.991409  -0.128997  0.0216268 -0.0748739  -0.695288  -0.714821   0.107246    0.70706  -0.698973  -0.111416  -0.747907    1.02951 0.00217495 0.887064 0.209542 0.079372 0.146691
0   0.994248  -0.105389  0.0190589 -0.0603633  -0.698437  -0.713121  0.0884665   0.707869  -0.700781 -0.0888943  -0.747898    1.03142 0.00227363 0.889117 0.0597477 0.131575 0.176828
1   0.990704  -0.133825  0.0244231 -0.0769968  -0.699643  -0.710331   0.112147   0.701848  -0.703444  -0.117582  -0.740237    1.03444 0.00214318 0.895277 0.180019 0.0654178 0.135861
0   0.997528 -0.0695579 0.00993956 -0.0419745  -0.703355  -0.709598  0.0563492   0.707427  -0.704537 -0.0486417  -0.745938    1.03544 0.00238865 0.876797 0.14911 0.107166 0.228577
1   0.991335  -0.130013   0.018752 -0.0767541  -0.689166  -0.720527   0.106601   0.712844  -0.693173  -0.110224  -0.756481     1.0231 0.00200849 0.87269 0.287219 0.30649 0.152063
1   0.986375   -0.16121  0.0328055 -0.0905576  -0.698531  -0.709827   0.137347   0.697185  -0.703612  -0.149544  -0.734854    1.03463 0.00202795 0.895277 0.143822 0.0900071 0.0951161
1   0.991163  -0.130327  0.0247153 -0.0743376   -0.70004  -0.710224   0.109863   0.702111  -0.703541  -0.115142  -0.740488    1.03454 0.00208961 0.89117 0.378471 0.196751 0.139721
1   0.984922  -0.170918  0.0267395 -0.0994304  -0.685771  -0.720993   0.141568   0.707464  -0.692426   -0.15304  -0.750785     1.0223 0.00198462 0.87885 0.352656 0.189563 0.0999152
1   0.991163  -0.130327  0.0247153 -0.0743376  -0.700039  -0.710224   0.109863   0.702111  -0.703541  -0.115142  -0.740488    1.03454 0.00208961 0.89117 0.100864 0.185228 0.139721
1  0.990374 -0.136399 0.0235408 -0.079645 -0.700664 -0.709033  0.113205  0.700333 -0.704783 -0.118484 -0.738027   1.03595 0.00210979 0.897331 0.192519 0.148457 0.132953
0   0.996919 -0.0777941 0.00999221 -0.0475364  -0.700618  -0.711952  0.0623864   0.709283  -0.702157 -0.0559166  -0.748927    1.03281 0.00243309 0.874743 0.0119715 0.0701712 0.218971
0   0.995095  -0.097228   0.018253 -0.0561812  -0.707289  -0.704689  0.0814256   0.700207  -0.709282 -0.0802054   -0.73623    1.04076 0.00218801 0.889117 0.116913 0.0390204 0.184761
0   0.994286     -0.105  0.0192541  -0.060008  -0.698922  -0.712676  0.0882884   0.707448  -0.701229 -0.0887194  -0.747258    1.03191 0.00226633 0.889117 0.0979923 0.0786745 0.176921
1   0.987852  -0.151567  0.0342894 -0.0839728  -0.706317  -0.702897   0.130755   0.691479  -0.710464  -0.142143  -0.725629    1.04216 0.00209155 0.913758 0.153567 0.0579857 0.102381
1  0.969415 -0.237636 0.0613509 -0.128289 -0.703746 -0.698773  0.209229  0.669531 -0.712707 -0.240789 -0.698802   1.04422 0.00255758 0.913758 0.055319 0.0936606 0.0543072
1   0.991163  -0.130327  0.0247153 -0.0743376  -0.700039  -0.710224   0.109863   0.702111  -0.703541  -0.115142  -0.740488    1.03454 0.00208961 0.89117 0.125701 0.143214 0.139721
1   0.991163  -0.130327  0.0247153 -0.0743375   -0.70004  -0.710224   0.109863   0.702111  -0.703541  -0.115142  -0.740488    1.03454 0.0020896 0.89117 0.03044 0.232612 0.139721
0   0.995079    -0.0974   0.018189 -0.0563255  -0.707079  -0.704887  0.0815171   0.700394  -0.709086 -0.0803025  -0.736517    1.04054 0.00218983 0.889117 0.152202 0.0970813 0.184649
1  0.988214 -0.149027 0.0349789 -0.081503  -0.70566 -0.703848  0.129575  0.692701 -0.709489 -0.141059 -0.727304   1.04109 0.00209649 0.913758 0.151421 0.247186 0.105089
1   0.991285  -0.129223  0.0255945 -0.0729721  -0.700403  -0.710007   0.109676   0.701952  -0.703729  -0.115245  -0.740251    1.03474 0.00209332 0.89117 0.0929192 0.0639242 0.140134
0   0.994141  -0.107122  0.0144476 -0.0646274  -0.696194  -0.714938  0.0866441   0.709816  -0.699038 -0.0854479  -0.750855    1.02951 0.00220574 0.880903 0.177949 0.19181 0.179963
1  0.981566 -0.186806 0.0403856 -0.103758 -0.698304 -0.708241  0.160505  0.690995 -0.704815 -0.178735 -0.727091   1.03588 0.00212819 0.909651 0.136459 0.236098 0.0595707
1  0.981547 -0.186905 0.0403972 -0.103794 -0.698184 -0.708355    0.1606  0.691091   -0.7047 -0.178849 -0.727243   1.03576 0.00213063 0.909651 0.165454 0.144035 0.0595533
1   0.991163  -0.130327  0.0247153 -0.0743376   -0.70004  -0.710224   0.109863   0.702111  -0.703541  -0.115142  -0.740488    1.03454 0.0020896 0.89117 0.196004 0.12794 0.139722
1   0.986675  -0.159529  0.0319928 -0.0906062  -0.702048  -0.706342   0.135142   0.694031  -0.707147   -0.14642   -0.72996    1.03852 0.00212801 0.907598 0.113615 0.129402 0.0961119
1   0.991144  -0.129861  0.0277514 -0.0719136  -0.700583  -0.709938   0.111635   0.701655  -0.703718  -0.118389  -0.739808    1.03475 0.00216695 0.899384 0.194628 0.0741138 0.13721
1   0.987815  -0.151961  0.0336182 -0.0845904  -0.705533  -0.703611    0.13064   0.692193   -0.70979  -0.141811  -0.726712    1.04141 0.00211044 0.913758 0.145219 0.0652313 0.102678
1   0.985667  -0.166148  0.0292654 -0.0945415  -0.687661   -0.71985   0.139726   0.706766  -0.693512  -0.151682  -0.749499    1.02353 0.0020164 0.882957 0.259476 0.0787325 0.101417
1  0.981566 -0.186806 0.0403856 -0.103758 -0.698305 -0.708241  0.160505  0.690995 -0.704815 -0.178735 -0.727091   1.03588 0.00212821 0.909651 0.103329 0.0749198 0.0595706
1   0.990681  -0.133916  0.0248717 -0.0767934  -0.699973  -0.710029   0.112494   0.701502  -0.703733  -0.118131  -0.739739    1.03475 0.00213214 0.895277 0.0450235 0.0734753 0.135176
1   0.990271  -0.136906  0.0249043 -0.0793222  -0.702421  -0.707328   0.114331    0.69847  -0.706447   -0.12015  -0.735316    1.03777 0.00211703 0.899384 0.182609 0.0777515 0.130362
1   0.991163  -0.130327  0.0247152 -0.0743376  -0.700039  -0.710224   0.109863   0.702111  -0.703541  -0.115142  -0.740488    1.03454 0.00208959 0.89117 0.0936256 0.140919 0.139722
1   0.991163  -0.130327  0.0247152 -0.0743376  -0.700039  -0.710224   0.109863   0.702111  -0.703541  -0.115142  -0.740488    1.03454 0.00208959 0.89117 0.0758119 0.142932 0.139722
1   0.991163  -0.130327  0.0247153 -0.0743375  -0.700039  -0.710224   0.109863   0.702111  -0.703541  -0.115142  -0.740488    1.03454 0.00208961 0.89117 0.109735 0.17938 0.139722
1  0.981566 -0.186806 0.0403856 -0.103758 -0.698305 -0.708241  0.160505  0.690995 -0.704815 -0.178735 -0.727091   1.03588 0.00212818 0.909651 0.200384 0.130246 0.0595707
1  0.981566 -0.186807 0.0403856 -0.103758 -0.698304 -0.708241  0.160506  0.690995 -0.704815 -0.178735 -0.727091   1.03588 0.00212817 0.909651 0.331501 0.263553 0.0595706
1   0.985606  -0.166535   0.029111 -0.0950307  -0.688159   -0.71931   0.139823   0.706189  -0.694079    -0.1517  -0.748679    1.02414 0.00201502 0.882957 0.129003 0.0549997 0.100557
1  0.981566 -0.186806 0.0403857 -0.103758 -0.698305 -0.708241  0.160505  0.690995 -0.704815 -0.178735 -0.727091   1.03588 0.00212817 0.909651 0.0743227 0.283604 0.0595706
1   0.991163  -0.130327  0.0247153 -0.0743376  -0.700039  -0.710224   0.109863   0.702111  -0.703541  -0.115142  -0.740488    1.03454 0.0020896 0.89117 0.0796269 0.0810206 0.139722
