1  0.981491 -0.184726 0.0505235 -0.104664 -0.738331 -0.666268   0.16038  0.648648 -0.743999 -0.178504 -0.665101    1.0784 0.0022993 0.928131 0.111702 1.17731 0.0915041
1   0.98074  -0.19152 0.0383427 -0.108876  -0.69903 -0.706755   0.16216  0.688968 -0.706419 -0.179922 -0.724146   1.03772 0.00207478 0.909651 0.176143 1.75423 0.0552098
1   0.988977  -0.144833  0.0307933 -0.0787347  -0.690507  -0.719028   0.125402   0.708677  -0.694299   -0.13571   -0.75101    1.02432 0.00217909 0.893224 0.047756 0.918021 0.122944
1   0.991089  -0.131123  0.0234546 -0.0758904   -0.70054  -0.709567   0.109471   0.701464  -0.704248  -0.114372  -0.739481     1.0354 0.00216988 0.899384 0.136893 1.12054 0.139528
1  0.981211 -0.187656 0.0448294 -0.103298 -0.707207  -0.69942  0.162954  0.681648 -0.713304 -0.182097  -0.71319   1.04522 0.00205688 0.913758 0.111555 0.975916 0.0524584
1  0.981594 -0.184731 0.0484504 -0.103166 -0.726398 -0.679488  0.160717  0.661983 -0.732086 -0.179136 -0.684431   1.06551 0.00219704 0.926078 0.167659 1.46312 0.0703382
0   0.993264  -0.112771  0.0266479 -0.0614396  -0.707512  -0.704026  0.0982472   0.697646  -0.709674  -0.102286  -0.732781    1.04128 0.00235515 0.913758 0.0794834 1.19939 0.157324
0   0.993647  -0.110131  0.0231831 -0.0614795  -0.703697  -0.707836  0.0942685   0.701913  -0.705997 -0.0971317  -0.739062    1.03728 0.00239619 0.911704 0.0969988 0.96299 0.164597
1   0.991003   -0.13274  0.0171031 -0.0808554  -0.695623  -0.713842   0.106652   0.706037  -0.700098  -0.109732  -0.746215    1.03088 0.00216461 0.895277 -0.0178825 0.884485 0.145538
1   0.989613  -0.141049  0.0277675 -0.0773165  -0.685061  -0.724371   0.121194     0.7147  -0.688851  -0.130506   -0.75954    1.01844 0.00218729 0.893224 0.225241 1.28477 0.134701
1  0.981506 -0.186864 0.0415571 -0.102421 -0.696018 -0.710682  0.161725  0.693282 -0.702285 -0.180528 -0.730405   1.03314 0.00217071 0.911704 0.114064 0.822992 0.0608877
1   0.987799  -0.152385  0.0321119 -0.0835685  -0.692677   -0.71639    0.13141   0.704966   -0.69696  -0.143091  -0.745469    1.02738 0.00211285 0.903491 -0.0978791 1.0149 0.110494
1  0.980743 -0.188502 0.0510877  -0.10447  -0.72736 -0.678257  0.165012  0.659859 -0.733046  -0.18463 -0.681823   1.06649 0.0022264 0.921971 0.202096 1.00215 0.0686491
1  0.982156 -0.185387 0.0316547 -0.107451 -0.691271 -0.714562  0.154352   0.69841 -0.698855 -0.170161 -0.738119   1.02936 0.00208829 0.893224 0.061912 0.926016 0.0732318
1  0.981453 -0.186298 0.0451978 -0.102805  -0.71049 -0.696157  0.161805  0.678599 -0.716465 -0.180583 -0.708401   1.04855 0.00207588 0.917865 0.143582 0.963157 0.0543206
1  0.977219 -0.202897 0.0622527 -0.111465 -0.740272 -0.663003  0.180605   0.64096 -0.746024 -0.204942 -0.655478   1.08017 0.00265712 0.932238 0.0878423 0.974851 0.0914761
1  0.980482 -0.191493 0.0445614 -0.106602 -0.708227  -0.69789    0.1652  0.679518 -0.714818 -0.184333 -0.710688   1.04666 0.00217498 0.911704 0.142688 0.944937 0.04928
0   0.991694  -0.127219  0.0189545 -0.0742606  -0.686626  -0.723209    0.10502   0.715794  -0.690369  -0.108897  -0.760447     1.0201 0.00214665 0.88501 0.0928395 1.02042 0.157059
1   0.990814  -0.131131  0.0330388 -0.0698676  -0.705585  -0.705172   0.115781   0.696387  -0.708266  -0.124886  -0.732137    1.03975 0.00223184 0.907598 0.0914091 0.927492 0.129
1   0.990829  -0.132943  0.0241699 -0.0780061  -0.708838  -0.701044   0.110331    0.69273  -0.712708  -0.115028  -0.727102    1.04454 0.00219248 0.895277 0.22457 0.809668 0.134565
1  0.981024 -0.189414 0.0414116 -0.108991 -0.715389 -0.690174  0.160354  0.672563 -0.722458 -0.177618 -0.699968   1.05518 0.00214981 0.921971 0.171683 1.03226 0.0574785
1  0.981381 -0.188243 0.0381569 -0.105353 -0.693673 -0.712543    0.1606  0.695257  -0.70059 -0.178623 -0.733348   1.03134 0.00215264 0.909651 0.0307572 0.922166 0.0634946
1   0.987219  -0.156303  0.0311228 -0.0861629  -0.687739  -0.720827   0.134072   0.708932  -0.692416  -0.145949  -0.751922    1.02229 0.00201536 0.88501 0.170362 1.04678 0.111458
1  0.982069 -0.184164 0.0403037 -0.101016 -0.694558 -0.712309  0.159175  0.695465 -0.700708 -0.177406 -0.733193   1.03138 0.00211739 0.909651 0.090226 0.979096 0.0658298
1   0.99037 -0.135859 0.0266557 -0.077823 -0.705512 -0.704412  0.114507  0.695554  -0.70929 -0.120493 -0.731067   1.04082 0.00214437 0.899384 0.102473 1.00097 0.129325
1   0.991496  -0.128559  0.0202194 -0.0762906   -0.70005  -0.710007   0.105432   0.702426  -0.703905  -0.108967  -0.741252     1.0349 0.00223241 0.889117 0.112586 1.00601 0.145907
1   0.984125  -0.169445  0.0527876 -0.0897904  -0.731922  -0.675447   0.153087   0.659984  -0.735517  -0.171672  -0.681021    1.06915 0.00230992 0.921971 0.14825 0.987875 0.0859086
1   0.986968   -0.15817  0.0295907 -0.0885872    -0.6876  -0.720666   0.134334   0.708653  -0.692651  -0.145761  -0.751468    1.02267 0.0020835 0.893224 0.181952 0.889557 0.110359
1  0.981083 -0.187693 0.0474088  -0.10256  -0.71164 -0.695018  0.164188  0.677008 -0.717427 -0.183809  -0.70634   1.04963 0.00208413 0.917865 0.195776 0.907359 0.0522152
1   0.991103  -0.131075  0.0231177 -0.0755381  -0.696943  -0.713137   0.109586   0.705046  -0.700643  -0.114585  -0.744766    1.03142 0.00211922 0.893224 0.197702 0.82543 0.141664
1  0.981531 -0.185732 0.0458353 -0.102008 -0.710822 -0.695936  0.161838  0.678407  -0.71664 -0.180824 -0.708425   1.04884 0.00205937 0.913758 0.128279 0.912946 0.0545467
1   0.987714  -0.152323  0.0348988 -0.0841655  -0.706706  -0.702483   0.131667   0.690916  -0.710844  -0.143318  -0.724625    1.04264 0.00210359 0.917865 0.0922674 1.05849 0.100823
1    0.98943   -0.14275  0.0254926 -0.0852124  -0.714615  -0.694309    0.11733   0.684798  -0.719226  -0.122476  -0.715472    1.05163 0.00214428 0.901437 0.192995 1.03608 0.122128
1  0.981534 -0.186259 0.0435674 -0.103378 -0.708148 -0.698455  0.160945  0.681054 -0.714327 -0.179352 -0.712286    1.0463 0.00206459 0.913758 0.0782024 0.951054 0.0547885
1   0.991536  -0.126996  0.0269835 -0.0704327   -0.70075  -0.709921   0.109066   0.702012  -0.703764  -0.115111  -0.740249    1.03483 0.00217288 0.897331 0.120785 1.04446 0.141453
1    0.98888  -0.145584  0.0303577 -0.0824287  -0.706473  -0.702924   0.123781   0.692605  -0.710617  -0.132974  -0.727117    1.04233 0.00211516 0.909651 0.0352329 1.00281 0.113152
0  0.992219 -0.123225  0.017819  -0.07292 -0.691137 -0.719036  0.100918  0.712142 -0.694744 -0.103393 -0.755898   1.02474 0.00209185 0.856263 0.248032 1.69391 0.160015
1   0.988179  -0.150956  0.0267458 -0.0887868  -0.705743  -0.702883    0.12498   0.692199  -0.710803  -0.133583  -0.726632    1.04258 0.00212145 0.911704 0.0776398 0.993922 0.109786
1   0.988405   -0.14668  0.0392584 -0.0775289  -0.709811  -0.700112   0.130559    0.68895  -0.712953  -0.143045  -0.721783    1.04489 0.00217082 0.917865 0.0718753 0.803309 0.103954
1   0.985587  -0.165264  0.0361393 -0.0933378  -0.709404  -0.698595    0.14109   0.685153  -0.714604  -0.153727    -0.7172    1.04672 0.00215621 0.911704 0.190238 0.904376 0.0844331
1  0.980469 -0.191934 0.0429072 -0.104756 -0.694303 -0.712018  0.166451  0.693617 -0.700849 -0.186257 -0.731385   1.03149 0.00217786 0.903491 0.254138 1.06791 0.0570539
1   0.988126  -0.149357  0.0360365 -0.0785282   -0.69255  -0.717082   0.132058   0.705738  -0.696056  -0.144436  -0.747299    1.02618 0.00218299 0.882957 0.216787 1.47764 0.112307
1  0.981938 -0.183956 0.0442441 -0.101506 -0.709546  -0.69731  0.159667  0.680224 -0.715403 -0.177961 -0.711404   1.04741 0.00216486 0.911704 0.0397521 1.07514 0.0570177
1   0.988222  -0.149254  0.0337694 -0.0825741  -0.705896  -0.703486   0.128836   0.692412  -0.709906  -0.139909  -0.726904    1.04154 0.00209886 0.913758 0.193951 0.889627 0.105711
0   0.991308  -0.128478   0.028305 -0.0727727  -0.714745  -0.695589   0.109599   0.687483  -0.717882  -0.115628  -0.719122    1.05023 0.00223642 0.907598 0.0979239 1.02485 0.135779
1   0.988976  -0.146416  0.0221054 -0.0834212  -0.674257   -0.73377    0.12234   0.723837  -0.679038  -0.130891  -0.773779    1.00744 0.00208405 0.868583 0.231451 0.966872 0.144941
0   0.992647   -0.11827  0.0257819 -0.0634029   -0.68944  -0.721562   0.103114   0.714622  -0.691869  -0.108665  -0.758136    1.02181 0.00225738 0.895277 0.0890359 0.956068 0.160259
1  0.982185 -0.182988 0.0427541  -0.09811  -0.69339 -0.713852  0.160272   0.69694  -0.69899 -0.179464 -0.735763   1.02945 0.00209482 0.899384 0.0489465 1.13138 0.0674448
1  0.982403 -0.183131 0.0367166 -0.103131 -0.695761 -0.710831  0.155721  0.694535 -0.702404  -0.17237 -0.731967   1.03329 0.00211277 0.907598 0.0067961 0.889068 0.0679997
1   0.990085  -0.137959  0.0264457 -0.0794635  -0.705314  -0.704427   0.115835   0.695341  -0.709284  -0.122202  -0.730797    1.04083 0.00210757 0.899384 0.102277 0.963824 0.126776
1  0.987815 -0.151347 0.0362735 -0.083405 -0.711573 -0.697644  0.131398  0.686118 -0.715525  -0.14312 -0.717795   1.04768 0.00212383 0.917865 0.15846 0.797328 0.100605
1   0.986022  -0.162935   0.034814 -0.0918028  -0.705672  -0.702566    0.13904    0.68955  -0.710767  -0.151181  -0.723403     1.0425 0.00213696 0.911704 0.0408579 1.09278 0.0886423
1   0.990894  -0.131804  0.0275107 -0.0705759  -0.682436   -0.72753   0.114666   0.718963  -0.685524  -0.123464  -0.765707     1.0148 0.0021607 0.880903 0.0384407 1.63821 0.148636
0   0.994813 -0.0999618  0.0188531 -0.0574807  -0.705305   -0.70657  0.0839271   0.701821  -0.707392 -0.0834424  -0.738803    1.03876 0.00232722 0.897331 0.115883 1.26523 0.181191
1    0.98941  -0.142768  0.0261916 -0.0830229  -0.704643  -0.704688   0.119063   0.695051  -0.709033   -0.12674    -0.7306    1.04071 0.00219192 0.909651 0.123634 0.818084 0.120585
0   0.992467  -0.121077  0.0186914 -0.0684341  -0.674443  -0.735149   0.101616   0.728332  -0.677648  -0.105338  -0.778884    1.00606 0.00208725 0.864476 0.224616 0.885397 0.176758
1   0.987725  -0.153774  0.0274301 -0.0875088  -0.690215  -0.718293   0.129388   0.707076    -0.6952  -0.139684  -0.748582    1.02552 0.00212289 0.903491 0.117912 0.898248 0.114311
1  0.981632 -0.187829 0.0334415 -0.108006 -0.691609 -0.714151  0.157267  0.697422 -0.699193 -0.173784 -0.736696   1.02977 0.00218526 0.903491 0.141186 0.883089 0.0690693
1  0.981239 -0.186136 0.0502424  -0.10103 -0.718376 -0.688279  0.164207   0.67029 -0.723704 -0.184155 -0.696698   1.05638 0.00209449 0.915811 0.180094 1.06579 0.0574308
1  0.981701  -0.18579 0.0417758 -0.102023 -0.698377 -0.708421  0.160792  0.691196 -0.704553 -0.179504 -0.727812    1.0355 0.00214559 0.897331 0.132696 1.01153 0.0600289
0   0.992441  -0.121049  0.0201927 -0.0701895  -0.694852   -0.71572   0.100668   0.708892  -0.698096  -0.103558  -0.750374     1.0285 0.00212153 0.876797 0.168283 1.15419 0.158092
1  0.989501 -0.139947 0.0360981 -0.076819 -0.720834 -0.688838  0.122421  0.678833 -0.724016 -0.132322 -0.706859   1.05681 0.00220153 0.915811 0.124086 0.740565 0.116676
1     0.9914  -0.127828   0.028027 -0.0708573  -0.704402  -0.706255   0.110021   0.698196  -0.707402  -0.116068  -0.734739    1.03878 0.00218218 0.897331 0.206915 1.01646 0.138306
1  0.981795 -0.185384 0.0413661 -0.101417 -0.695772 -0.711066  0.160602  0.693926 -0.701907   -0.1793 -0.731378    1.0327 0.00217413 0.909651 0.168178 1.15804 0.0628441
1   0.97601 -0.213581 0.0422875 -0.116714 -0.677193  -0.72649  0.183801  0.704126 -0.685875  -0.20786 -0.748209   1.01505 0.00218255 0.88501 0.22253 1.04012 0.0700138
1   0.986064   -0.16402  0.0278408 -0.0917725  -0.675854  -0.731299   0.138764   0.718553  -0.681488  -0.151107  -0.766512    1.01039 0.00208271 0.882957 0.120702 1.12035 0.119426
1    0.99054   -0.13514  0.0238048 -0.0787285  -0.701777  -0.708033   0.112389   0.699461  -0.705778  -0.117526  -0.736515    1.03712 0.00212426 0.901437 0.0859542 0.90695 0.13381
1   0.988062  -0.150364  0.0335187 -0.0833328  -0.704665  -0.704629    0.12957   0.693424  -0.708784  -0.140702   -0.72842    1.04037 0.00210044 0.913758 0.175843 1.5236 0.104888
0   0.994507  -0.102501  0.0212167 -0.0572244  -0.702123  -0.709753  0.0876474   0.704639  -0.704132 -0.0890017  -0.742886     1.0352 0.00243171 0.907598 0.0125352 0.905547 0.17655
0   0.992323  -0.121684  0.0221087 -0.0711099  -0.707623  -0.703003   0.101189   0.696034  -0.710843  -0.104342  -0.731155    1.04258 0.0022741 0.903491 0.0821684 0.893844 0.150306
1   0.991271  -0.128318   0.030262 -0.0698504  -0.705847  -0.704912   0.111813   0.696645  -0.708649   -0.11901   -0.73237    1.04019 0.00224194 0.907598 0.107701 0.939832 0.135103
1   0.988552  -0.147609  0.0312624 -0.0845327  -0.713446  -0.695593    0.12498   0.684987  -0.717756   -0.13414  -0.715949    1.05016 0.00210774 0.913758 0.147016 0.971434 0.109779
1  0.981597 -0.183458 0.0530082 -0.100176 -0.731016 -0.674967  0.162578  0.657236 -0.735941 -0.182207 -0.677191   1.06975 0.0022154 0.928131 0.181709 0.915551 0.0766168
0   0.991695  -0.125403  0.0285436 -0.0692858  -0.707907  -0.702899   0.108352   0.695084  -0.710717  -0.114224  -0.730021    1.04241 0.00220761 0.901437 0.0763301 0.922731 0.139933
1   0.988279  -0.149416  0.0312923 -0.0814633  -0.689539  -0.719653   0.129105   0.708669  -0.693629  -0.140532  -0.751114    1.02372 0.00210102 0.893224 0.0251416 1.25916 0.117573
1   0.98302 -0.178149 0.0439813 -0.100009 -0.721099 -0.685576   0.15385  0.669537 -0.726671 -0.170141 -0.694074   1.05992 0.00242212 0.934292 0.0622701 0.970454 0.071001
1    0.99129  -0.129468  0.0241145 -0.0732795  -0.694408  -0.715841   0.109424   0.707839  -0.697847  -0.114958  -0.748862    1.02836 0.00205404 0.887064 0.109942 0.886005 0.144268
1  0.982199 -0.182215 0.0456451 -0.101227 -0.718122 -0.688516  0.158236  0.671639 -0.723784 -0.176204 -0.698878   1.05655 0.00222457 0.913758 0.0973533 0.948226 0.0628769
1   0.98125 -0.186727 0.0477622 -0.102395 -0.714987 -0.691599  0.163289  0.673741 -0.720701 -0.182689 -0.701629   1.05322 0.00208682 0.917865 0.182617 1.28568 0.0550375
0   0.993554  -0.110408   0.025717 -0.0595474  -0.701322  -0.710353  0.0964646   0.704243  -0.703375  -0.100355   -0.74283     1.0344 0.00247494 0.907598 0.0477439 1.14061 0.163127
1   0.982912  -0.179251  0.0418719 -0.0964562  -0.695285  -0.712232   0.156781   0.696023  -0.700694   -0.17508  -0.734374    1.03134 0.0021803 0.901437 0.0918347 1.00735 0.0700296
0   0.991203  -0.127668  0.0348907 -0.0682096  -0.718686  -0.691981   0.113419   0.683514  -0.721072  -0.121473  -0.713126    1.05367 0.00229114 0.913758 0.14847 1.15796 0.13173
1  0.981526 -0.186378 0.0432366 -0.102894 -0.704722 -0.701983  0.161304  0.684566  -0.71088 -0.179902 -0.717588   1.04249 0.00209368 0.911704 0.152005 0.985121 0.0550761
1   0.986675  -0.159503   0.032097 -0.0895145  -0.696916  -0.711545   0.135863   0.699191  -0.701907  -0.147613  -0.737402    1.03286 0.0021659 0.909651 0.204569 0.927855 0.0987409
1   0.987156   -0.15602   0.034355 -0.0872583  -0.706698  -0.702114   0.133822   0.690099  -0.711235  -0.145446  -0.723765    1.04322 0.00217033 0.917865 0.0855805 0.823702 0.0968651
1   0.986455  -0.161814  0.0268996 -0.0927185  -0.685312  -0.722323   0.135316   0.710045  -0.691033  -0.146459  -0.753913    1.02085 0.00205321 0.887064 0.080376 0.883573 0.110412
1  0.983223 -0.179444 0.0327362 -0.104076 -0.699284 -0.707227  0.149799  0.691955 -0.706228 -0.164247  -0.72796    1.0375 0.00207881 0.901437 0.197367 0.754115 0.0726298
1    0.99124  -0.128719   0.029577 -0.0700623  -0.702316  -0.708409   0.111958   0.700131  -0.705182  -0.119122  -0.737517    1.03638 0.00221948 0.903491 0.0372848 1.1953 0.136412
1  0.981207 -0.188547 0.0410258  -0.10534 -0.701548 -0.704794  0.161668  0.687227 -0.708225 -0.179968  -0.72154   1.03967 0.00209448 0.911704 0.0736492 1.0225 0.055198
1   0.988329  -0.148039  0.0359264 -0.0830499  -0.721323  -0.687601   0.127706   0.676593  -0.725199  -0.138078  -0.703683     1.0582 0.00216589 0.919918 0.186216 0.842243 0.108009
1   0.986277  -0.161258  0.0354053 -0.0907167  -0.708495  -0.699861   0.137943   0.687045  -0.713401  -0.149946  -0.719794    1.04534 0.00212278 0.909651 0.0824258 0.87839 0.0898363
0   0.991669  -0.125767  0.0278389 -0.0690445  -0.701438  -0.709378   0.108743   0.701546  -0.704278  -0.114952  -0.739548     1.0354 0.00215416 0.895277 0.0511915 1.01841 0.141985
