1  -0.994328 -0.0935803  0.0505499 -0.0765598   0.299813  -0.950921  0.0738319  -0.949397  -0.305277 0.00519986   0.341235   0.148864 0.00187543 0.997323 0.505759 3.55767 0.0513524
1  -0.994787 -0.0894959  0.0488879 -0.0738393   0.301479  -0.950609   0.070337  -0.949263  -0.306515 0.00614906   0.340879   0.149415 0.00188022 0.997323 0.397139 2.44719 0.0529742
1  -0.994337 -0.0934895  0.0505391 -0.0765238   0.299841  -0.950915  0.0737469  -0.949397  -0.305297 0.00522986    0.34123   0.148871 0.00187546 0.997323 0.426885 2.05701 0.0513881
1  -0.994816  -0.090203  0.0469598 -0.0725836   0.306374   -0.94914   0.071228  -0.947628  -0.311333 0.00587285   0.340144   0.151012 0.00187943 0.997323 0.550929 5.37794 0.0490278
1  -0.994927 -0.0885446  0.0477493 -0.0722951   0.299265  -0.951427   0.069954  -0.950053  -0.304148 0.00621113   0.341256   0.148652 0.00190036 0.998661 0.266334 2.36649 0.0557254
1  -0.993669 -0.0984596  0.0541114 -0.0814628   0.299738  -0.950537  0.0773702  -0.948927  -0.305862 0.00450659   0.341286   0.148916 0.00191642 1 0.374167 2.44151 0.0478724
1  -0.991036  -0.121744  0.0550005 -0.0903124   0.307184  -0.947355  0.0984399  -0.943831  -0.315425 0.00017308   0.339743   0.152039 0.00197421 0.998661 0.255844 4.3705 0.0310749
1  -0.994918 -0.0884706  0.0480828 -0.0726151   0.299589  -0.951301  0.0697571  -0.949958  -0.304491 0.00628525   0.341203    0.14876 0.00190015 0.998661 0.3286 2.45733 0.055431
1  -0.993892 -0.0965979  0.0533705 -0.0798749   0.295922  -0.951867  0.0761548  -0.950315   -0.30183 0.00473166   0.341884   0.147615 0.00191216 1 0.397588 4.74897 0.0526386
1  -0.993933 -0.0964069  0.0529495 -0.0794719   0.296649  -0.951674  0.0760405  -0.950108  -0.302511 0.00474868    0.34177   0.147855 0.00191215 1 0.254029 2.2491 0.0521239
1  -0.994105 -0.0946565  0.0528698 -0.0785667   0.292882  -0.952915   0.074715  -0.951452  -0.298592 0.00501759   0.342361   0.146542 0.00191325 1 0.420402 3.62882 0.0566871
1  -0.994269 -0.0948523  0.0493135 -0.0767991   0.312847  -0.946694  0.0743685  -0.945056  -0.318338 0.00522953   0.339103   0.153263 0.00188662 0.997323 0.390331 1.89953 0.0400521
1   -0.991049    -0.12166   0.0549599  -0.0902392    0.307113   -0.947385   0.0983798   -0.943865   -0.315342 0.000190204    0.339757    0.152013 0.00197421 0.998661 0.522899 4.27912 0.0311704
1  -0.993965 -0.0960941  0.0529032 -0.0790297   0.292862  -0.952883  0.0760731  -0.951314  -0.298689 0.00470553   0.342368   0.146571 0.00191134 1 0.347353 4.22673 0.0559092
1   -0.99661 -0.0671534   0.047528 -0.0654891    0.29788  -0.952354  0.0497961  -0.952238  -0.301268  0.0103599   0.341533   0.147709 0.00197356 0.997323 0.0533065 2.02069 0.0729798
1  -0.994781 -0.0904411  0.0472363  -0.072892   0.305976  -0.949245  0.0713976  -0.947734  -0.310971 0.00581787   0.340209   0.150885 0.00187933 0.997323 0.382066 2.37199 0.0490894
1  -0.992836  -0.105312  0.0564548 -0.0864263   0.306654  -0.947889  0.0825116  -0.945977  -0.313559 0.00355628   0.340106    0.15134 0.00190157 0.997323 0.184817 1.74937 0.0371438
1  -0.994772 -0.0906078  0.0470954 -0.0728374   0.306341  -0.949131  0.0715714    -0.9476  -0.311339 0.00577036   0.340155   0.151007 0.00187933 0.997323 0.407417 2.28718 0.0487209
1  -0.994755 -0.0895759   0.049375 -0.0739319   0.296118  -0.952286   0.070681  -0.950942  -0.301187 0.00601999   0.341753   0.147606 0.00189895 0.998661 0.33173 1.94774 0.057387
1  -0.994387 -0.0941737  0.0482302 -0.0756596   0.314245  -0.946322  0.0739625  -0.944659  -0.319606 0.00529851   0.338863   0.153731 0.0018875 0.997323 0.405939 1.80937 0.0398549
1  -0.993933 -0.0964069  0.0529495 -0.0794719   0.296649  -0.951674  0.0760406  -0.950108  -0.302511 0.00474867    0.34177   0.147855 0.00191215 1 0.359143 1.91568 0.0521238
1  -0.994927 -0.0885446  0.0477493  -0.072295   0.299265  -0.951427   0.069954  -0.950053  -0.304148 0.00621113   0.341256   0.148652 0.00190036 0.998661 0.454453 1.96154 0.0557254
1  -0.993967 -0.0961192  0.0528311 -0.0789488   0.292619  -0.952964  0.0761388  -0.951386  -0.298442 0.00468729   0.342401   0.146493 0.00191128 1 0.56606 3.90586 0.0561391
1  -0.993961 -0.0961832  0.0528142 -0.0792506   0.296354  -0.951784  0.0758939  -0.950223  -0.302187 0.00478465   0.341832   0.147714 0.0019126 1 0.37715 1.63444 0.0525626
1  -0.994544 -0.0925905  0.0480634 -0.0749316   0.313467  -0.946638  0.0725834  -0.945074  -0.318695 0.00561829   0.338977    0.15343 0.00188391 0.997323 0.470787 3.725 0.0416974
1  -0.994067 -0.0954104  0.0522207 -0.0784162   0.295966  -0.951974  0.0753728  -0.950422  -0.301692 0.00486936   0.341878   0.147596 0.00191285 1 0.303783 2.06103 0.0534568
1  -0.996716 -0.0658706  0.0470897 -0.0646354   0.296958    -0.9527  0.0487712  -0.952616  -0.300241  0.0105461   0.341675   0.147381 0.00197014 0.997323 0.159103 1.96299 0.0747176
1  -0.994773 -0.0905622  0.0471611 -0.0728704   0.306137  -0.949194  0.0715234   -0.94767  -0.311136 0.00578236   0.340186   0.150939 0.00187929 0.997323 0.282237 2.20572 0.0488953
1  -0.994772 -0.0906078  0.0470954 -0.0728374   0.306341  -0.949131  0.0715714    -0.9476  -0.311339 0.00577036   0.340155   0.151007 0.00187932 0.997323 0.112692 1.81578 0.0487209
1  -0.992644  -0.106879  0.0568694 -0.0874334   0.307951  -0.947376  0.0837416   -0.94538  -0.315031 0.00333094   0.339854    0.15183 0.00188255 0.995984 0.416753 2.70898 0.0349869
1   -0.99344  -0.100209   0.055101 -0.0833118   0.304117  -0.948985  0.0783394  -0.947349  -0.310471 0.00435129   0.340572   0.150417 0.00188414 0.997323 0.34938 1.92556 0.0426233
1  -0.994136  -0.095222  0.0512448 -0.0778085   0.300811  -0.950504  0.0750939  -0.948918  -0.306457 0.00497496     0.3411   0.149211 0.00189519 0.998661 0.524767 3.20492 0.0493056
1  -0.994816  -0.090203  0.0469598 -0.0725836   0.306374   -0.94914   0.071228  -0.947628  -0.311333 0.00587285   0.340144   0.151012 0.00187943 0.997323 0.540512 3.94348 0.0490278
1  -0.996858 -0.0640458  0.0466063 -0.0635396   0.295257  -0.953303  0.0472942  -0.953269  -0.298399  0.0109084    0.34195   0.146775 0.00198878 0.998661 0.388946 2.21699 0.0774403
1  -0.994387 -0.0941737  0.0482302 -0.0756596   0.314245  -0.946322  0.0739626  -0.944659  -0.319606 0.00529851   0.338863   0.153731 0.0018875 0.997323 0.397166 2.21538 0.0398549
1  -0.993892 -0.0965979  0.0533705 -0.0798749   0.295922  -0.951867  0.0761548  -0.950315   -0.30183 0.00473166   0.341884   0.147615 0.00191216 1 0.512099 4.92429 0.0526386
1  -0.994306 -0.0932507  0.0515669 -0.0769856   0.294049  -0.952685  0.0736753  -0.951231  -0.299554 0.00525888   0.342167   0.146913 0.00191351 1 0.355295 2.02545 0.0566064
1   -0.991036   -0.121744   0.0550005  -0.0903124    0.307184   -0.947355   0.0984399   -0.943831   -0.315425 0.000173073    0.339743    0.152039 0.00197421 0.998661 0.422229 4.11166 0.0310749
1  -0.994328 -0.0935803  0.0505499 -0.0765598   0.299813  -0.950921  0.0738319  -0.949397  -0.305277 0.00519986   0.341235   0.148864 0.00187543 0.997323 0.321141 2.57758 0.0513524
1   -0.991036   -0.121744   0.0550005  -0.0903124    0.307184   -0.947355   0.0984399   -0.943831   -0.315425 0.000173069    0.339743    0.152039 0.00197421 0.998661 0.304396 2.43526 0.0310749
1  -0.994743  -0.089694  0.0494008 -0.0739703    0.29582  -0.952375  0.0708086  -0.951023    -0.3009 0.00596699   0.341825   0.147473 0.00189877 0.998661 0.257446 2.45101 0.0575767
0  -0.996875 -0.0629278  0.0477622 -0.0640025   0.288887  -0.955221  0.0463121  -0.955293  -0.292012  0.0112086   0.342906   0.144597 0.00198791 0.998661 0.386959 2.82945 0.0826041
1   -0.991115    -0.12125   0.0546701  -0.0899464    0.308222   -0.947053   0.0979792   -0.943556   -0.316389 0.000267117    0.339582    0.152353 0.00197441 0.998661 0.28659 2.60429 0.0300353
1  -0.994544 -0.0925905  0.0480634 -0.0749316   0.313467  -0.946638  0.0725834  -0.945074  -0.318695  0.0056183   0.338977    0.15343 0.00188391 0.997323 0.361479 2.08881 0.0416974
1  -0.993958 -0.0959269  0.0533367  -0.079309   0.291782  -0.953191  0.0758739  -0.951662  -0.297627 0.00479073   0.342519   0.146203 0.00191127 1 0.407721 2.66846 0.0569748
1  -0.994387 -0.0941737  0.0482302 -0.0756596   0.314245  -0.946322  0.0739625  -0.944659  -0.319606 0.00529851   0.338863   0.153731 0.0018875 0.997323 0.267384 1.9213 0.0398549
0  -0.996875 -0.0629278  0.0477622 -0.0640025   0.288887  -0.955221  0.0463121  -0.955293  -0.292012  0.0112086   0.342906   0.144597 0.00198792 0.998661 0.493397 4.86251 0.0826041
0  -0.996875 -0.0629266  0.0477448 -0.0639839   0.288854  -0.955233  0.0463183  -0.955303  -0.291978  0.0112093    0.34291   0.144586 0.00198791 0.998661 0.376751 2.9918 0.082632
1  -0.994387 -0.0941736  0.0482302 -0.0756596   0.314245  -0.946322  0.0739625  -0.944659  -0.319606 0.00529852   0.338863   0.153731 0.0018875 0.997323 0.608861 3.84403 0.0398549
1  -0.994136  -0.095222  0.0512448 -0.0778085   0.300811  -0.950504  0.0750939  -0.948918  -0.306457 0.00497496     0.3411   0.149211 0.00189519 0.998661 0.421888 4.50983 0.0493057
0  -0.996875 -0.0629278  0.0477622 -0.0640025   0.288887  -0.955221  0.0463121  -0.955293  -0.292012  0.0112086   0.342906   0.144597 0.00198792 0.998661 0.295705 1.66579 0.0826041
1  -0.994893  -0.088627     0.0483 -0.0729138   0.300176  -0.951093  0.0697941  -0.949758  -0.305105 0.00628871   0.341109   0.148957 0.00190022 0.998661 0.331067 2.57769 0.0547885
1  -0.993933 -0.0964069  0.0529495 -0.0794719   0.296649  -0.951674  0.0760406  -0.950108  -0.302511 0.00474867    0.34177   0.147855 0.00191215 1 0.123301 1.98238 0.0521238
1  -0.994624 -0.0914019  0.0486745  -0.074344    0.30306  -0.950067  0.0720867  -0.948578  -0.308226 0.00565956    0.34068   0.149941 0.00187878 0.997323 0.462854 2.32894 0.0504031
1  -0.994136  -0.095222  0.0512448 -0.0778085   0.300811  -0.950504  0.0750939  -0.948918  -0.306457 0.00497496     0.3411   0.149211 0.0018952 0.998661 0.165498 1.68191 0.0493056
1  -0.994212 -0.0945888  0.0509471 -0.0772544   0.299871  -0.950847  0.0746619  -0.949279  -0.305442  0.0050289   0.341245   0.148887 0.00189513 0.998661 0.39556 1.91187 0.0505967
1  -0.996605 -0.0672869    0.04745 -0.0654587   0.297951  -0.952334  0.0499419  -0.952207  -0.301344  0.0103236   0.341527   0.147739 0.00197365 0.997323 0.242228 3.0352 0.072836
1   -0.991044   -0.121731   0.0548915  -0.0902808    0.307921   -0.947119   0.0983915   -0.943592   -0.316153 0.000182439    0.339632    0.152275 0.00197417 0.998661 0.378364 3.71861 0.0302751
1  -0.996605 -0.0672869    0.04745 -0.0654587   0.297952  -0.952334  0.0499418  -0.952207  -0.301344  0.0103236   0.341527   0.147739 0.00197365 0.997323 0.303172 2.26588 0.072836
1  -0.994794 -0.0903379  0.0471595 -0.0727895   0.306018  -0.949239  0.0713207   -0.94773     -0.311  0.0058494   0.340202   0.150897 0.00187936 0.997323 0.299833 3.29853 0.0491532
1   -0.99686  -0.064056  0.0465488 -0.0634763   0.295031  -0.953377  0.0473362  -0.953338   -0.29817  0.0108934   0.341983   0.146703 0.00198879 0.998661 0.28139 2.14053 0.0775938
1  -0.994387 -0.0941737  0.0482302 -0.0756596   0.314245  -0.946322  0.0739625  -0.944659  -0.319606 0.00529852   0.338863   0.153731 0.0018875 0.997323 0.41983 2.05354 0.0398549
0  -0.996875 -0.0629278  0.0477622 -0.0640025   0.288887  -0.955221  0.0463121  -0.955293  -0.292012  0.0112086   0.342906   0.144597 0.00198792 0.998661 0.286409 2.16745 0.0826041
1   -0.991036   -0.121744   0.0550005  -0.0903124    0.307184   -0.947355   0.0984399   -0.943831   -0.315425 0.000173071    0.339743    0.152039 0.00197421 0.998661 0.33505 2.40822 0.0310748
1  -0.993869 -0.0974454  0.0522465 -0.0798112   0.305235  -0.948927  0.0765211  -0.947278  -0.311141 0.00467008   0.340371    0.15073 0.00188089 0.997323 0.415515 3.89343 0.0437717
1  -0.994893  -0.088627     0.0483 -0.0729138   0.300176  -0.951093  0.0697941  -0.949758  -0.305105 0.00628871   0.341109   0.148957 0.00190022 0.998661 0.333556 2.1758 0.0547885
1  -0.994544 -0.0925905  0.0480634 -0.0749316   0.313467  -0.946638  0.0725834  -0.945074  -0.318695 0.00561829   0.338977    0.15343 0.00188392 0.997323 0.322983 2.04767 0.0416974
1  -0.994816  -0.090203  0.0469598 -0.0725836   0.306374   -0.94914   0.071228  -0.947628  -0.311333 0.00587286   0.340144   0.151012 0.00187943 0.997323 0.264934 1.97412 0.0490278
1  -0.993828 -0.0969205  0.0539735 -0.0804249   0.294357  -0.952306  0.0764105  -0.950768  -0.300335 0.00468294   0.342124   0.147116 0.00191242 1 0.351633 4.27836 0.0538617
1  -0.993965  -0.096094  0.0529032 -0.0790297   0.292862  -0.952883  0.0760731  -0.951314  -0.298689 0.00470554   0.342368   0.146571 0.00191134 1 0.309699 3.66731 0.0559092
0  -0.996822  -0.063598   0.047967 -0.0644685   0.290383  -0.954736  0.0467906  -0.954795   -0.29356  0.0111009    0.34266   0.145116 0.00198754 0.998661 0.32686 1.87861 0.0809668
1  -0.993933 -0.0964069  0.0529495 -0.0794719   0.296649  -0.951674  0.0760405  -0.950108  -0.302511 0.00474868    0.34177   0.147855 0.00191215 1 0.430428 3.53564 0.0521239
1  -0.994785 -0.0895645  0.0487883 -0.0737996   0.301941  -0.950466  0.0703968   -0.94911  -0.306976 0.00613303   0.340813    0.14956 0.00188015 0.997323 0.382849 3.88181 0.0525713
1  -0.994816  -0.090203  0.0469598 -0.0725836   0.306374   -0.94914   0.071228  -0.947628  -0.311333 0.00587285   0.340144   0.151012 0.00187943 0.997323 0.287889 2.11011 0.0490278
1  -0.995811 -0.0779483  0.0478059 -0.0691163   0.299336  -0.951641  0.0598688  -0.950959  -0.303469 0.00839682   0.341246   0.148507 0.00199937 1 0.189666 2.32262 0.0633303
1  -0.994755 -0.0895759   0.049375 -0.0739319   0.296118  -0.952286   0.070681  -0.950942  -0.301187 0.00601999   0.341753   0.147606 0.00189895 0.998661 0.296781 2.19513 0.057387
1  -0.995826  -0.077929   0.047516  -0.068883   0.300123   -0.95141  0.0598818  -0.950712  -0.304238 0.00838309   0.341126   0.148763 0.0019993 1 0.080531 2.39498 0.0628266
1  -0.994816  -0.090203  0.0469598 -0.0725836   0.306374   -0.94914   0.071228  -0.947628  -0.311333 0.00587285   0.340144   0.151012 0.00187943 0.997323 0.259614 2.40646 0.0490278
1  -0.993892 -0.0965979  0.0533705 -0.0798749   0.295922  -0.951867  0.0761548  -0.950315   -0.30183 0.00473166   0.341884   0.147615 0.00191216 1 0.339012 1.99573 0.0526387
1  -0.996859 -0.0640632  0.0465539 -0.0634822   0.295007  -0.953384  0.0473432  -0.953345  -0.298147  0.0108912   0.341989   0.146695 0.00198879 0.998661 0.26679 3.55492 0.0776033
1  -0.996611 -0.0672992  0.0473033 -0.0653361   0.298216   -0.95226  0.0499797  -0.952123  -0.301602  0.0103056   0.341487   0.147828 0.00197365 0.997323 0.283856 3.40704 0.0726745
0  -0.996875 -0.0629278  0.0477622 -0.0640025   0.288887  -0.955221  0.0463121  -0.955293  -0.292012  0.0112086   0.342906   0.144597 0.00198792 0.998661 0.500586 3.72397 0.0826041
1  -0.994794 -0.0903379  0.0471595 -0.0727895   0.306018  -0.949239  0.0713207   -0.94773     -0.311  0.0058494   0.340202   0.150897 0.00187935 0.997323 0.356484 2.60553 0.0491532
1  -0.994544 -0.0925905  0.0480634 -0.0749316   0.313467  -0.946638  0.0725834  -0.945074  -0.318695  0.0056183   0.338977    0.15343 0.00188391 0.997323 0.328392 2.99414 0.0416974
1  -0.992709  -0.106519  0.0564108  -0.086816   0.307215  -0.947672  0.0836146   -0.94566  -0.314223 0.00337211   0.339991   0.151565 0.00190062 0.997323 0.271188 2.05928 0.0359505
1  -0.994619 -0.0911217  0.0492838  -0.074383   0.297035  -0.951965  0.0721057  -0.950509  -0.302215 0.00563214    0.34167   0.147886 0.00191659 1 0.454181 4.62846 0.0556304
1  -0.994534 -0.0925974  0.0482404 -0.0750709   0.313058  -0.946762  0.0725657  -0.945209  -0.318299 0.00563022   0.339044   0.153292 0.00188391 0.997323 0.315173 2.36765 0.0419313
1  -0.996827 -0.0643664  0.0468259 -0.0638721   0.295792  -0.953115  0.0474978  -0.953081  -0.298965  0.0108601   0.341861   0.146956 0.00197008 0.997323 0.438474 3.39839 0.0767803
1  -0.996674 -0.0661228  0.0476351 -0.0652838   0.297955  -0.952345  0.0487785  -0.952287  -0.301281  0.0105753   0.341519   0.147706 0.00197052 0.997323 0.352734 2.07771 0.0737584
1  -0.994893  -0.088627     0.0483 -0.0729138   0.300176  -0.951093  0.0697941  -0.949758  -0.305105  0.0062887   0.341109   0.148957 0.00190022 0.998661 0.35231 1.9831 0.0547885
1  -0.994794 -0.0903379  0.0471595 -0.0727895   0.306018  -0.949239  0.0713206   -0.94773     -0.311 0.00584941   0.340202   0.150897 0.00187936 0.997323 0.335082 5.70883 0.0491532
1   -0.99478 -0.0895584  0.0489134 -0.0738892   0.301562  -0.950579  0.0703819  -0.949231  -0.306605 0.00613672   0.340864   0.149444 0.00188021 0.997323 0.19543 1.93423 0.0528562
1  -0.994387 -0.0941737  0.0482302 -0.0756596   0.314245  -0.946322  0.0739626  -0.944659  -0.319606 0.00529851   0.338863   0.153731 0.0018875 0.997323 0.213809 1.67298 0.0398549
1  -0.994743 -0.0896902  0.0494096 -0.0740057     0.2962  -0.952254  0.0707727  -0.950905  -0.301281 0.00599357   0.341737   0.147636 0.00189897 0.998661 0.304599 2.04772 0.0572336
1  -0.994129 -0.0957903  0.0503114 -0.0779506   0.311591  -0.947013  0.0750381  -0.945376  -0.317229 0.00507163   0.339332   0.152842 0.00188527 0.997323 0.361374 3.54526 0.0400543
1  -0.994771 -0.0895083  0.0491869 -0.0737345   0.296161  -0.952288  0.0706704  -0.950935  -0.301212 0.00600225   0.341767   0.147583 0.00189885 0.998661 0.352717 1.98939 0.0574403
1  -0.993892 -0.0965979  0.0533705 -0.0798749   0.295922  -0.951867  0.0761548  -0.950315   -0.30183 0.00473165   0.341884   0.147615 0.00191216 1 0.488752 5.48233 0.0526386
1  -0.994204 -0.0936114  0.0528743 -0.0778931   0.288197  -0.954398  0.0741044  -0.952985  -0.293818 0.00516076   0.343087   0.144941 0.00191382 1 0.371945 2.71159 0.06174
1  -0.993669 -0.0984596  0.0541114 -0.0814628   0.299738  -0.950537  0.0773702  -0.948927  -0.305862 0.00450659   0.341286   0.148916 0.00191643 1 0.46977 4.12262 0.0478724
1  -0.994929 -0.0884875  0.0478242 -0.0723318   0.299029  -0.951499  0.0698949  -0.950132  -0.303913 0.00622605   0.341286   0.148572 0.00190037 0.998661 0.390333 2.36819 0.0559438
1  -0.993928 -0.0961856  0.0534425 -0.0794788   0.291666  -0.953212   0.076098  -0.951672   -0.29754 0.00474084   0.342543    0.14617 0.00191118 1 0.330543 2.33211 0.0569342
1   -0.99377 -0.0981208  0.0528623 -0.0806936   0.306251  -0.948525  0.0768809   -0.94688  -0.312261  0.0046179   0.340233    0.15107 0.00188235 0.997323 0.356406 1.91145 0.0423381
1  -0.994404 -0.0939488  0.0483072 -0.0756455   0.314053  -0.946387  0.0737408  -0.944746  -0.319403  0.0053632   0.338888   0.153663 0.00188741 0.997323 0.413716 4.0283 0.0401468
1  -0.993427  -0.100528  0.0547458 -0.0831901   0.305534   -0.94854  0.0786281   -0.94686  -0.311888 0.00424467   0.340354    0.15089 0.00188456 0.997323 0.273733 2.43007 0.0411688
1  -0.993875 -0.0969869  0.0529757 -0.0805303   0.307318  -0.948193  0.0756819  -0.946652  -0.313246 0.00493983   0.340037   0.151414 0.00188119 0.997323 0.35797 3.35493 0.0421552
1  -0.994309 -0.0936605  0.0507734 -0.0768555   0.300549  -0.950665  0.0737798  -0.949156  -0.306037 0.00523295   0.341125   0.149102 0.00187556 0.997323 0.356632 2.41041 0.0506109
1  -0.994749 -0.0907003   0.047411 -0.0731186   0.305694  -0.949318  0.0716102    -0.9478   -0.31072 0.00575365   0.340259   0.150797 0.00187918 0.997323 0.309525 2.31263 0.0490771
1  -0.994544 -0.0925905  0.0480634 -0.0749316   0.313467  -0.946638  0.0725834  -0.945074  -0.318695 0.00561829   0.338977    0.15343 0.00188392 0.997323 0.322206 2.6047 0.0416974
0  -0.996875 -0.0629266  0.0477448 -0.0639839   0.288854  -0.955233  0.0463183  -0.955303  -0.291978  0.0112093    0.34291   0.144586 0.0019879 0.998661 0.404891 2.31468 0.082632
1  -0.994136  -0.095222  0.0512448 -0.0778085   0.300811  -0.950504  0.0750939  -0.948918  -0.306457 0.00497495     0.3411   0.149211 0.00189519 0.998661 0.342693 4.1978 0.0493056
1  -0.994387 -0.0941737  0.0482302 -0.0756596   0.314245  -0.946322  0.0739626  -0.944659  -0.319606 0.00529851   0.338863   0.153731 0.0018875 0.997323 0.373084 2.0186 0.0398549
1  -0.993946 -0.0963172  0.0528649 -0.0793479   0.296454  -0.951745  0.0759975  -0.950178  -0.302301 0.00474618   0.341813   0.147782 0.00191222 1 0.348316 3.21574 0.0523746
1  -0.994284 -0.0931439  0.0521835 -0.0774086   0.292294  -0.953191   0.073531  -0.951782  -0.297833 0.00531443   0.342435   0.146335 0.00191356 1 0.394597 3.89071 0.0582
1  -0.996605 -0.0672869    0.04745 -0.0654587   0.297951  -0.952334  0.0499418  -0.952207  -0.301344  0.0103236   0.341527   0.147739 0.00197365 0.997323 0.311561 3.49704 0.072836
1  -0.993669 -0.0984596  0.0541114 -0.0814628   0.299739  -0.950537  0.0773702  -0.948927  -0.305862 0.00450658   0.341286   0.148916 0.00191642 1 0.414988 2.37759 0.0478724
1  -0.994431 -0.0936774  0.0482758 -0.0751735   0.309499  -0.947924  0.0738577  -0.946274  -0.314817 0.00534808   0.339661   0.152117 0.00188739 0.997323 0.463377 1.75905 0.0437313
1  -0.992756  -0.106098  0.0563899 -0.0866775   0.307386  -0.947629  0.0832077  -0.945652  -0.314355 0.00345631   0.339983   0.151599 0.00190073 0.997323 0.388523 2.137 0.0360168
1   -0.991036   -0.121744   0.0550005  -0.0903124    0.307184   -0.947355   0.0984399   -0.943831   -0.315425 0.000173074    0.339743    0.152039 0.00197421 0.998661 0.45126 3.42368 0.0310749
0  -0.996875 -0.0629278  0.0477622 -0.0640025   0.288887  -0.955221  0.0463121  -0.955293  -0.292012  0.0112086   0.342906   0.144597 0.00198792 0.998661 0.319687 2.5167 0.082604
