1  -0.994336  -0.093331  0.0508491 -0.0766042   0.297683  -0.951586  0.0736755  -0.950092  -0.303147 0.00527583   0.341543    0.14817 0.00187694 0.997323 0.505361 3.53229 0.0533488
1  -0.994831 -0.0887685  0.0493001 -0.0736017   0.295931  -0.952369   0.069951  -0.951076  -0.300935 0.00626866   0.341598   0.147639 0.00189446 0.997323 0.392575 2.41706 0.0580458
1  -0.994444 -0.0922708  0.0506722 -0.0761523   0.298218  -0.951455  0.0726801  -0.950027  -0.303588 0.00558591   0.341453   0.148373 0.00187995 0.997323 0.425511 2.02598 0.0535633
1  -0.994793 -0.0908876  0.0461068 -0.0728893   0.318312   -0.94518  0.0712288  -0.943619  -0.323279 0.00593217   0.338294   0.154778 0.00189593 0.997323 0.546986 5.33491 0.0406491
1  -0.995074 -0.0876002  0.0464206  -0.070415    0.29489  -0.952933  0.0697881  -0.951507  -0.299605 0.00619264   0.341938   0.147277 0.00190765 0.998661 0.263518 2.33018 0.0603581
1  -0.993259  -0.100611  0.0575615 -0.0857553   0.303719  -0.948894  0.0779864  -0.947434    -0.3103  0.0045522   0.340661   0.150295 0.00189182 0.997323 0.382203 2.35553 0.0425325
1   -0.990863     -0.1229   0.0555511  -0.0915124    0.310077   -0.946297   0.0990744   -0.942734   -0.318491 8.99808e-05    0.339313    0.153004 0.00197909 0.998661 0.254004 4.30956 0.0276569
1  -0.994993 -0.0875494  0.0482123 -0.0725006   0.300195  -0.951119  0.0687967  -0.949852  -0.305039 0.00657108   0.341091   0.148952 0.00190239 0.998661 0.32781 2.43197 0.055541
1  -0.993861 -0.0975239  0.0522377 -0.0799971   0.307335  -0.948233  0.0764209  -0.946591   -0.31325 0.00479632   0.340279    0.15128 0.00193414 1 0.390663 4.66573 0.0419727
1  -0.993886 -0.0970467  0.0526597 -0.0794678    0.29762  -0.951371  0.0766548  -0.949739  -0.303512 0.00456138   0.341619   0.148208 0.00191382 1 0.253377 2.21783 0.0508845
1  -0.994175 -0.0928378  0.0547462  -0.079291   0.285973  -0.954952  0.0729997   -0.95373  -0.291668  0.0056408    0.34337   0.144378 0.00192644 1 0.416409 3.59327 0.0640054
1  -0.994152 -0.0960964  0.0492733 -0.0782432   0.326463  -0.941966  0.0744337  -0.940312  -0.332072 0.00529818   0.336832   0.157578 0.00187451 0.994645 0.394246 1.82794 0.0310368
1   -0.991112   -0.121289   0.0546469  -0.0894624     0.30366   -0.948571   0.0984575   -0.945029   -0.311812 0.000126508    0.340249    0.150929 0.00197848 0.998661 0.521869 4.25764 0.035092
1  -0.994006 -0.0959617  0.0523704 -0.0785854    0.29419  -0.952511  0.0759976  -0.950917  -0.299968 0.00465452   0.342224   0.146963 0.00191522 1 0.346026 4.18606 0.0548131
1  -0.996464 -0.0689355   0.048026 -0.0665952   0.299573  -0.951746  0.0512218   -0.95158  -0.303104  0.0100449   0.341273    0.14827 0.00197882 0.997323 0.0507828 1.96126 0.0703094
1  -0.994852 -0.0901876  0.0462115 -0.0715388   0.302057  -0.950602   0.071774  -0.949014  -0.306954 0.00560808    0.34079   0.149654 0.00188407 0.997323 0.380506 2.33216 0.0526518
1  -0.992913  -0.105164  0.0553524 -0.0854039   0.307532  -0.947697   0.082641  -0.945709  -0.314334 0.00347491   0.339931   0.151641 0.0018865 0.995984 0.191278 1.72424 0.0364927
1  -0.994714 -0.0907964  0.0479644  -0.074131   0.311725  -0.947276  0.0710576  -0.945824  -0.316808 0.00603203   0.339326   0.152752 0.00188358 0.997323 0.406075 2.24233 0.044387
1  -0.994896 -0.0880945  0.0492142 -0.0729594   0.291058  -0.953919  0.0697109  -0.952641     -0.296 0.00633796   0.342426   0.145997 0.00191061 0.998661 0.327624 1.87849 0.0628084
1  -0.993578  -0.100108  0.0527328 -0.0871068   0.379309  -0.921161  0.0722138  -0.919838  -0.385594 0.00646833   0.327659   0.174521 0.00229747 0.993307 0.276908 1.69624 0.0552019
1   -0.99354 -0.0984486   0.056447 -0.0838435   0.301597  -0.949742  0.0764765  -0.948339  -0.307903 0.00482701   0.340873   0.149601 0.00188741 0.997323 0.367434 1.80647 0.0458498
1   -0.99594 -0.0854013  0.0284514 -0.0522796   0.291471   -0.95515  0.0732783   -0.95276  -0.294752 0.00420123   0.342597   0.146123 0.00223778 1 0.357589 1.89702 0.0710783
1  -0.993985 -0.0959603  0.0527762 -0.0788917   0.293161  -0.952802  0.0759592  -0.951235  -0.298968 0.00474135   0.342331   0.146657 0.00191148 1 0.566016 3.88551 0.0557194
1  -0.993961  -0.096429  0.0523731 -0.0789968   0.297523  -0.951441  0.0761643  -0.949832  -0.303344 0.00469484   0.341661   0.148077 0.00191346 1 0.37687 1.61402 0.0514053
1  -0.994301 -0.0945056  0.0493316 -0.0773073   0.320556   -0.94407  0.0734064  -0.942504  -0.326035 0.00554028   0.337721   0.155721 0.00186458 0.994645 0.476219 3.66077 0.0353082
1  -0.994148 -0.0948563  0.0516826 -0.0778221   0.297102  -0.951669  0.0749168  -0.950122  -0.302746 0.00499803   0.341716    0.14794 0.00191397 1 0.303374 2.03553 0.0528289
1  -0.996746 -0.0657131  0.0466768  -0.064385    0.30071   -0.95154  0.0484924  -0.951449  -0.303963  0.0106391   0.341134   0.148568 0.00197263 0.997323 0.158037 1.9379 0.0725088
1  -0.994813 -0.0896221  0.0481232 -0.0739999   0.312973  -0.946875  0.0697997  -0.945524  -0.317982 0.00633307   0.339128   0.153156 0.00188795 0.997323 0.278932 2.13546 0.0444366
1  -0.994774 -0.0907824  0.0467219 -0.0730979   0.313774   -0.94668  0.0712818  -0.945148  -0.318771 0.00592765   0.338978   0.153356 0.00188705 0.997323 0.109042 1.76606 0.0433427
1  -0.992376  -0.109486  0.0565895 -0.0897678     0.3275  -0.940577  0.0844467  -0.938486  -0.334832 0.00321647    0.33688   0.158313 0.00196925 0.995984 0.389891 2.66294 0.0167422
1  -0.993007  -0.102528  0.0585167 -0.0876332   0.308078  -0.947316  0.0790984   -0.94582  -0.314909 0.00440466   0.339921   0.151693 0.00188404 0.995984 0.349414 1.8753 0.0373211
1  -0.994037 -0.0957505  0.0521766 -0.0794187   0.307836  -0.948119  0.0747211  -0.946609  -0.313605 0.00519529   0.339999   0.151484 0.00188201 0.997323 0.528073 3.11962 0.0427448
1  -0.994829 -0.0901604  0.0467559 -0.0728431   0.312604  -0.947086  0.0707736  -0.945595  -0.317556 0.00607609   0.339181   0.153017 0.0018839 0.997323 0.539419 3.88333 0.0446115
1  -0.996916 -0.0634336   0.046196  -0.063031   0.296625  -0.952912  0.0467437  -0.952885  -0.299708  0.0110624   0.341721   0.147214 0.0019905 0.998661 0.388418 2.19108 0.0771116
1  -0.993824 -0.0994024  0.0493202 -0.0833763   0.375626  -0.923013  0.0732237  -0.921425  -0.381594 0.00599857   0.328406   0.172993 0.0022929 0.993307 0.267691 2.11674 0.0516905
1  -0.993663 -0.0980488  0.0549577 -0.0820095   0.298055  -0.951019  0.0768659    -0.9495  -0.304207 0.00458764   0.341513   0.148369 0.0018787 0.997323 0.520636 4.87479 0.0495726
1  -0.994375 -0.0925629  0.0514915 -0.0767402   0.294497  -0.952566  0.0730082  -0.951159  -0.299943 0.00546914   0.342083   0.147045 0.00191479 1 0.354863 2.00296 0.0566168
1    -0.989871    -0.128603    0.0601378   -0.0992918     0.324363    -0.940707     0.101471     -0.93715    -0.333847 -0.000184799     0.336896     0.157767 0.00204946 1 0.400205 3.9967 0.0124156
1  -0.994452 -0.0922207  0.0506054 -0.0762624   0.300698  -0.950665  0.0724541   -0.94925  -0.306063 0.00566462   0.341137   0.149098 0.00191639 1 0.306317 2.54555 0.0514735
1    -0.990712    -0.124806    0.0539738   -0.0905272     0.309205    -0.946677     0.101462     -0.94277    -0.317632 -0.000717061     0.339464     0.152721 0.00198578 0.998661 0.30032 2.34956 0.0289037
1  -0.995005 -0.0867501  0.0493816 -0.0723482   0.285896  -0.955526   0.068774  -0.954326  -0.290744 0.00652844   0.343318   0.144251 0.00193609 1 0.242849 2.40975 0.0682831
1  -0.997023 -0.0642278  0.0426579 -0.0585129    0.26999  -0.961084  0.0502111  -0.960719  -0.272945 0.00964308   0.345639   0.138567 0.00203155 0.997323 0.373502 2.74721 0.0974867
1   -0.991386   -0.119613     0.05335  -0.0883456    0.310022   -0.946616   0.0966877   -0.943175   -0.317919 0.000581714    0.339395    0.152865 0.00197961 0.998661 0.284713 2.52401 0.0285858
1  -0.994632 -0.0920422  0.0472836 -0.0749867   0.326247  -0.942306  0.0713057  -0.940793  -0.331398 0.00609494   0.336892   0.157538 0.00191104 0.997323 0.352285 2.03756 0.0354928
1  -0.993893 -0.0962282  0.0540151 -0.0800799   0.292158  -0.953012  0.0759257  -0.951517  -0.298079 0.00477087   0.342437   0.146341 0.00191248 1 0.407348 2.6089 0.0563489
1    -0.9942 -0.0956476  0.0491664 -0.0786235   0.334508  -0.939107  0.0733768  -0.937526  -0.340088 0.00574458   0.335643   0.160157 0.00190549 0.994645 0.260403 1.84225 0.0295998
0  -0.997572 -0.0538579  0.0441592  -0.056973   0.266352  -0.962191  0.0400597   -0.96237  -0.268774  0.0126188    0.34614   0.137083 0.00204767 0.995984 0.478169 4.74315 0.107227
0  -0.996957 -0.0614915  0.0479016 -0.0632854   0.279783  -0.957975  0.0455053  -0.958092  -0.282823  0.0114473   0.344203   0.141706 0.00200117 0.998661 0.372591 2.95522 0.0904918
1  -0.993807  -0.099999  0.0484561 -0.0814115   0.358436  -0.929998  0.0756304  -0.928183  -0.364357 0.00507579   0.331372   0.167956 0.00203271 0.993307 0.57877 3.73478 0.035808
1   -0.99435 -0.0939661  0.0493737  -0.076127   0.307134  -0.948617  0.0739735  -0.947016  -0.312552  0.0053143   0.340065   0.151331 0.00188668 0.997323 0.424487 4.40487 0.0451268
0  -0.996996 -0.0615491  0.0470205 -0.0627953   0.286928  -0.955892  0.0453427  -0.955973  -0.289931  0.0114287   0.343147   0.143899 0.00199549 0.998661 0.293019 1.61467 0.0852179
1  -0.995666 -0.0812471  0.0452494 -0.0680186   0.304403  -0.950112  0.0634198  -0.949072   -0.30861 0.00783064   0.340478    0.15022 0.00194571 0.998661 0.315054 2.48823 0.0577315
1   -0.99381 -0.0972792  0.0536521 -0.0807829   0.301272   -0.95011  0.0762621  -0.948563  -0.307266 0.00476064   0.341034    0.14933 0.00189768 0.998661 0.129936 1.93256 0.0472313
1  -0.994764 -0.0901424  0.0481475 -0.0734712   0.303345  -0.950044  0.0710339  -0.948607   -0.30838 0.00597383   0.340653   0.150016 0.00188074 0.997323 0.462291 2.29351 0.0511783
1  -0.994144 -0.0953688  0.0508208 -0.0777556   0.304685  -0.949274  0.0750467  -0.947666  -0.310316  0.0050076   0.340501   0.150437 0.00189797 0.998661 0.164278 1.65137 0.0459137
1  -0.994856 -0.0898776  0.0467342 -0.0738475   0.327648   -0.94191  0.0693442  -0.940515  -0.332599  0.0067658   0.337084   0.157344 0.00207381 1 0.338571 1.85194 0.037353
1  -0.996538 -0.0722006  0.0412181 -0.0611577   0.300796  -0.951726  0.0563169  -0.950952   -0.30417 0.00852906   0.341181    0.14875 0.00208221 1 0.200548 2.90098 0.0683445
1   -0.991003    -0.12221   0.0545663  -0.0903177    0.309775    -0.94651   0.0987697   -0.942923   -0.318026 7.95776e-05    0.339319    0.152843 0.00197587 0.998661 0.377829 3.67354 0.0282322
1   -0.99633 -0.0713368  0.0472981 -0.0676293   0.317411  -0.945873  0.0524626  -0.945601  -0.321071 0.00991494   0.338643    0.15393 0.0020496 0.998661 0.276358 2.16159 0.0585202
1  -0.995531 -0.0842008  0.0427532  -0.067146   0.312825  -0.947434  0.0664005  -0.946071  -0.317081 0.00724011    0.33926   0.152953 0.00194668 0.998661 0.27475 3.23365 0.0505778
1  -0.997165 -0.0643918  0.0389284 -0.0561481    0.29236  -0.954658   0.050091  -0.954138  -0.295147 0.00966694    0.34231   0.146089 0.00206091 0.998661 0.255333 2.09466 0.0807621
1  -0.993906 -0.0981431  0.0501918 -0.0815105   0.347794  -0.934021  0.0742112   -0.93242  -0.353675 0.00559188   0.333135   0.164446 0.00197595 0.993307 0.392643 1.94975 0.0299047
0  -0.997423 -0.0550402  0.0460116 -0.0586756   0.256883   -0.96466  0.0412754  -0.964874  -0.259451  0.0124095   0.347508   0.134056 0.00203399 0.994645 0.269871 2.04476 0.114051
1   -0.989472   -0.131581    0.060266  -0.0985305    0.307447    -0.94645    0.106007   -0.942424   -0.317175 -0.00150598    0.339378    0.152513 0.00205948 1 0.306329 2.25871 0.0308722
1  -0.993865 -0.0976038   0.052009 -0.0801944   0.312168  -0.946636  0.0761597     -0.945   -0.31808 0.00483104   0.339283   0.152887 0.00188874 0.997323 0.413074 3.85377 0.0379421
1   -0.99552 -0.0820279  0.0470193 -0.0694289   0.296655  -0.952458  0.0641797  -0.951455  -0.301021 0.00763316   0.341557   0.147802 0.00194427 0.998661 0.318109 2.08092 0.0625253
1   -0.99446 -0.0939106  0.0472175 -0.0747272   0.315726  -0.945903  0.0739225  -0.944192  -0.320995 0.00525471   0.338455   0.154191 0.00188669 0.995984 0.321985 1.99794 0.0393288
1  -0.995166 -0.0874948  0.0445921 -0.0689239   0.298846  -0.951809  0.0699521  -0.950282  -0.303432 0.00612317   0.341305   0.148583 0.00190997 0.998661 0.252989 1.92375 0.057566
1  -0.993261  -0.101407  0.0561246 -0.0834877   0.290106  -0.953346  0.0803939  -0.951606  -0.296618 0.00367434   0.342604   0.145926 0.00191959 0.998661 0.349202 4.18925 0.0555114
1  -0.994052  -0.095437  0.0524725 -0.0784956   0.293824  -0.952631  0.0754986  -0.951083  -0.299568 0.00484976   0.342263    0.14684 0.00191298 1 0.309108 3.63202 0.0554363
0  -0.996878  -0.063006   0.047588 -0.0640224   0.292265  -0.954192  0.0462115   -0.95426  -0.295386   0.011272    0.34238   0.145698 0.00198849 0.998661 0.326538 1.85353 0.0801835
1  -0.993741 -0.0979355  0.0537354  -0.080759   0.297491  -0.951303  0.0771806  -0.949688  -0.303538 0.00445232   0.341562   0.148181 0.00187905 0.997323 0.440289 3.48528 0.0503266
1   -0.99514 -0.0851751  0.0494132 -0.0735612   0.309439   -0.94807  0.0654616  -0.947097  -0.314201 0.00736673   0.339827   0.151844 0.00195274 0.998661 0.359019 3.78235 0.0501864
1  -0.995277 -0.0865497  0.0439749 -0.0688155   0.309461  -0.948419  0.0684768  -0.946965  -0.313955  0.0065654   0.339596   0.151912 0.00190229 0.997323 0.279226 2.03592 0.0504183
1  -0.996109 -0.0731635  0.0491356 -0.0691804   0.303704  -0.950252  0.0546011  -0.949953  -0.307583 0.00967499   0.340502   0.149834 0.00201953 0.997323 0.181494 2.2334 0.0639229
1  -0.994876 -0.0889617  0.0480332 -0.0724447   0.295896  -0.952469  0.0705205  -0.951069  -0.300825 0.00601265   0.341713   0.147552 0.00190334 0.998661 0.295154 2.12909 0.058243
1  -0.995919 -0.0770575  0.0469854 -0.0686662   0.309093   -0.94855    0.05857  -0.947905  -0.313123 0.00872276   0.339794   0.151561 0.00199431 0.998661 0.0828261 2.34438 0.0576845
1  -0.995075 -0.0887247  0.0442086 -0.0696873   0.308946  -0.948523  0.0704994  -0.946932  -0.313607 0.00600141    0.33979   0.151748 0.00190865 0.998661 0.248104 2.36572 0.0490346
1  -0.993721 -0.0996738  0.0508393 -0.0784537   0.296722  -0.951736   0.079778  -0.949748  -0.302679 0.00360907   0.341739   0.148014 0.00192711 1 0.333844 1.90118 0.0506185
1  -0.997009 -0.0651601  0.0415636 -0.0592141   0.298393  -0.952604  0.0496695  -0.952216  -0.301359 0.00998636   0.341526   0.147854 0.00201404 0.998661 0.257481 3.51926 0.0754914
1  -0.996419 -0.0693492  0.0483621 -0.0673123   0.304577  -0.950106  0.0511591   -0.94996  -0.308155  0.0101722   0.340544   0.149857 0.00198622 0.997323 0.279294 3.34168 0.0667568
0  -0.997355 -0.0568254  0.0453097 -0.0585708   0.259338  -0.964009  0.0430297  -0.964114   -0.26198  0.0118944   0.347119   0.135007 0.00203695 0.995984 0.488268 3.60949 0.110875
1  -0.994835 -0.0899412  0.0470444 -0.0726442   0.307203  -0.948867  0.0708901  -0.947384   -0.31215 0.00599243   0.340047    0.15124 0.00188059 0.997323 0.356061 2.57479 0.0485804
1   -0.99462 -0.0919921  0.0476342 -0.0748393    0.32014  -0.944409  0.0716286  -0.942893  -0.325303 0.00596195   0.337944   0.155476 0.00189373 0.997323 0.324891 2.95819 0.0382251
1  -0.992582  -0.106809  0.0580675 -0.0883056   0.305129  -0.948208  0.0835592  -0.946302  -0.312298 0.00344669    0.34026   0.150924 0.00188575 0.995984 0.276891 2.01827 0.0377116
1   -0.99471 -0.0912989  0.0470803 -0.0724913   0.299167  -0.951443  0.0727809  -0.949823  -0.304202 0.00536409   0.341335   0.148556 0.0019235 1 0.452211 4.59777 0.0541692
1  -0.994221 -0.0953411  0.0493381 -0.0773378   0.317382  -0.945139  0.0744516  -0.943493  -0.322921 0.00518694   0.338308   0.154716 0.00189287 0.997323 0.311917 2.29717 0.0365065
1  -0.998211 -0.0506053  0.0318538 -0.0455353   0.298037  -0.953468  0.0387569  -0.953212  -0.299808   0.012679   0.341027   0.148071 0.00228409 0.998661 0.348972 3.3225 0.0904321
0  -0.996663 -0.0656284  0.0485383 -0.0661144   0.300278  -0.951558  0.0478742  -0.951591  -0.303615  0.0109123   0.341187   0.148392 0.00197329 0.997323 0.351824 2.04741 0.072557
1  -0.995421 -0.0837556  0.0460652 -0.0693089   0.300543  -0.951247  0.0658276  -0.950084  -0.304972 0.00711619   0.340972   0.149104 0.0019362 0.998661 0.340047 1.8929 0.0584338
1  -0.995144 -0.0870915  0.0458584 -0.0702983   0.302788  -0.950462  0.0688918   -0.94907   -0.30744 0.00649393   0.340722   0.149827 0.00190473 0.998661 0.326104 5.63218 0.0543606
1  -0.994736 -0.0889539  0.0508754 -0.0754711   0.300106  -0.950916  0.0693196  -0.949749  -0.305239 0.00654055   0.340712   0.148885 0.00198507 0.997323 0.150561 1.89897 0.0540821
1  -0.993667  -0.100785  0.0496749 -0.0834106   0.365418  -0.927099   0.075286  -0.925371  -0.371511 0.00532929   0.330006   0.170011 0.00216182 0.994645 0.0995509 1.56861 0.0412356
1  -0.994745 -0.0895699  0.0495979 -0.0741328   0.295974  -0.952315  0.0706191  -0.950987  -0.301058 0.00607612   0.341743    0.14757 0.00190003 0.998661 0.304211 2.0223 0.0574693
1  -0.993959 -0.0979383  0.0495324 -0.0788581    0.32341  -0.942967  0.0763333  -0.941177   -0.32918 0.00492673   0.337352   0.156643 0.00188527 0.994645 0.361374 3.48497 0.030697
1  -0.994813 -0.0891902  0.0489068 -0.0735075   0.298019  -0.951725  0.0703094  -0.950384  -0.303029 0.00609703   0.341522   0.148151 0.00190071 0.998661 0.352085 1.96277 0.056116
1  -0.993652 -0.0984484  0.0544453 -0.0815911   0.297436  -0.951249  0.0774549  -0.949652   -0.30358 0.00435971   0.341605   0.148186 0.00187934 0.997323 0.497526 5.42059 0.0499924
1  -0.994582 -0.0886193  0.0543468 -0.0770032   0.276811  -0.957834  0.0698389  -0.956829  -0.282135 0.00654093   0.344885   0.141289 0.00197891 1 0.350585 2.66825 0.0751544
1  -0.993296  -0.100246  0.0575729 -0.0858002    0.30553  -0.948309  0.0774735  -0.946891  -0.312082 0.00473555    0.34035   0.150777 0.00189444 0.997323 0.475854 4.03184 0.0411187
1  -0.995099  -0.087279  0.0464766 -0.0708192   0.301032  -0.950981  0.0690097  -0.949611  -0.305738 0.00641177   0.341028   0.149189 0.00190662 0.998661 0.388328 2.3379 0.0554686
1  -0.993782 -0.0967062  0.0551924 -0.0809693   0.287373   -0.95439  0.0764346  -0.952924  -0.293416 0.00467978   0.343227   0.144846 0.00192022 1 0.327375 2.2971 0.0606239
1  -0.993617  -0.099462  0.0532166 -0.0824665   0.318593  -0.944298  0.0769673  -0.942659  -0.324762 0.00474212   0.338326   0.155003 0.00190638 0.997323 0.34819 1.85666 0.0315238
1  -0.994348  -0.094715  0.0479656  -0.077409   0.337588  -0.938106    0.07266  -0.936517  -0.343012 0.00578794   0.335095   0.161226 0.00190715 0.994645 0.407584 3.92944 0.0307782
1  -0.993217  -0.101476  0.0567663 -0.0874878   0.330634  -0.939695  0.0765876  -0.938288  -0.337269  0.0052492   0.336376   0.158865 0.00195226 0.995984 0.247646 2.35769 0.0233151
1  -0.993903 -0.0969896  0.0524325 -0.0805953   0.314606  -0.945795  0.0752366  -0.944254  -0.320505 0.00509828   0.338909   0.153727 0.0018894 0.997323 0.355167 3.2783 0.0364675
1  -0.994359 -0.0933142  0.0504243 -0.0765227    0.30194  -0.950251  0.0734468  -0.948749  -0.307378 0.00532317   0.340936   0.149515 0.00187659 0.997323 0.356279 2.37992 0.0497079
1  -0.994793 -0.0885502  0.0504496 -0.0765865   0.322961  -0.943308  0.0672369  -0.942261  -0.328061 0.00721356   0.337701   0.156189 0.00194674 0.997323 0.284703 2.22744 0.0394107
1  -0.994863 -0.0909515  0.0444391 -0.0734131   0.346004  -0.935357   0.069696  -0.933814  -0.350903 0.00631731   0.333836   0.163547 0.00205271 0.997323 0.261479 2.52318 0.0369387
0  -0.996877 -0.0622175  0.0486304 -0.0640661   0.277172  -0.958682  0.0461678  -0.958804  -0.280292  0.0112777   0.344596   0.140858 0.0020043 0.998661 0.399981 2.27958 0.091923
1   -0.99406 -0.0958665  0.0515224 -0.0781913   0.299787  -0.950797  0.0757038  -0.949177  -0.305502 0.00478992   0.341187   0.148926 0.00187918 0.997323 0.348249 4.16211 0.0497578
1  -0.994093 -0.0978831  0.0468793 -0.0789893   0.356313  -0.931022  0.0744275  -0.929225   -0.36194 0.00537947   0.331739   0.167106 0.00202857 0.993307 0.32623 1.91969 0.0359336
1  -0.993992  -0.096483  0.0516886 -0.0784506   0.298673  -0.951126  0.0763295  -0.949466  -0.304448 0.00463016    0.34152   0.148464 0.00191571 1 0.347126 3.18085 0.0504269
1  -0.994253 -0.0932553  0.0525762 -0.0775863   0.289292  -0.954092  0.0737642  -0.952688  -0.294864 0.00524247   0.342869     0.1454 0.00191558 1 0.39396 3.86728 0.0608947
1  -0.996251 -0.0726469  0.0469798 -0.0674856   0.312784  -0.947424  0.0541329  -0.947042  -0.316514 0.00938556   0.339308   0.152485 0.00203628 0.998661 0.289717 3.38747 0.0595029
1  -0.993255  -0.102428  0.0543391 -0.0835118   0.306852  -0.948086  0.0804367  -0.946229  -0.313337 0.00375039   0.340232   0.151344 0.00191686 0.998661 0.414856 2.27387 0.0388688
1  -0.994424 -0.0942837  0.0472362 -0.0744294   0.310191  -0.947756  0.0747057  -0.945987  -0.315479  0.0050462   0.339508    0.15235 0.00189073 0.997323 0.462426 1.7338 0.0430253
1  -0.992612  -0.106508  0.0581176 -0.0884136   0.306893  -0.947628  0.0830937  -0.945766  -0.314042 0.00355504   0.340069   0.151421 0.00190527 0.997323 0.387061 2.10095 0.0361568
1    -0.990841    -0.123163    0.0553541   -0.0913194     0.309224    -0.946594     0.099469     -0.94298    -0.317639 -8.06136e-05     0.339465      0.15272 0.00197853 0.998661 0.450058 3.37341 0.0286371
0  -0.997369 -0.0542973   0.048021 -0.0615034   0.283309  -0.957054  0.0383607   -0.95749  -0.285904  0.0135137   0.343737   0.142607 0.00204387 0.997323 0.300538 2.43747 0.0933867
