1  -0.994544 -0.0925905  0.0480634 -0.0749316   0.313467  -0.946638  0.0725834  -0.945074  -0.318695 0.00561829   0.338977    0.15343 0.00188392 0.997323 0.503523 0.24513 0.0416974
0  -0.996875 -0.0629278  0.0477622 -0.0640025   0.288887  -0.955221  0.0463121  -0.955293  -0.292012  0.0112086   0.342906   0.144597 0.00198792 0.998661 0.362609 0.174709 0.0826041
0  -0.999463  0.0068726  0.0320231 -0.0293895   0.243353  -0.969492 -0.0144559  -0.969914   -0.24302  0.0241856   0.348638   0.128666 0.00222263 0.939759 0.320794 0.242247 0.171339
1  -0.994893  -0.088627     0.0483 -0.0729138   0.300176  -0.951093  0.0697941  -0.949758  -0.305105 0.00628871   0.341109   0.148957 0.00190022 0.998661 0.545961 0.747377 0.0547886
1  -0.994816  -0.090203  0.0469598 -0.0725836   0.306374   -0.94914   0.071228  -0.947628  -0.311333 0.00587285   0.340144   0.151012 0.00187943 0.997323 0.274415 0.154739 0.0490278
1  -0.994404 -0.0939487  0.0483072 -0.0756455   0.314053  -0.946387  0.0737408  -0.944746  -0.319403  0.0053632   0.338888   0.153663 0.00188741 0.997323 0.383642 0.168199 0.0401468
1  -0.992644  -0.106879  0.0568694 -0.0874334   0.307951  -0.947376  0.0837416   -0.94538  -0.315031 0.00333094   0.339854    0.15183 0.00188255 0.995984 0.290393 0.644419 0.034987
1  -0.994544 -0.0925905  0.0480634 -0.0749316   0.313467  -0.946638  0.0725834  -0.945074  -0.318695 0.00561829   0.338977    0.15343 0.00188392 0.997323 0.334337 0.107629 0.0416974
1  -0.994544 -0.0925905  0.0480634 -0.0749316   0.313467  -0.946638  0.0725834  -0.945074  -0.318695 0.00561829   0.338977    0.15343 0.00188392 0.997323 0.406486 0.419795 0.0416975
1  -0.994544 -0.0925905  0.0480634 -0.0749316   0.313467  -0.946638  0.0725834  -0.945074  -0.318695 0.00561829   0.338977    0.15343 0.00188392 0.997323 0.265045 0.0969 0.0416975
1  -0.994544 -0.0925905  0.0480634 -0.0749316   0.313467  -0.946638  0.0725834  -0.945074  -0.318695  0.0056183   0.338977    0.15343 0.00188391 0.997323 0.338946 0.290082 0.0416974
1  -0.994867 -0.0888611  0.0484011 -0.0731303   0.300827  -0.950871  0.0699351   -0.94953  -0.305781  0.0062595   0.341008   0.149178 0.00190004 0.998661 0.385995 0.160723 0.0540664
1   -0.991036   -0.121744   0.0550005  -0.0903124    0.307184   -0.947355   0.0984399   -0.943831   -0.315425 0.000173068    0.339743    0.152039 0.00197421 0.998661 0.522901 0.588374 0.0310749
1  -0.994387 -0.0941736  0.0482302 -0.0756596   0.314245  -0.946322  0.0739625  -0.944659  -0.319606 0.00529852   0.338863   0.153731 0.0018875 0.997323 0.355492 0.243883 0.0398549
1  -0.996669 -0.0661545  0.0476895 -0.0653834   0.298697  -0.952105  0.0487413  -0.952052  -0.302028  0.0105976   0.341397   0.147972 0.00197064 0.997323 0.0547084 0.0631041 0.0732337
1  -0.996804 -0.0647372  0.0468085 -0.0639847   0.296149  -0.952996   0.047832  -0.952945  -0.299345    0.01078   0.341794   0.147095 0.00197015 0.997323 0.352202 0.116717 0.0762375
1   -0.99277  -0.106034  0.0562485 -0.0864807    0.30691  -0.947801  0.0832361  -0.945813  -0.313861  0.0034637   0.340059    0.15145 0.00190082 0.997323 0.18514 0.0736263 0.0365274
1  -0.996669 -0.0661544  0.0476895 -0.0653834   0.298697  -0.952105  0.0487413  -0.952052  -0.302028  0.0105976   0.341397   0.147972 0.00197064 0.997323 0.378625 0.101816 0.0732337
0  -0.998414 -0.0335548  0.0451993 -0.0523599   0.258692   -0.96454  0.0206722  -0.965377  -0.260039  0.0165014   0.347111   0.134118 0.00224907 0.985274 0.208515 0.194605 0.12754
1  -0.991833  -0.115453  0.0542044 -0.0873368   0.305062  -0.948319  0.0929509  -0.945308  -0.312654 0.00134771   0.340145   0.151223 0.00198137 0.998661 0.376396 0.101445 0.0347783
1  -0.996669 -0.0661545  0.0476895 -0.0653834   0.298697  -0.952105  0.0487413  -0.952052  -0.302028  0.0105976   0.341397   0.147972 0.00197063 0.997323 0.339542 0.0872643 0.0732337
1   -0.991124   -0.121045   0.0549599   -0.090373    0.310302   -0.946333   0.0974947     -0.9429   -0.318487 0.000421927    0.339241    0.153058 0.00197652 0.998661 0.432591 0.151526 0.0276785
1  -0.994785 -0.0895645  0.0487883 -0.0737996   0.301941  -0.950466  0.0703968   -0.94911  -0.306976 0.00613302   0.340813    0.14956 0.00188015 0.997323 0.376087 0.323086 0.0525712
0  -0.998414 -0.0335548  0.0451993 -0.0523599   0.258692   -0.96454  0.0206722  -0.965377  -0.260039  0.0165014   0.347111   0.134118 0.00224907 0.985274 0.267574 0.27357 0.12754
1  -0.996669 -0.0661544  0.0476895 -0.0653834   0.298697  -0.952105  0.0487413  -0.952052  -0.302028  0.0105976   0.341397   0.147972 0.00197064 0.997323 0.446426 0.333372 0.0732338
1  -0.994867 -0.0888611  0.0484011 -0.0731303   0.300827  -0.950871  0.0699351   -0.94953  -0.305781 0.00625951   0.341008   0.149178 0.00190004 0.998661 0.308444 0.136298 0.0540664
1  -0.994867 -0.0888611  0.0484011 -0.0731303   0.300827  -0.950871  0.0699351   -0.94953  -0.305781  0.0062595   0.341008   0.149178 0.00190004 0.998661 0.189021 0.127826 0.0540664
1  -0.994544 -0.0925905  0.0480634 -0.0749316   0.313467  -0.946638  0.0725834  -0.945074  -0.318695  0.0056183   0.338977    0.15343 0.00188391 0.997323 0.280472 0.097181 0.0416974
1  -0.994785 -0.0895645  0.0487883 -0.0737996   0.301941  -0.950466  0.0703968   -0.94911  -0.306976 0.00613303   0.340813    0.14956 0.00188015 0.997323 0.112304 0.131064 0.0525713
1  -0.994867 -0.0888611  0.0484011 -0.0731303   0.300827  -0.950871  0.0699351   -0.94953  -0.305781  0.0062595   0.341008   0.149178 0.00190004 0.998661 0.411335 0.164438 0.0540664
1   -0.991036   -0.121744   0.0550005  -0.0903124    0.307184   -0.947355   0.0984399   -0.943831   -0.315425 0.000173078    0.339743    0.152039 0.00197421 0.998661 0.318279 0.323903 0.0310749
1   -0.991036   -0.121744   0.0550005  -0.0903124    0.307184   -0.947355   0.0984399   -0.943831   -0.315425 0.000173074    0.339743    0.152039 0.00197421 0.998661 0.504954 0.632532 0.0310751
1  -0.993875 -0.0969868  0.0529757 -0.0805303   0.307318  -0.948193  0.0756819  -0.946652  -0.313246 0.00493983   0.340037   0.151414 0.00188119 0.997323 0.540082 0.385947 0.0421552
1  -0.994785 -0.0895645  0.0487883 -0.0737996   0.301941  -0.950466  0.0703968   -0.94911  -0.306976 0.00613303   0.340813    0.14956 0.00188015 0.997323 0.422324 0.167834 0.0525712
1 -0.992709 -0.106519 0.0564108 -0.086816  0.307215 -0.947672 0.0836146  -0.94566 -0.314222 0.0033721  0.339991  0.151565 0.00190062 0.997323 0.392976 0.224803 0.0359506
1   -0.991036   -0.121744   0.0550005  -0.0903124    0.307184   -0.947355   0.0984399   -0.943831   -0.315425 0.000173071    0.339743    0.152039 0.00197421 0.998661 0.496267 0.563995 0.0310748
1  -0.994785 -0.0895645  0.0487883 -0.0737996    0.30194  -0.950466  0.0703968   -0.94911  -0.306976 0.00613303   0.340813    0.14956 0.00188015 0.997323 0.366535 0.173108 0.0525713
1  -0.996804 -0.0647372  0.0468085 -0.0639847   0.296149  -0.952996   0.047832  -0.952945  -0.299345    0.01078   0.341794   0.147095 0.00197015 0.997323 0.46335 0.274416 0.0762375
1  -0.994785 -0.0895645  0.0487883 -0.0737996   0.301941  -0.950466  0.0703968   -0.94911  -0.306976 0.00613303   0.340813    0.14956 0.00188015 0.997323 0.319434 0.184784 0.0525712
1   -0.991044   -0.121731   0.0548914  -0.0902808    0.307921   -0.947119   0.0983915   -0.943592   -0.316153 0.000182447    0.339632    0.152275 0.00197417 0.998661 0.304409 0.107531 0.030275
1  -0.996685 -0.0660383  0.0475218 -0.0651875   0.298688  -0.952122  0.0486824  -0.952063  -0.302002  0.0106045   0.341404   0.147958 0.00197056 0.997323 0.229369 0.106948 0.0733666
1  -0.996669 -0.0661545  0.0476895 -0.0653834   0.298697  -0.952105  0.0487413  -0.952052  -0.302028  0.0105976   0.341397   0.147972 0.00197063 0.997323 0.392289 0.102671 0.0732337
1  -0.992709  -0.106519  0.0564108  -0.086816   0.307215  -0.947672  0.0836146   -0.94566  -0.314222 0.00337211   0.339991   0.151565 0.00190063 0.997323 0.313251 0.185874 0.0359506
0  -0.998414 -0.0335548  0.0451993 -0.0523599   0.258692   -0.96454  0.0206722  -0.965377  -0.260039  0.0165014   0.347111   0.134118 0.00224907 0.985274 0.237714 0.226402 0.12754
1  -0.996685 -0.0660383  0.0475218 -0.0651875   0.298688  -0.952122  0.0486823  -0.952063  -0.302002  0.0106045   0.341404   0.147958 0.00197056 0.997323 0.389347 0.145293 0.0733666
1  -0.994785 -0.0895645  0.0487883 -0.0737996   0.301941  -0.950466  0.0703968   -0.94911  -0.306976 0.00613303   0.340813    0.14956 0.00188015 0.997323 0.27024 0.166746 0.0525712
0  -0.998414 -0.0335548  0.0451993 -0.0523599   0.258692   -0.96454  0.0206722  -0.965377  -0.260039  0.0165014   0.347111   0.134118 0.00224907 0.985274 0.426843 0.963409 0.12754
0  -0.996875 -0.0629278  0.0477622 -0.0640025   0.288887  -0.955221  0.0463121  -0.955293  -0.292012  0.0112086   0.342906   0.144597 0.00198792 0.998661 0.376748 0.180966 0.0826041
1   -0.991036   -0.121744   0.0550005  -0.0903124    0.307184   -0.947355   0.0984399   -0.943831   -0.315425 0.000173083    0.339743    0.152039 0.00197421 0.998661 0.590894 0.397282 0.0310749
1  -0.996605 -0.0672869  0.0474499 -0.0654587   0.297952  -0.952334  0.0499419  -0.952207  -0.301344  0.0103236   0.341527   0.147739 0.00197365 0.997323 0.458167 0.327614 0.072836
0   -0.99688 -0.0628336  0.0477798 -0.0640164   0.289396  -0.955066   0.046183  -0.955145  -0.292515  0.0112405   0.342839   0.144751 0.00198808 0.998661 0.295645 0.0924207 0.0823117
1  -0.996601 -0.0672931  0.0475119  -0.065568   0.298872  -0.952038  0.0498656  -0.951918  -0.302269   0.010349   0.341389    0.14804 0.00197377 0.997323 0.305179 0.0985516 0.0722113
1  -0.993857 -0.0971674  0.0529726 -0.0805893    0.30738  -0.948168  0.0758483  -0.946613  -0.313323 0.00489162   0.340032   0.151438 0.00188125 0.997323 0.137468 0.106969 0.0419788
1  -0.996659 -0.0663791  0.0475874 -0.0653678   0.298967  -0.952022  0.0489673  -0.951952  -0.302307  0.0105236   0.341368   0.148049 0.00197048 0.997323 0.436635 0.134142 0.07289
1 -0.992709 -0.106519 0.0564108 -0.086816  0.307215 -0.947672 0.0836147  -0.94566 -0.314222 0.0033721  0.339991  0.151565 0.00190063 0.997323 0.163106 0.073687 0.0359506
1  -0.995826  -0.077929   0.047516  -0.068883   0.300123   -0.95141  0.0598818  -0.950712  -0.304238 0.00838309   0.341126   0.148763 0.0019993 1 0.362336 0.131278 0.0628267
1  -0.993875 -0.0969869  0.0529757 -0.0805303   0.307318  -0.948193  0.0756819  -0.946652  -0.313246 0.00493983   0.340037   0.151414 0.00188119 0.997323 0.415766 0.332634 0.0421551
1   -0.991036   -0.121744   0.0550005  -0.0903124    0.307184   -0.947355   0.0984399   -0.943831   -0.315425 0.000173079    0.339743    0.152039 0.00197421 0.998661 0.378352 0.338673 0.0310748
1  -0.994544 -0.0925905  0.0480634 -0.0749316   0.313467  -0.946638  0.0725834  -0.945074  -0.318695 0.00561829   0.338977    0.15343 0.00188392 0.997323 0.334856 0.0967092 0.0416974
1  -0.994893  -0.088627     0.0483 -0.0729138   0.300176  -0.951093  0.0697941  -0.949758  -0.305105 0.00628871   0.341109   0.148957 0.00190022 0.998661 0.292059 0.545786 0.0547886
1  -0.996685 -0.0660383  0.0475218 -0.0651875   0.298688  -0.952122  0.0486824  -0.952063  -0.302002  0.0106045   0.341404   0.147958 0.00197056 0.997323 0.287978 0.116978 0.0733666
1 -0.992709 -0.106519 0.0564108 -0.086816  0.307215 -0.947672 0.0836146  -0.94566 -0.314222 0.0033721  0.339991  0.151565 0.00190063 0.997323 0.415797 0.155792 0.0359506
1  -0.996819 -0.0642509  0.0471504 -0.0641252   0.295336  -0.953239  0.0473212   -0.95323  -0.298517  0.0109289   0.341925   0.146794 0.00197001 0.997323 0.292837 0.118166 0.0771288
1   -0.991036   -0.121744   0.0550005  -0.0903124    0.307184   -0.947355   0.0984399   -0.943831   -0.315425 0.000173073    0.339743    0.152039 0.00197421 0.998661 0.33505 0.275425 0.0310749
1  -0.994544 -0.0925905  0.0480634 -0.0749316   0.313467  -0.946638  0.0725834  -0.945074  -0.318695  0.0056183   0.338977    0.15343 0.00188391 0.997323 0.414575 0.234353 0.0416975
1  -0.994867 -0.0888611  0.0484011 -0.0731303   0.300827  -0.950871  0.0699351   -0.94953  -0.305781  0.0062595   0.341008   0.149178 0.00190004 0.998661 0.333619 0.14211 0.0540664
1  -0.992709  -0.106519  0.0564108  -0.086816   0.307215  -0.947672  0.0836146   -0.94566  -0.314222 0.00337211   0.339991   0.151565 0.00190063 0.997323 0.316978 0.172382 0.0359506
1  -0.996611 -0.0672992  0.0473033 -0.0653361   0.298216   -0.95226  0.0499797  -0.952123  -0.301602  0.0103056   0.341487   0.147828 0.00197365 0.997323 0.228085 0.132958 0.0726745
1  -0.994544 -0.0925905  0.0480634 -0.0749316   0.313467  -0.946638  0.0725834  -0.945074  -0.318695  0.0056183   0.338977    0.15343 0.00188391 0.997323 0.361295 0.302377 0.0416974
1   -0.991124   -0.121045   0.0549599   -0.090373    0.310302   -0.946333   0.0974947     -0.9429   -0.318487 0.000421933    0.339241    0.153057 0.00197651 0.998661 0.28616 0.583105 0.0276785
0  -0.996848 -0.0637684  0.0471963 -0.0639349   0.293513  -0.953815  0.0469706  -0.953826  -0.296665  0.0110249   0.342201   0.146175 0.0019882 0.998661 0.326638 0.0976091 0.0787563
1  -0.994544 -0.0925905  0.0480634 -0.0749316   0.313467  -0.946638  0.0725834  -0.945074  -0.318695 0.00561829   0.338977    0.15343 0.00188391 0.997323 0.438839 0.225569 0.0416974
1  -0.994544 -0.0925905  0.0480634 -0.0749316   0.313467  -0.946638  0.0725834  -0.945074  -0.318695  0.0056183   0.338977    0.15343 0.00188391 0.997323 0.381612 0.335868 0.0416974
1  -0.996659 -0.0663791  0.0475874 -0.0653678   0.298967  -0.952022  0.0489673  -0.951952  -0.302307  0.0105236   0.341368   0.148049 0.00197048 0.997323 0.253389 0.111487 0.0728899
1  -0.995826  -0.077929   0.047516 -0.0688831   0.300123   -0.95141  0.0598818  -0.950712  -0.304238 0.00838309   0.341126   0.148763 0.0019993 1 0.189693 0.101894 0.0628266
0  -0.996843 -0.0637543  0.0473316  -0.064068   0.293674  -0.953756   0.046906  -0.953777  -0.296831  0.0110442   0.342181   0.146237 0.00198833 0.998661 0.263681 0.112429 0.0786332
1  -0.995826  -0.077929   0.047516 -0.0688831   0.300123   -0.95141  0.0598818  -0.950712  -0.304238 0.00838308   0.341126   0.148763 0.0019993 1 0.0805311 0.0770001 0.0628266
1  -0.996669 -0.0661544  0.0476895 -0.0653834   0.298698  -0.952105  0.0487413  -0.952052  -0.302028  0.0105976   0.341397   0.147972 0.00197064 0.997323 0.223684 0.0876096 0.0732337
1 -0.992709 -0.106519 0.0564108 -0.086816  0.307215 -0.947672 0.0836146  -0.94566 -0.314222 0.0033721  0.339991  0.151565 0.00190063 0.997323 0.342998 0.18073 0.0359506
1  -0.996605  -0.067287    0.04745 -0.0654587   0.297951  -0.952334  0.0499419  -0.952207  -0.301344  0.0103236   0.341527   0.147739 0.00197365 0.997323 0.272372 0.180615 0.072836
1  -0.996601 -0.0672931  0.0475119  -0.065568   0.298872  -0.952038  0.0498656  -0.951918  -0.302269   0.010349   0.341389    0.14804 0.00197377 0.997323 0.283812 0.267672 0.0722113
1  -0.996611 -0.0672992  0.0473033 -0.0653361   0.298216   -0.95226  0.0499798  -0.952123  -0.301602  0.0103055   0.341487   0.147828 0.00197365 0.997323 0.26949 0.345145 0.0726745
1  -0.992709  -0.106519  0.0564108  -0.086816   0.307215  -0.947672  0.0836146   -0.94566  -0.314222 0.00337211   0.339991   0.151565 0.00190063 0.997323 0.349201 0.195732 0.0359506
1   -0.991036   -0.121744   0.0550005  -0.0903124    0.307184   -0.947355   0.0984399   -0.943831   -0.315425 0.000173081    0.339743    0.152039 0.00197421 0.998661 0.296203 0.166174 0.0310749
1  -0.992709  -0.106519  0.0564108  -0.086816   0.307215  -0.947672  0.0836146   -0.94566  -0.314222 0.00337211   0.339991   0.151565 0.00190063 0.997323 0.271188 0.153087 0.0359506
1  -0.994544 -0.0925905  0.0480634 -0.0749316   0.313467  -0.946638  0.0725834  -0.945074  -0.318695 0.00561829   0.338977    0.15343 0.00188391 0.997323 0.463486 0.306772 0.0416974
1    -0.99134   -0.119101   0.0553108   -0.089965    0.309155   -0.946747   0.0956586   -0.943524   -0.317193 0.000785191     0.33943    0.152675 0.00198183 0.998661 0.279579 0.122902 0.0292048
0  -0.998414 -0.0335548  0.0451993 -0.0523599   0.258692   -0.96454  0.0206722  -0.965377  -0.260039  0.0165014   0.347111   0.134118 0.00224907 0.985274 0.358954 0.536364 0.12754
1  -0.996731 -0.0657866  0.0468934  -0.064443   0.297357  -0.952589  0.0487235  -0.952497  -0.300625   0.010553   0.341612   0.147512 0.00197021 0.997323 0.352834 0.126358 0.074555
1 -0.995826 -0.077929  0.047516 -0.068883  0.300123  -0.95141 0.0598818 -0.950712 -0.304238 0.0083831  0.341126  0.148763 0.0019993 1 0.31854 0.101632 0.0628267
1  -0.994544 -0.0925905  0.0480634 -0.0749316   0.313467  -0.946638  0.0725834  -0.945074  -0.318695  0.0056183   0.338977    0.15343 0.00188392 0.997323 0.389144 0.46545 0.0416974
1  -0.994544 -0.0925905  0.0480634 -0.0749316   0.313467  -0.946638  0.0725834  -0.945074  -0.318695  0.0056183   0.338977    0.15343 0.00188392 0.997323 0.425784 0.332108 0.0416975
1   -0.99472 -0.0902293  0.0489022 -0.0741271   0.302117  -0.950384  0.0709783  -0.948991  -0.307211 0.00596302   0.340796    0.14963 0.00187963 0.997323 0.195682 0.102262 0.0519362
1  -0.994387 -0.0941737  0.0482302 -0.0756596   0.314245  -0.946322  0.0739625  -0.944659  -0.319606 0.00529852   0.338863   0.153731 0.0018875 0.997323 0.213809 0.122117 0.0398549
1  -0.994749 -0.0907003   0.047411 -0.0731186   0.305694  -0.949318  0.0716102    -0.9478   -0.31072 0.00575365   0.340259   0.150797 0.00187919 0.997323 0.311844 0.154253 0.049077
1  -0.996659 -0.0663791  0.0475874 -0.0653678   0.298967  -0.952022  0.0489673  -0.951952  -0.302307  0.0105236   0.341368   0.148049 0.00197048 0.997323 0.33251 0.422374 0.0728899
1   -0.991036   -0.121744   0.0550005  -0.0903124    0.307184   -0.947355   0.0984399   -0.943831   -0.315425 0.000173068    0.339743    0.152039 0.00197421 0.998661 0.32703 0.219843 0.0310748
1   -0.991036   -0.121744   0.0550005  -0.0903124    0.307184   -0.947355   0.0984399   -0.943831   -0.315425 0.000173074    0.339743    0.152039 0.00197421 0.998661 0.472162 1.18338 0.0310749
1   -0.991036   -0.121744   0.0550005  -0.0903124    0.307184   -0.947355   0.0984399   -0.943831   -0.315425 0.000173064    0.339743    0.152039 0.00197421 0.998661 0.35213 0.314871 0.031075
0  -0.998414 -0.0335548  0.0451993 -0.0523599   0.258692   -0.96454  0.0206722  -0.965377  -0.260039  0.0165014   0.347111   0.134118 0.00224907 0.985274 0.377734 0.727028 0.12754
0  -0.998414 -0.0335548  0.0451993 -0.0523599   0.258692   -0.96454  0.0206722  -0.965377  -0.260039  0.0165014   0.347111   0.134118 0.00224907 0.985274 0.278464 0.246647 0.12754
1  -0.996611 -0.0672992  0.0473033 -0.0653361   0.298216   -0.95226  0.0499797  -0.952123  -0.301602  0.0103056   0.341487   0.147828 0.00197364 0.997323 0.308663 0.063588 0.0726746
1  -0.994781 -0.0904411  0.0472363  -0.072892   0.305976  -0.949245  0.0713976  -0.947734  -0.310971 0.00581787   0.340209   0.150885 0.00187933 0.997323 0.35744 0.138941 0.0490894
1 -0.992709 -0.106519 0.0564108 -0.086816  0.307215 -0.947672 0.0836146  -0.94566 -0.314223 0.0033721  0.339991  0.151565 0.00190063 0.997323 0.383217 0.350111 0.0359505
1  -0.994785 -0.0895645  0.0487883 -0.0737996   0.301941  -0.950466  0.0703968   -0.94911  -0.306976 0.00613303   0.340813    0.14956 0.00188015 0.997323 0.275435 0.17416 0.0525712
1   -0.991124   -0.121045   0.0549599   -0.090373    0.310302   -0.946333   0.0974947     -0.9429   -0.318487 0.000421939    0.339241    0.153058 0.00197652 0.998661 0.325436 0.148316 0.0276785
1  -0.994544 -0.0925905  0.0480634 -0.0749316   0.313467  -0.946638  0.0725834  -0.945074  -0.318695  0.0056183   0.338977    0.15343 0.00188392 0.997323 0.353767 0.121662 0.0416975
1  -0.996801 -0.0646606   0.046971 -0.0640985   0.295778  -0.953104  0.0477353  -0.953066  -0.298977  0.0108123   0.341846   0.146972 0.0019702 0.997323 0.276081 0.0928502 0.0765204
1  -0.994843 -0.0898529   0.047045 -0.0724987    0.30562   -0.94939  0.0709275  -0.947905  -0.310558 0.00594798   0.340249   0.150779 0.00187985 0.997323 0.32367 0.101883 0.0498393
1   -0.991036   -0.121744   0.0550005  -0.0903124    0.307184   -0.947355   0.0984399   -0.943831   -0.315425 0.000173064    0.339743    0.152039 0.00197421 0.998661 0.408991 0.27427 0.0310749
1  -0.994544 -0.0925905  0.0480634 -0.0749316   0.313467  -0.946638  0.0725834  -0.945074  -0.318695 0.00561829   0.338977    0.15343 0.00188391 0.997323 0.509149 0.295456 0.0416974
1  -0.994544 -0.0925905  0.0480634 -0.0749316   0.313467  -0.946638  0.0725834  -0.945074  -0.318695  0.0056183   0.338977    0.15343 0.00188392 0.997323 0.374276 0.11214 0.0416974
0  -0.998527 -0.0320719  0.0437718 -0.0504992   0.254004  -0.965884  0.0198595  -0.966671  -0.255249  0.0166998   0.347754   0.132529 0.00218732 0.981258 0.254562 0.159896 0.132401
1  -0.994544 -0.0925905  0.0480634 -0.0749316   0.313467  -0.946638  0.0725834  -0.945074  -0.318695  0.0056183   0.338977    0.15343 0.00188391 0.997323 0.403978 0.252802 0.0416975
0  -0.998414 -0.0335548  0.0451993 -0.0523599   0.258692   -0.96454  0.0206722  -0.965377  -0.260039  0.0165014   0.347111   0.134118 0.00224907 0.985274 0.215491 0.19215 0.12754
1  -0.992709  -0.106519  0.0564108  -0.086816   0.307215  -0.947672  0.0836146   -0.94566  -0.314223 0.00337211   0.339991   0.151565 0.00190063 0.997323 0.419811 0.175118 0.0359505
1  -0.994544 -0.0925905  0.0480634 -0.0749316   0.313467  -0.946638  0.0725834  -0.945074  -0.318695  0.0056183   0.338977    0.15343 0.00188392 0.997323 0.464364 0.106052 0.0416974
1   -0.991036   -0.121744   0.0550005  -0.0903124    0.307184   -0.947355   0.0984399   -0.943831   -0.315425 0.000173078    0.339743    0.152039 0.00197421 0.998661 0.364883 0.315612 0.0310749
1   -0.991124   -0.121045   0.0549599   -0.090373    0.310302   -0.946333   0.0974947     -0.9429   -0.318487 0.000421932    0.339241    0.153058 0.00197652 0.998661 0.450619 0.553658 0.0276785
1  -0.996685 -0.0660383  0.0475218 -0.0651875   0.298688  -0.952122  0.0486824  -0.952063  -0.302002  0.0106045   0.341404   0.147958 0.00197056 0.997323 0.325626 0.102945 0.0733666
