1  -0.994925 -0.0873593  0.0499251 -0.0767802   0.338475  -0.937838  0.0650305  -0.936911  -0.343465 0.00722547   0.334591   0.161385 0.00271473 0.919679 0.0483056 13.5068
1  -0.995249 -0.0874502  0.0428021 -0.0679575   0.309124  -0.948591  0.0697232  -0.946992  -0.313598 0.00567793   0.339472   0.151914 0.00260919 0.930388 0.302557 12.0067
1  -0.996539 -0.0690705  0.0462509 -0.0657429    0.31439  -0.947015    0.05087  -0.946778  -0.317843 0.00963308   0.338788   0.153145 0.00246831 0.919679 0.0898258 0.110525
1  -0.994946 -0.0883055  0.0477941 -0.0736338   0.318059  -0.945207  0.0682656  -0.943949  -0.322954 0.00640189   0.338098   0.154821 0.00255679 0.927711 0.00990079 0.112476
1  -0.994789 -0.0894358  0.0489575 -0.0754982   0.323431  -0.943235  0.0685246  -0.942016  -0.328497 0.00622056   0.337118   0.156773 0.00256088 0.922356 0.0752955 0.224805
1  -0.993457  -0.100749  0.0537886 -0.0831148   0.314768  -0.945523  0.0783296  -0.943806  -0.321083  0.0040756   0.338679   0.153876 0.00254113 0.937082 0.03875 0.0883796
1  -0.994518  -0.092634  0.0484988 -0.0765027    0.32845  -0.941418  0.0712779  -0.939968  -0.333737 0.00575771   0.336314   0.158312 0.00255819 0.923695 0.0091563 0.059428
1  -0.994717 -0.0902147  0.0489887  -0.076033   0.326805  -0.942028  0.0689751  -0.940776  -0.331937 0.00624019   0.336571   0.157764 0.00261195 0.925033 0.0246293 0.0749471
1   -0.99451 -0.0905546  0.0524402 -0.0765203     0.2875  -0.954719  0.0713776   -0.95349  -0.292851 0.00600208   0.343317   0.144753 0.00265801 0.961178 0.0920883 0.107912
1  -0.991508  -0.117315  0.0561231 -0.0922004    0.32977  -0.939548  0.0917153  -0.936744  -0.337786 0.00155244   0.335797   0.159425 0.00268458 0.923695 -0.00756572 0.0296341
1  -0.994678 -0.0906066  0.0490554 -0.0762606   0.327258  -0.941853  0.0692843  -0.940581  -0.332426 0.00619343   0.336521   0.157881 0.00257835 0.923695 0.0027524 0.132207
1   -0.99654 -0.0690782  0.0462101 -0.0657119   0.314488  -0.946984  0.0508835  -0.946745  -0.317939 0.00962987   0.338773   0.153178 0.00246877 0.919679 0.160786 0.112324
1  -0.996539  -0.069096  0.0462122 -0.0657164   0.314429  -0.947003  0.0509037  -0.946763  -0.317882 0.00962202   0.338783    0.15316 0.00246791 0.919679 0.101288 0.111908
1    -0.990074    -0.128317    0.0573355   -0.0978832     0.336811    -0.936471     0.100854    -0.932788    -0.346028 -0.000189897      0.33447     0.162041 0.00263962 0.917001 -0.00566894 0.0405036
1  -0.994301 -0.0948123  0.0487359 -0.0774348   0.328133  -0.941453  0.0732694  -0.939861  -0.333605 0.00531301    0.33637   0.158276 0.00253568 0.925033 -0.0170857 0.0638538
1  -0.994377 -0.0932778  0.0501295  -0.076522   0.305719  -0.949042   0.073199  -0.947542  -0.311138 0.00512266   0.340138   0.150743 0.00254921 0.935743 0.011884 0.055056
1  -0.994518 -0.0928671  0.0480525 -0.0761162   0.327895  -0.941643  0.0716914  -0.940139  -0.333166 0.00566483   0.336366   0.158233 0.00255865 0.923695 -0.00783453 0.0359817
1  -0.994789 -0.0894358  0.0489575 -0.0754982   0.323431  -0.943235  0.0685246  -0.942016  -0.328497 0.00622056   0.337118   0.156773 0.0025609 0.922356 0.018552 0.0496348
1  -0.996571 -0.0684108   0.046545 -0.0657066   0.312404  -0.947674  0.0502903  -0.947483  -0.315828 0.00978873   0.339078   0.152514 0.00246425 0.919679 0.0130179 0.0441539
1   -0.99651 -0.0692956  0.0465302 -0.0659266   0.311543  -0.947942   0.051192  -0.947702  -0.315024 0.00950497   0.339248   0.152363 0.00243382 0.919679 0.0945887 0.112825
1  -0.992318  -0.111363  0.0538885 -0.0882571   0.331973  -0.939151  0.0866973  -0.936692  -0.339252  0.0024477   0.335501   0.160007 0.00261284 0.922356 0.0100105 0.0460413
1  -0.991471  -0.117673  0.0560158 -0.0923217   0.330794  -0.939176  0.0919861  -0.936338  -0.338837 0.00149922   0.335604   0.159779 0.00266615 0.921017 0.0117213 0.121121
1  -0.996571 -0.0684108   0.046545 -0.0657066   0.312404  -0.947674  0.0502904  -0.947483  -0.315828 0.00978873   0.339078   0.152514 0.00246426 0.919679 0.0773682 0.0949384
1  -0.992304  -0.111069  0.0547359 -0.0892819   0.335498    -0.9378  0.0857969   -0.93547  -0.342833 0.00274124   0.334924   0.161156 0.00258502 0.919679 -0.0206676 0.0592017
1  -0.994775 -0.0899188  0.0483361  -0.075204   0.325274  -0.942625  0.0690372  -0.941335  -0.330337 0.00620727   0.336863   0.157214 0.00258499 0.925033 0.023365 0.154894
1   -0.99654 -0.0690782  0.0462101 -0.0657119   0.314488  -0.946984  0.0508834  -0.946745  -0.317939 0.00962988   0.338773   0.153178 0.00246876 0.919679 0.0234849 0.0642802
1  -0.996539  -0.069096  0.0462122 -0.0657164   0.314429  -0.947003  0.0509037  -0.946763  -0.317882 0.00962201   0.338783    0.15316 0.00246791 0.919679 0.00213833 0.0664837
1   -0.99654 -0.0690782  0.0462101 -0.0657119   0.314488  -0.946984  0.0508834  -0.946745  -0.317939 0.00962987   0.338773   0.153178 0.00246877 0.919679 0.0851521 0.0784483
1  -0.991701  -0.116037  0.0553551 -0.0907261   0.326573  -0.940808  0.0910914  -0.938022  -0.334391 0.00165267   0.336343   0.158385 0.00266994 0.925033 0.0140199 0.0731755
1   -0.990557   -0.124748   0.0568778  -0.0959905    0.334817   -0.937381    0.097893   -0.933989    -0.34363 0.000413859     0.33489    0.161287 0.00263861 0.919679 0.00508461 0.0249037
1   -0.99654 -0.0690782  0.0462101 -0.0657119   0.314488  -0.946984  0.0508834  -0.946745  -0.317939 0.00962987   0.338773   0.153178 0.00246876 0.919679 0.125488 0.103946
1  -0.994552 -0.0927628  0.0475561 -0.0755853   0.327555  -0.941804  0.0717871  -0.940268  -0.332782 0.00555233   0.336449   0.158213 0.00252449 0.922356 0.00263961 0.0351149
1  -0.992375  -0.110602  0.0543997 -0.0888122   0.335605  -0.937807  0.0854662  -0.935487  -0.342869 0.00278471   0.334918    0.16116 0.00257936 0.919679 0.00192853 0.0831369
1  -0.996339 -0.0713436  0.0471099 -0.0674327   0.317049  -0.946009  0.0525555  -0.945722  -0.320699  0.0093607   0.338343   0.154061 0.00246643 0.919679 -0.00132685 0.030066
1  -0.994771 -0.0899798  0.0483045 -0.0751963   0.325302  -0.942615  0.0691028  -0.941319  -0.330368 0.00619241   0.336861   0.157225 0.00256318 0.923695 0.00121763 0.139583
1  -0.994428 -0.0935817  0.0485382   -0.07684   0.328209  -0.941475  0.0721741  -0.939958  -0.333571 0.00557732   0.336333   0.158278 0.00252794 0.922356 0.0996023 0.0825128
1  -0.994569 -0.0918761  0.0489049 -0.0765917   0.327907    -0.9416  0.0704743  -0.940232  -0.333163 0.00594859   0.336388   0.158129 0.00257479 0.923695 -0.00186037 0.0252495
1  -0.996542    -0.0691  0.0461507 -0.0656538   0.314329  -0.947041  0.0509341  -0.946796  -0.317778 0.00961935   0.338794   0.153127 0.00246881 0.919679 0.0596374 0.0872486
1  -0.991785  -0.115342  0.0553022 -0.0905894   0.328117  -0.940283  0.0903083  -0.937569   -0.33587 0.00182269   0.336094    0.15885 0.00267446 0.925033 -0.0388529 0.0727836
1  -0.991675  -0.116185  0.0555071 -0.0909627    0.32701  -0.940633  0.0911361  -0.937852  -0.334856 0.00165046   0.336265   0.158533 0.00267574 0.925033 0.0151154 0.0692872
1     -0.98984    -0.129767    0.0581147   -0.0989351     0.335035    -0.936997     0.102121    -0.933227     -0.34447 -0.000424919     0.334762      0.16147 0.00268678 0.921017 0.0113005 0.0611196
1  -0.994304 -0.0947903  0.0487201 -0.0774146    0.32816  -0.941445  0.0732518  -0.939854  -0.333629 0.00531624   0.336368   0.158283 0.00253504 0.925033 -0.0268743 0.0585756
1  -0.991785  -0.115342  0.0553022 -0.0905895   0.328117  -0.940283  0.0903083  -0.937569   -0.33587 0.00182269   0.336094    0.15885 0.00267448 0.925033 0.0010548 0.0296616
1  -0.994724 -0.0901811   0.048902 -0.0759039   0.326316  -0.942208  0.0690119  -0.940949  -0.331439 0.00621162   0.336648   0.157609 0.0026118 0.925033 -0.0172627 0.0544722
1  -0.998604 -0.0381921  0.0364891 -0.0465303   0.309082  -0.949896  0.0250004  -0.950268  -0.310427  0.0147833   0.339172   0.151453 0.00297298 0.917001 0.0461814 0.0656646
1  -0.995065 -0.0868255  0.0480298 -0.0736298    0.32164  -0.943995  0.0665145  -0.942873  -0.326446 0.00670798   0.337439   0.156015 0.00260022 0.925033 0.040237 0.044854
1   -0.99654 -0.0690782  0.0462101 -0.0657119   0.314488  -0.946984  0.0508834  -0.946745  -0.317939 0.00962987   0.338773   0.153178 0.00246876 0.919679 0.0738757 0.0926909
1  -0.992415  -0.110257  0.0543744  -0.088742   0.336407  -0.937526  0.0850773   -0.93524   -0.34364 0.00288862   0.334773   0.161412 0.0025903 0.919679 -0.00332474 0.0447809
1   -0.99471 -0.0906912  0.0482376 -0.0753871   0.325539  -0.942518  0.0697749  -0.941169  -0.330654 0.00605881    0.33681   0.157318 0.00255927 0.923695 -0.00526742 0.151771
1  -0.996539  -0.069096  0.0462122 -0.0657164   0.314429  -0.947003  0.0509037  -0.946763  -0.317882 0.00962202   0.338783    0.15316 0.00246791 0.919679 0.0993678 0.117632
1  -0.994775 -0.0899188  0.0483361  -0.075204   0.325274  -0.942625  0.0690372  -0.941335  -0.330337 0.00620727   0.336863   0.157214 0.002585 0.925033 0.0140711 0.178656
1  -0.996519 -0.0692341  0.0464311 -0.0658062   0.311421  -0.947991  0.0511737  -0.947747  -0.314893 0.00950424   0.339269    0.15232 0.00243336 0.919679 -0.0148647 0.0792129
1  -0.996539  -0.069096  0.0462123 -0.0657164   0.314429  -0.947003  0.0509037  -0.946763  -0.317882 0.00962201   0.338783    0.15316 0.00246791 0.919679 0.0433561 0.093462
1    -0.989999    -0.128773    0.0576163   -0.0984124     0.337768     -0.93607     0.101079    -0.932379    -0.347063 -0.000222353     0.334338     0.162276 0.00271356 0.922356 0.0247225 0.0553165
1  -0.991553  -0.117103  0.0557664 -0.0916926   0.328774  -0.939947  0.0917363   -0.93712  -0.336735  0.0015175    0.33597   0.159092 0.00271317 0.926372 -0.0260087 0.101392
1   -0.99654 -0.0690782  0.0462101 -0.0657119   0.314488  -0.946984  0.0508834  -0.946745  -0.317939 0.00962987   0.338773   0.153178 0.00246876 0.919679 0.100412 0.105405
1  -0.995871 -0.0761993  0.0493364 -0.0711268   0.317299  -0.945654  0.0564038  -0.945259  -0.321409 0.00877759   0.338246   0.154326 0.0025077 0.922356 0.00708542 0.0255831
1  -0.991553  -0.117103  0.0557664 -0.0916926   0.328774  -0.939947  0.0917363   -0.93712  -0.336735 0.00151751    0.33597   0.159092 0.00271318 0.926372 -0.0199453 0.0970286
1  -0.995122 -0.0862494  0.0478787 -0.0729386   0.316529  -0.945775  0.0664176  -0.944654  -0.321276 0.00670388   0.338317   0.154435 0.00255419 0.926372 0.0144285 0.0587238
1   -0.99654 -0.0690782  0.0462101 -0.0657119   0.314488  -0.946984  0.0508834  -0.946745  -0.317939 0.00962987   0.338773   0.153178 0.00246877 0.919679 0.0416657 0.0835032
1  -0.996542 -0.0691001  0.0461507 -0.0656538   0.314329  -0.947041  0.0509341  -0.946796  -0.317778 0.00961935   0.338794   0.153127 0.0024688 0.919679 0.00365578 0.0170373
1  -0.995016 -0.0876812  0.0474864 -0.0733235   0.320636   -0.94436  0.0675768  -0.943135  -0.325467 0.00655621   0.337665   0.155663 0.00256751 0.926372 0.0341009 0.0756659
1  -0.998586  -0.037852  0.0373311 -0.0472273   0.309148  -0.949841  0.0244125   -0.95026  -0.310498  0.0150052   0.339216    0.15126 0.00299097 0.921017 -0.00559459 0.0341172
1  -0.996571 -0.0684108   0.046545 -0.0657066   0.312404  -0.947674  0.0502903  -0.947483  -0.315828 0.00978873   0.339078   0.152514 0.00246427 0.919679 0.0995341 0.0966499
1  -0.991667  -0.116273  0.0554754 -0.0910449    0.32786  -0.940329  0.0911465  -0.937544  -0.335714 0.00165328   0.336112    0.15882 0.00266972 0.923695 -0.00406649 0.0800294
1  -0.994724 -0.0901812   0.048902 -0.0759039   0.326316  -0.942208  0.0690119  -0.940949  -0.331439 0.00621161   0.336648   0.157609 0.00261179 0.925033 0.00982813 0.163295
1  -0.994679 -0.0905648  0.0491147 -0.0763068   0.327314  -0.941829  0.0692207  -0.940566  -0.332483 0.00619754   0.336509   0.157898 0.00258325 0.923695 0.128739 0.0821155
1  -0.991553  -0.117103  0.0557664 -0.0916926   0.328774  -0.939947  0.0917363   -0.93712  -0.336735 0.00151751    0.33597   0.159092 0.00271317 0.926372 -0.00220981 0.0865753
1  -0.994558 -0.0919992  0.0489026 -0.0766839   0.328615  -0.941346  0.0705329  -0.939973  -0.333881 0.00593027   0.336252   0.158378 0.00256938 0.922356 -0.0245585 0.147504
1  -0.994296 -0.0953655  0.0477648 -0.0767885    0.32924  -0.941119  0.0740242  -0.939418  -0.334685  0.0051202   0.336196   0.158805 0.0024812 0.922356 -0.00532649 0.0931607
1   -0.99858 -0.0378656  0.0374751 -0.0473796   0.309586   -0.94969  0.0243588  -0.950117   -0.31094  0.0150272   0.339148   0.151402 0.0029935 0.921017 0.170396 0.104432
1  -0.994548 -0.0927139  0.0477297  -0.075871   0.329363   -0.94115  0.0715373   -0.93964  -0.334602 0.00564701   0.336156   0.158651 0.00256549 0.923695 0.0117666 0.0884815
1  -0.992806  -0.105956  0.0557642 -0.0869144   0.317405  -0.944299  0.0823545  -0.942352  -0.324331 0.00322633   0.338193   0.154891 0.00255934 0.935743 -0.0333796 0.0627809
1  -0.991721  -0.115768  0.0555656 -0.0909207   0.327463  -0.940479  0.0906814  -0.937745  -0.335278 0.00171377   0.336212   0.158644 0.00268054 0.926372 -0.0318854 0.0552157
1   -0.99654 -0.0690953  0.0461885 -0.0656935   0.314426  -0.947006  0.0509108  -0.946764  -0.317877 0.00962248   0.338781   0.153159 0.00246894 0.919679 -0.00276583 0.0259699
1  -0.996539  -0.069096  0.0462122 -0.0657164   0.314429  -0.947003  0.0509037  -0.946763  -0.317882 0.00962201   0.338783    0.15316 0.00246792 0.919679 0.0387046 0.0933252
1   -0.99471 -0.0906912  0.0482376 -0.0753871   0.325539  -0.942518  0.0697749  -0.941169  -0.330654  0.0060588    0.33681   0.157318 0.00255927 0.923695 0.125819 0.121233
1  -0.998408 -0.0389703  0.0407728 -0.0506425   0.301183  -0.952221  0.0248282   -0.95277  -0.302677    0.01494   0.340579   0.148403 0.00288625 0.921017 -0.0185281 0.0538401
1   -0.99654 -0.0690782  0.0462101 -0.0657119   0.314488  -0.946984  0.0508834  -0.946745  -0.317939 0.00962987   0.338773   0.153178 0.00246876 0.919679 0.00976779 0.0711511
1  -0.994294 -0.0948664  0.0487931  -0.077513   0.328207   -0.94142  0.0732948   -0.93983  -0.333687  0.0053119   0.336358   0.158304 0.00253479 0.925033 -0.0196188 0.0541645
1  -0.994748 -0.0903271  0.0481306 -0.0751496   0.325336  -0.942607  0.0694844  -0.941274  -0.330416 0.00611837   0.336859   0.157235 0.00259458 0.926372 -0.034252 0.0873786
1  -0.996539  -0.069096  0.0462122 -0.0657164   0.314429  -0.947003  0.0509037  -0.946763  -0.317882 0.00962202   0.338783    0.15316 0.00246791 0.919679 0.0398196 0.0778236
1  -0.996534 -0.0688123  0.0467474  -0.066053   0.312903  -0.947485  0.0505712  -0.947289  -0.316364  0.0097135   0.338986   0.152688 0.0024728 0.919679 0.0088015 0.0492719
1  -0.998448 -0.0381489   0.040564 -0.0501096   0.297837  -0.953301  0.0242859  -0.953854  -0.299287  0.0150786   0.341134    0.14727 0.00286749 0.922356 0.00177432 0.0491157
1   -0.99471 -0.0906912  0.0482376 -0.0753871   0.325539  -0.942518  0.0697749  -0.941169  -0.330654  0.0060588    0.33681   0.157318 0.00255929 0.923695 0.00166198 0.145015
1   -0.99654 -0.0690782  0.0462101 -0.0657119   0.314488  -0.946984  0.0508834  -0.946745  -0.317939 0.00962986   0.338773   0.153178 0.00246876 0.919679 0.114466 0.0967156
1  -0.995937 -0.0755498  0.0490116 -0.0707921   0.320405  -0.944632  0.0556632  -0.944263  -0.324451 0.00890125   0.337794   0.155251 0.00248998 0.921017 0.0519701 0.0392857
1  -0.991553  -0.117103  0.0557664 -0.0916926   0.328774  -0.939947  0.0917363   -0.93712  -0.336735 0.00151751    0.33597   0.159092 0.00271317 0.926372 0.0141801 0.0882803
1   -0.99654 -0.0690782  0.0462101 -0.0657119   0.314488  -0.946984  0.0508834  -0.946745  -0.317939 0.00962987   0.338773   0.153178 0.00246877 0.919679 0.131897 0.12129
1  -0.994441 -0.0923237    0.05063 -0.0768812   0.308091  -0.948245  0.0719468  -0.946866  -0.313477 0.00545206   0.339761   0.151521 0.00257318 0.935743 0.0812448 0.0906284
1  -0.996539  -0.069096  0.0462122 -0.0657164   0.314429  -0.947003  0.0509037  -0.946763  -0.317882 0.00962201   0.338783    0.15316 0.0024679 0.919679 0.0557122 0.0826949
1   -0.99654 -0.0690782  0.0462101 -0.0657119   0.314488  -0.946984  0.0508834  -0.946745  -0.317939 0.00962987   0.338773   0.153178 0.00246876 0.919679 0.038942 0.0495974
1  -0.994994 -0.0878969  0.0475421 -0.0734712   0.320973  -0.944234  0.0677355  -0.943001  -0.325824 0.00651029     0.3376   0.155779 0.00257391 0.926372 -0.0148109 0.0309844
1  -0.994301 -0.0948123  0.0487359 -0.0774348   0.328133  -0.941453  0.0732694  -0.939861  -0.333605 0.00531301    0.33637   0.158276 0.00253569 0.925033 0.0306166 0.0870723
1  -0.994517 -0.0906175  0.0522035  -0.076349      0.288  -0.954582  0.0714672  -0.953333  -0.293339 0.00596355   0.343244   0.144919 0.00265905 0.961178 0.082133 0.180494
1  -0.996506  -0.069173  0.0468169 -0.0662271   0.312783  -0.947513  0.0508988  -0.947303  -0.316271 0.00971105   0.338999   0.152657 0.00246177 0.919679 0.0368973 0.040172
1  -0.996539  -0.069096  0.0462122 -0.0657164   0.314429  -0.947003  0.0509037  -0.946763  -0.317882 0.00962202   0.338783    0.15316 0.00246791 0.919679 0.053395 0.0889644
1  -0.994724 -0.0901812   0.048902 -0.0759039   0.326316  -0.942208   0.069012  -0.940949  -0.331439  0.0062116   0.336648   0.157609 0.0026118 0.925033 0.0725198 0.176745
1  -0.994517 -0.0928626  0.0480879 -0.0761204   0.327529   -0.94177   0.071705  -0.940266  -0.332802 0.00566043   0.336432   0.158117 0.00255175 0.923695 0.0524491 0.0541547
1   -0.99239  -0.110072  0.0551898 -0.0891938     0.3336  -0.938486    0.08489  -0.936267  -0.340879  0.0028911   0.335277   0.160423 0.00259392 0.922356 -0.0204655 0.0786627
1  -0.996519 -0.0692341  0.0464311 -0.0658062   0.311421  -0.947991  0.0511737  -0.947747  -0.314893 0.00950423   0.339269    0.15232 0.00243337 0.919679 0.173214 0.127082
1  -0.994679 -0.0905648  0.0491147 -0.0763068   0.327314  -0.941829  0.0692207  -0.940566  -0.332483 0.00619754   0.336509   0.157898 0.00258326 0.923695 0.0131826 0.0471857
1  -0.996617 -0.0683942  0.0455734 -0.0649602   0.315833  -0.946588  0.0503476  -0.946347  -0.319207 0.00973806    0.33854   0.153633 0.00249298 0.919679 0.124478 0.0606459
1  -0.994548 -0.0927139  0.0477297  -0.075871   0.329363   -0.94115  0.0715373   -0.93964  -0.334602   0.005647   0.336156   0.158651 0.00256548 0.923695 0.0111532 0.074867
1  -0.990475  -0.125423  0.0568227 -0.0959633   0.332828  -0.938092  0.0987463  -0.934609  -0.341694 0.00014518   0.335238   0.160721 0.00260611 0.919679 0.0355019 0.0700788
1  -0.992406  -0.109995  0.0550539 -0.0891069   0.334353  -0.938226  0.0847927  -0.936007  -0.341616 0.00291819   0.335151   0.160669 0.00259879 0.922356 0.0143508 0.0393365
1  -0.994679 -0.0905648  0.0491147 -0.0763068   0.327314  -0.941829  0.0692206  -0.940566  -0.332483 0.00619755   0.336509   0.157898 0.00258326 0.923695 0.0222134 0.0730841
0  -0.999644 0.00401877  0.0263925 -0.0242334   0.278182  -0.960223 -0.0112008   -0.96052  -0.277985  0.0229371   0.343568   0.140526 0.00304918 0.892905 0.268686 0.0648937
1  -0.996566 -0.0684613  0.0465858  -0.065764   0.312454  -0.947654  0.0503217  -0.947463  -0.315883 0.00980017   0.339068   0.152533 0.00246257 0.919679 -0.0127027 0.0403368
1   -0.99654 -0.0690782  0.0462101 -0.0657119   0.314488  -0.946984  0.0508834  -0.946745  -0.317939 0.00962987   0.338773   0.153178 0.00246877 0.919679 0.0299324 0.0533842
1  -0.993367  -0.102782  0.0515482 -0.0828116   0.328484  -0.940872  0.0797717    -0.9389  -0.334817 0.00392905   0.336295   0.158521 0.00249695 0.923695 0.00777472 0.145414
1   -0.99654 -0.0690782  0.0462101 -0.0657119   0.314488  -0.946984  0.0508835  -0.946745  -0.317939 0.00962986   0.338773   0.153178 0.00246876 0.919679 0.0851488 0.116438
1  -0.994982 -0.0880393  0.0475488 -0.0735247    0.32098  -0.944228   0.067867  -0.942985  -0.325842 0.00646969   0.337602   0.155784 0.00257179 0.926372 -0.00973541 0.0304867
1  -0.994294 -0.0948663  0.0487931  -0.077513   0.328207   -0.94142  0.0732948   -0.93983  -0.333687  0.0053119   0.336358   0.158304 0.00253479 0.925033 -0.0200051 0.0583947
1  -0.998477 -0.0379867  0.0400147 -0.0495329   0.297698  -0.953374  0.0243032  -0.953904  -0.299126  0.0150548   0.341117   0.147294 0.0028957 0.923695 -0.0429058 0.0766403
1  -0.996571 -0.0684108   0.046545 -0.0657066   0.312404  -0.947674  0.0502903  -0.947483  -0.315828 0.00978873   0.339078   0.152514 0.00246426 0.919679 -0.0127709 0.0777416
1  -0.990979  -0.120925  0.0577759 -0.0951718   0.331457  -0.938658  0.0943569  -0.935689  -0.339976 0.00115141   0.335428   0.160138 0.00262492 0.917001 0.000706882 0.0637302
1  -0.994678 -0.0906065  0.0490554 -0.0762605   0.327258  -0.941853  0.0692842  -0.940581  -0.332426 0.00619344   0.336521   0.157881 0.00257835 0.923695 0.00485203 0.0744664
1  -0.998446 -0.0381321  0.0406428 -0.0502443   0.300381  -0.952495  0.0241123  -0.953057   -0.30183  0.0151326   0.340718   0.148135 0.00290805 0.923695 0.157735 0.0552967
1  -0.993706  -0.100091  0.0503011 -0.0808223   0.329691  -0.940623  0.0775643  -0.938768  -0.335706 0.00439514   0.336072   0.158891 0.00249078 0.922356 0.0235264 0.177706
1  -0.995122 -0.0862494  0.0478787 -0.0729386   0.316529  -0.945775  0.0664175  -0.944654  -0.321276 0.00670388   0.338317   0.154435 0.00255419 0.926372 -0.00849718 0.049462
1  -0.996513 -0.0694242  0.0462861 -0.0658829   0.314272  -0.947044  0.0512013  -0.946791   -0.31775 0.00958025   0.338794   0.153124 0.0024651 0.919679 0.000254103 0.0745389
1   -0.99654 -0.0690782  0.0462101 -0.0657119   0.314488  -0.946984  0.0508834  -0.946745  -0.317939 0.00962987   0.338773   0.153178 0.00246876 0.919679 0.132461 0.101525
1  -0.994521 -0.0926495   0.048422  -0.076416   0.328197  -0.941513  0.0713388  -0.940055  -0.333479  0.0057338   0.336353   0.158231 0.00255804 0.923695 -0.0135855 0.0919063
1  -0.992865  -0.107725  0.0511316 -0.0858184   0.347813  -0.933628   0.082791  -0.931355  -0.354576  0.0033992   0.332743   0.165246 0.00250301 0.904953 0.0920199 0.0702426
1  -0.994054 -0.0962028  0.0510126 -0.0786344   0.310133  -0.947435  0.0753253  -0.945813  -0.315854 0.00463025   0.339459   0.152237 0.00257851 0.93842 0.00288646 0.0406629
1  -0.996542 -0.0691001  0.0461507 -0.0656538   0.314329  -0.947041  0.0509341  -0.946796  -0.317778 0.00961935   0.338794   0.153127 0.0024688 0.919679 0.000767842 0.0360879
1  -0.995189 -0.0858423  0.0472324 -0.0724379   0.320028  -0.944635  0.0659739  -0.943511  -0.324707 0.00683757   0.337744   0.155455 0.00259398 0.926372 -0.00569318 0.130124
1  -0.998484 -0.0371449  0.0406189 -0.0496804   0.290492  -0.955587  0.0236958  -0.956156  -0.291897  0.0152419   0.342227   0.144855 0.00283584 0.922356 -0.00397829 0.0294393
1  -0.994552 -0.0927628  0.0475561 -0.0755852   0.327555  -0.941804  0.0717871  -0.940268  -0.332782 0.00555233   0.336448   0.158213 0.0025245 0.922356 0.0182007 0.0486945
1  -0.994432 -0.0935278  0.0485581 -0.0768392   0.328188  -0.941482  0.0721185  -0.939971  -0.333547 0.00558658   0.336337   0.158273 0.00252847 0.922356 -0.00609632 0.0585941
1  -0.994789 -0.0894358  0.0489575 -0.0754982   0.323431  -0.943235  0.0685246  -0.942016  -0.328497 0.00622055   0.337118   0.156773 0.00256089 0.922356 0.0417765 0.0995812
1  -0.996534 -0.0688123  0.0467474  -0.066053   0.312903  -0.947485  0.0505713  -0.947289  -0.316364 0.00971349   0.338986   0.152688 0.0024728 0.919679 0.138847 0.116814
1  -0.995189 -0.0858423  0.0472324 -0.0724379   0.320028  -0.944635  0.0659739  -0.943511  -0.324707 0.00683758   0.337744   0.155455 0.00259398 0.926372 0.0203804 0.0779347
1   -0.99471 -0.0906912  0.0482376 -0.0753871   0.325539  -0.942518  0.0697749  -0.941169  -0.330654  0.0060588    0.33681   0.157318 0.00255927 0.923695 0.0214316 0.125498
1  -0.991783  -0.115423  0.0551707 -0.0904617   0.327798  -0.940407  0.0904601  -0.937671  -0.335545 0.00174494   0.336158   0.158739 0.00266402 0.925033 -0.00640731 0.0394198
1  -0.996542    -0.0691  0.0461507 -0.0656538   0.314329  -0.947041  0.0509341  -0.946796  -0.317778 0.00961935   0.338794   0.153127 0.00246881 0.919679 0.0463407 0.0726746
1  -0.995187 -0.0858546  0.0472416  -0.072445   0.319948  -0.944661  0.0659887  -0.943537  -0.324627  0.0068331   0.337759   0.155429 0.00259233 0.926372 0.0242958 0.0541202
1  -0.994653 -0.0910486  0.0487374 -0.0760758   0.326832  -0.942016  0.0698402  -0.940686  -0.332011 0.00605911   0.336585   0.157754 0.00255132 0.922356 -0.00568111 0.0352513
1  -0.996565 -0.0685003   0.046539 -0.0657314   0.312444  -0.947659  0.0503742  -0.947463  -0.315873 0.00978706    0.33907    0.15253 0.0024623 0.919679 -0.0179763 0.0546725
1   -0.99654 -0.0690782  0.0462101 -0.0657119   0.314488  -0.946984  0.0508834  -0.946745  -0.317939 0.00962987   0.338773   0.153178 0.00246876 0.919679 0.0772075 0.112718
1  -0.994724 -0.0905649  0.0481849 -0.0752926   0.325505  -0.942538  0.0696764  -0.941193  -0.330607 0.00607548   0.336825   0.157299 0.00255727 0.923695 0.00199195 0.0982831
1  -0.994558 -0.0919992  0.0489026 -0.0766839   0.328615  -0.941346  0.0705329  -0.939973  -0.333881 0.00593027   0.336252   0.158378 0.00256938 0.922356 -0.0154715 0.196988
1  -0.995189 -0.0858423  0.0472324 -0.0724379   0.320028  -0.944635  0.0659739  -0.943511  -0.324707 0.00683758   0.337744   0.155455 0.00259398 0.926372 -0.00443941 0.135169
1  -0.991462  -0.117741  0.0560324 -0.0923634   0.330823  -0.939162  0.0920409  -0.936319  -0.338873 0.00148235   0.335597   0.159796 0.0026662 0.921017 -0.0132352 0.0618384
1  -0.995189 -0.0858423  0.0472324 -0.0724379   0.320028  -0.944635  0.0659739  -0.943511  -0.324707 0.00683757   0.337744   0.155455 0.00259398 0.926372 0.00632104 0.0581133
1  -0.994678 -0.0906065  0.0490554 -0.0762605   0.327258  -0.941853  0.0692842  -0.940581  -0.332426 0.00619344   0.336521   0.157881 0.00257835 0.923695 0.0168467 0.0963494
1  -0.996539  -0.069096  0.0462123 -0.0657164   0.314429  -0.947003  0.0509037  -0.946763  -0.317882 0.00962201   0.338783    0.15316 0.00246791 0.919679 0.0636578 0.0827813
1    -0.9916  -0.116393  0.0564066 -0.0921252   0.329473   -0.93966  0.0907851  -0.936963  -0.337429 0.00174506   0.335844    0.15947 0.00256511 0.917001 0.0779779 0.187502
1  -0.996519 -0.0692341  0.0464311 -0.0658062   0.311421  -0.947991  0.0511737  -0.947747  -0.314893 0.00950424   0.339269    0.15232 0.00243336 0.919679 -0.00258435 0.0718425
1  -0.994568 -0.0919457  0.0487992 -0.0765258   0.328052  -0.941555  0.0705632  -0.940174  -0.333306 0.00593857   0.336366   0.158183 0.00257093 0.923695 -0.00634738 0.0346444
1  -0.994771 -0.0899798  0.0483045 -0.0751963   0.325302  -0.942615  0.0691028  -0.941319  -0.330368 0.00619241   0.336861   0.157225 0.00256317 0.923695 -0.0085284 0.125952
1  -0.995122 -0.0862495  0.0478787 -0.0729386   0.316529  -0.945775  0.0664176  -0.944654  -0.321276 0.00670387   0.338317   0.154435 0.00255419 0.926372 0.0120526 0.0791511
1  -0.994775 -0.0899188  0.0483361  -0.075204   0.325274  -0.942625  0.0690372  -0.941335  -0.330337 0.00620727   0.336863   0.157214 0.00258499 0.925033 0.014763 0.118374
1  -0.994377 -0.0932778  0.0501295  -0.076522   0.305719  -0.949042   0.073199  -0.947542  -0.311138 0.00512266   0.340138   0.150743 0.0025492 0.935743 0.0761809 0.0836097
1   -0.99654 -0.0690782  0.0462101 -0.0657119   0.314488  -0.946984  0.0508834  -0.946745  -0.317939 0.00962987   0.338773   0.153178 0.00246876 0.919679 0.0587613 0.0685236
1  -0.996342 -0.0713479  0.0470275 -0.0673295   0.316576  -0.946175  0.0526198   -0.94588  -0.320221 0.00937452   0.338419    0.15391 0.00246119 0.919679 -0.0453816 0.0392468
1   -0.99654 -0.0690782  0.0462101 -0.0657119   0.314488  -0.946984  0.0508834  -0.946745  -0.317939 0.00962987   0.338773   0.153178 0.00246876 0.919679 0.0316018 0.0724857
1  -0.991446  -0.118161  0.0554358 -0.0917071   0.328446   -0.94006  0.0928709  -0.937102  -0.336473  0.0013162   0.335996   0.159011 0.00267794 0.922356 -0.00506067 0.062848
1  -0.996539  -0.069096  0.0462122 -0.0657164   0.314429  -0.947003  0.0509037  -0.946763  -0.317882 0.00962202   0.338783    0.15316 0.00246792 0.919679 -0.00113132 0.0246406
1  -0.991785  -0.115342  0.0553022 -0.0905894   0.328117  -0.940283  0.0903083  -0.937569   -0.33587 0.00182269   0.336094    0.15885 0.00267448 0.925033 0.0619464 0.082969
1  -0.994558 -0.0919992  0.0489026 -0.0766839   0.328614  -0.941346  0.0705329  -0.939973  -0.333881 0.00593027   0.336252   0.158378 0.00256939 0.922356 0.0242535 0.0984752
1  -0.995122 -0.0862494  0.0478787 -0.0729386   0.316529  -0.945775  0.0664175  -0.944654  -0.321276 0.00670388   0.338317   0.154435 0.00255419 0.926372 0.0294169 0.0534073
1  -0.994441 -0.0923237    0.05063 -0.0768812   0.308091  -0.948245  0.0719468  -0.946866  -0.313477 0.00545205   0.339761   0.151521 0.00257318 0.935743 0.0194313 0.0777602
1  -0.998472 -0.0380007  0.0401287  -0.049648   0.297774  -0.953345  0.0242785   -0.95388  -0.299205   0.015066   0.341135   0.147268 0.00286971 0.922356 -0.0262037 0.0873312
1  -0.994544 -0.0921184   0.048954 -0.0767722   0.328609  -0.941341  0.0706281  -0.939963  -0.333888 0.00589766   0.336244   0.158386 0.00257357 0.922356 0.084229 0.0627541
1  -0.998472 -0.0380007  0.0401287  -0.049648   0.297774  -0.953345  0.0242785   -0.95388  -0.299205  0.0150661   0.341135   0.147268 0.00286972 0.922356 0.01438 0.0928659
1  -0.994692 -0.0910026  0.0480187 -0.0752321   0.324851  -0.942768  0.0701954  -0.941377  -0.329973 0.00597578    0.33691   0.157109 0.00255344 0.923695 0.00551282 0.0542835
1  -0.995016 -0.0876812  0.0474864 -0.0733235   0.320636   -0.94436  0.0675768  -0.943135  -0.325467 0.00655621   0.337665   0.155663 0.00256751 0.926372 0.0377362 0.0691828
1   -0.99651 -0.0692956  0.0465302 -0.0659265   0.311543  -0.947942   0.051192  -0.947702  -0.315024 0.00950497   0.339248   0.152363 0.00243383 0.919679 0.101683 0.140324
1  -0.996514 -0.0691361   0.046699 -0.0661003   0.312726  -0.947541  0.0509053  -0.947324  -0.316205 0.00969918   0.339012   0.152627 0.00246223 0.919679 -0.00465782 0.0399075
1   -0.99654 -0.0690782  0.0462101 -0.0657119   0.314488  -0.946984  0.0508834  -0.946745  -0.317939 0.00962988   0.338773   0.153178 0.00246877 0.919679 0.0599029 0.0735881
1  -0.996539  -0.069096  0.0462123 -0.0657164   0.314429  -0.947003  0.0509037  -0.946763  -0.317882 0.00962201   0.338783    0.15316 0.00246791 0.919679 0.25409 0.13622
1  -0.996539  -0.069096  0.0462122 -0.0657164   0.314429  -0.947003  0.0509037  -0.946763  -0.317882 0.00962202   0.338783    0.15316 0.00246791 0.919679 0.0758641 0.10641
1  -0.996539  -0.069096  0.0462122 -0.0657164   0.314429  -0.947003  0.0509037  -0.946763  -0.317882 0.00962201   0.338783    0.15316 0.00246791 0.919679 0.072269 0.106208
1  -0.994466 -0.0933491  0.0482076 -0.0763718   0.327204  -0.941863  0.0721483  -0.940332  -0.332522 0.00557337   0.336484   0.158026 0.00252312 0.922356 -0.0111117 0.0445657
1  -0.996617 -0.0684334  0.0455198 -0.0649152   0.315708  -0.946633  0.0504104  -0.946385  -0.319082 0.00972297   0.338557   0.153595 0.00249255 0.919679 0.0406103 0.0306342
1  -0.996539  -0.069096  0.0462122 -0.0657164   0.314429  -0.947003  0.0509037  -0.946763  -0.317882 0.00962202   0.338783    0.15316 0.00246791 0.919679 0.00796393 0.068494
1  -0.994775 -0.0899188  0.0483361  -0.075204   0.325274  -0.942625  0.0690372  -0.941335  -0.330337 0.00620727   0.336863   0.157214 0.002585 0.925033 0.00118032 0.0349614
1  -0.994293 -0.0947612  0.0490152 -0.0776485   0.327701  -0.941585  0.0731634  -0.940017  -0.333189 0.00537028   0.336456    0.15811 0.00252465 0.925033 -0.0132809 0.0735018
1   -0.99654 -0.0690782  0.0462101 -0.0657119   0.314488  -0.946984  0.0508834  -0.946745  -0.317939 0.00962987   0.338773   0.153178 0.00246876 0.919679 0.385565 0.122066
1  -0.996538 -0.0691616  0.0461304 -0.0656525   0.314299  -0.947051  0.0510008  -0.946801  -0.317751 0.00960623   0.338799   0.153119 0.00246765 0.919679 0.0263736 0.0447857
1  -0.998477 -0.0379866  0.0400147 -0.0495329   0.297698  -0.953374  0.0243032  -0.953904  -0.299126  0.0150549   0.341117   0.147294 0.0028957 0.923695 -0.0214418 0.0974009
1    -0.990312    -0.126793    0.0566172   -0.0963336     0.333674    -0.937753     0.100008    -0.934123    -0.342656 -0.000129544     0.335072     0.161036 0.00261606 0.919679 0.0183611 0.0972418
1  -0.995122 -0.0862494  0.0478787 -0.0729386   0.316528  -0.945775  0.0664175  -0.944654  -0.321276 0.00670388   0.338317   0.154435 0.00255419 0.926372 -0.0160334 0.0532776
1  -0.995166 -0.0860288  0.0473662 -0.0725967   0.319613  -0.944763   0.066138  -0.943635  -0.324313 0.00678782   0.337817   0.155324 0.00258763 0.926372 0.0167141 0.0586343
1    -0.989999    -0.128773    0.0576163   -0.0984124     0.337768     -0.93607     0.101079    -0.932379    -0.347063 -0.000222356     0.334338     0.162276 0.00271358 0.922356 0.0409025 0.0674941
1  -0.996539  -0.069096  0.0462122 -0.0657164   0.314429  -0.947003  0.0509037  -0.946763  -0.317882 0.00962202   0.338783    0.15316 0.00246792 0.919679 0.081066 0.10982
1  -0.994679 -0.0905648  0.0491147 -0.0763068   0.327314  -0.941829  0.0692207  -0.940566  -0.332483 0.00619755   0.336509   0.157898 0.00258325 0.923695 0.0123953 0.0776729
1   -0.99651 -0.0692955  0.0465302 -0.0659266   0.311543  -0.947942   0.051192  -0.947702  -0.315024 0.00950497   0.339248   0.152363 0.00243383 0.919679 0.0448634 0.0490465
1   -0.99654 -0.0690782  0.0462101 -0.0657119   0.314488  -0.946984  0.0508834  -0.946745  -0.317939 0.00962988   0.338773   0.153178 0.00246876 0.919679 0.113881 0.0972721
1  -0.995016 -0.0876812  0.0474864 -0.0733235   0.320636   -0.94436  0.0675768  -0.943135  -0.325467 0.00655621   0.337665   0.155663 0.00256752 0.926372 0.000453572 0.0201182
1  -0.995166 -0.0860288  0.0473662 -0.0725967   0.319613  -0.944763   0.066138  -0.943635  -0.324313 0.00678782   0.337817   0.155324 0.00258762 0.926372 -0.00517749 0.0639761
1   -0.99651 -0.0692955  0.0465302 -0.0659265   0.311543  -0.947942   0.051192  -0.947702  -0.315024 0.00950498   0.339248   0.152363 0.00243384 0.919679 0.111226 0.138049
1  -0.992767  -0.108455  0.0514883 -0.0864233   0.347904  -0.933538  0.0833339  -0.931236   -0.35476  0.0033032   0.332682   0.165332 0.00248799 0.902276 0.0870161 0.0417099
1  -0.994771 -0.0899798  0.0483045 -0.0751963   0.325302  -0.942615  0.0691028  -0.941319  -0.330368  0.0061924   0.336861   0.157225 0.00256318 0.923695 -0.012365 0.150246
1  -0.996534 -0.0688123  0.0467474  -0.066053   0.312903  -0.947485  0.0505712  -0.947289  -0.316364 0.00971349   0.338986   0.152688 0.00247281 0.919679 0.0513403 0.10437
1  -0.996539  -0.069096  0.0462122 -0.0657164   0.314429  -0.947003  0.0509037  -0.946763  -0.317882 0.00962202   0.338783    0.15316 0.00246791 0.919679 0.184135 0.121471
1  -0.991344  -0.118509  0.0565117 -0.0933912   0.333963  -0.937948  0.0922827  -0.935107  -0.342139 0.00146671   0.335045   0.161023 0.00256118 0.912985 0.0173141 0.0779834
1  -0.994775 -0.0899188  0.0483361  -0.075204   0.325274  -0.942625  0.0690372  -0.941335  -0.330337 0.00620726   0.336863   0.157214 0.00258499 0.925033 -0.011333 0.0922694
1  -0.994476 -0.0933189  0.0480529 -0.0764119   0.329769  -0.940964  0.0719633  -0.939438  -0.335078 0.00561404   0.336089   0.158763 0.00253705 0.922356 0.029663 0.0602486
1   -0.99654 -0.0690782  0.0462101 -0.0657119   0.314488  -0.946984  0.0508834  -0.946745  -0.317939 0.00962987   0.338773   0.153178 0.00246876 0.919679 0.0401455 0.069695
1  -0.994558 -0.0919991  0.0489026 -0.0766839   0.328615  -0.941346  0.0705329  -0.939973  -0.333881 0.00593027   0.336252   0.158378 0.00256939 0.922356 -0.000752417 0.150418
1  -0.995166 -0.0860288  0.0473662 -0.0725967   0.319613  -0.944763   0.066138  -0.943635  -0.324313 0.00678782   0.337817   0.155324 0.00258763 0.926372 0.0147307 0.0558168
1   -0.99651 -0.0692955  0.0465302 -0.0659265   0.311543  -0.947942   0.051192  -0.947702  -0.315024 0.00950497   0.339248   0.152363 0.00243383 0.919679 0.133065 0.145585
1  -0.996539  -0.069096  0.0462122 -0.0657164   0.314429  -0.947003  0.0509037  -0.946763  -0.317882 0.00962201   0.338783    0.15316 0.0024679 0.919679 0.0670719 0.0794771
1  -0.991522  -0.117413  0.0556595 -0.0915387   0.327168  -0.940522  0.0922191  -0.937644  -0.335142 0.00137558   0.336252   0.158719 0.00266407 0.925033 0.00524464 0.10114
1  -0.996539  -0.069096  0.0462122 -0.0657164   0.314429  -0.947003  0.0509037  -0.946763  -0.317882 0.00962201   0.338783    0.15316 0.00246791 0.919679 -0.0190405 0.0490916
1  -0.996513 -0.0694242  0.0462861 -0.0658829   0.314272  -0.947044  0.0512013  -0.946791   -0.31775 0.00958025   0.338794   0.153124 0.00246509 0.919679 -0.0128265 0.0878098
1  -0.992205  -0.111918  0.0548105 -0.0894348   0.333212  -0.938601  0.0867827  -0.936186  -0.340624 0.00246306   0.335302   0.160387 0.00261685 0.922356 0.00340876 0.0729553
1  -0.995122 -0.0862494  0.0478787 -0.0729386   0.316529  -0.945775  0.0664175  -0.944654  -0.321276 0.00670388   0.338317   0.154435 0.00255419 0.926372 0.0060098 0.0679223
1  -0.998437 -0.0385178  0.0404949 -0.0502617   0.302013  -0.951978  0.0244381  -0.952525  -0.303477  0.0150466    0.34043   0.148679 0.00289942 0.921017 0.0651399 0.0965476
1  -0.998474 -0.0378203  0.0402288 -0.0496777   0.297307  -0.953489  0.0241009  -0.954033  -0.298733  0.0151228   0.341192   0.147138 0.00288661 0.923695 0.0231559 0.0788324
1  -0.991327  -0.118669  0.0564708 -0.0934462    0.33435  -0.937805  0.0924078  -0.934948  -0.342539 0.00150458   0.334927   0.161074 0.00260456 0.912985 0.0476094 0.0406034
1  -0.994533 -0.0925373   0.048382 -0.0761923   0.326244   -0.94221  0.0714052  -0.940745  -0.331511 0.00570602   0.336653   0.157764 0.00254069 0.923695 -0.0218338 0.0775543
1  -0.994567 -0.0918242  0.0490293 -0.0766457   0.327287  -0.941811  0.0704344  -0.940453  -0.332547 0.00596718   0.336485    0.15793 0.00257283 0.923695 -0.000563655 0.0460319
1  -0.993914 -0.0984399    0.04945 -0.0793845   0.328788  -0.941062  0.0763794  -0.939259  -0.334601 0.00464856   0.336235    0.15856 0.0025005 0.923695 0.00885175 0.0350203
1  -0.994568 -0.0919457  0.0487992 -0.0765258   0.328052  -0.941555  0.0705632  -0.940174  -0.333306 0.00593857   0.336366   0.158183 0.00257092 0.923695 0.0122015 0.0346672
1  -0.996513 -0.0694242  0.0462861 -0.0658829   0.314272  -0.947044  0.0512014  -0.946791   -0.31775 0.00958025   0.338794   0.153124 0.00246509 0.919679 0.0363747 0.0592349
1  -0.995189 -0.0858423  0.0472324 -0.0724379   0.320028  -0.944635  0.0659739  -0.943511  -0.324707 0.00683757   0.337744   0.155455 0.00259397 0.926372 0.00298888 0.15074
1  -0.994568 -0.0919457  0.0487992 -0.0765258   0.328052  -0.941555  0.0705632  -0.940174  -0.333306 0.00593857   0.336366   0.158183 0.00257092 0.923695 -0.00414635 0.0682254
1  -0.995041 -0.0871889  0.0478769 -0.0736428   0.322184  -0.943808  0.0668644  -0.942653  -0.327007 0.00659984   0.337357   0.156198 0.0026004 0.925033 0.00811552 0.0444727
1   -0.99444  -0.092345  0.0506198 -0.0768743    0.30804  -0.948262  0.0719744  -0.946881  -0.313427 0.00544553   0.339768   0.151506 0.00257331 0.935743 0.00198442 0.0672355
1  -0.996539  -0.069096  0.0462123 -0.0657164   0.314429  -0.947003  0.0509037  -0.946763  -0.317882 0.00962201   0.338783    0.15316 0.00246792 0.919679 0.0351859 0.0724961
1  -0.996539  -0.069096  0.0462122 -0.0657164   0.314429  -0.947003  0.0509037  -0.946763  -0.317882 0.00962201   0.338783    0.15316 0.00246791 0.919679 0.0581971 0.078503
1  -0.996539  -0.069096  0.0462122 -0.0657164   0.314429  -0.947003  0.0509037  -0.946763  -0.317882 0.00962202   0.338783    0.15316 0.00246791 0.919679 0.111962 0.0936032
1   -0.99654 -0.0690782  0.0462101 -0.0657119   0.314488  -0.946984  0.0508834  -0.946745  -0.317939 0.00962987   0.338773   0.153178 0.00246876 0.919679 0.0884941 0.0978889
1  -0.994293 -0.0947612  0.0490152 -0.0776485   0.327702  -0.941585  0.0731634  -0.940017  -0.333189 0.00537028   0.336456    0.15811 0.00252465 0.925033 0.00418721 0.0447728
1  -0.996539  -0.069096  0.0462123 -0.0657164   0.314429  -0.947003  0.0509037  -0.946763  -0.317882 0.00962201   0.338783    0.15316 0.00246791 0.919679 0.102127 0.0798666
