1  -0.997616 -0.0569015  0.0390462 -0.0544555   0.301533  -0.951899  0.0423908  -0.951756  -0.303913  0.0211176  0.0485477   0.341641 0.00222915 0.582822 0.387522 9.8578
1  -0.995803 -0.0574807  0.0712138 -0.0843596   0.274848   -0.95778  0.0354809  -0.959768  -0.278544  0.0240298  0.0473655   0.341929 0.00272617 0.606486 0.605341 4.21065
0  -0.974199 -0.0989868   0.202826  -0.212608   0.100964  -0.971907  0.0757279  -0.989953  -0.119404  0.0336795   0.048004   0.339758 0.00314196 0.569676 0.26691 4.86516
1 -0.989564 -0.104953 0.0987292  -0.12796  0.325054 -0.936998 0.0662484 -0.939854 -0.335092  0.026762 0.0488468  0.341565 0.00230881 0.577564 0.380216 4.95658
1  -0.992037 -0.0899019  0.0882032  -0.110352   0.282935   -0.95277  0.0607001  -0.954917  -0.290603  0.0252524  0.0501994   0.341041 0.0025503 0.587204 0.552274 9.32035
1 -0.990475 -0.084236  0.108919 -0.128846   0.28805 -0.948908 0.0485579 -0.953903  -0.29616 0.0272031 0.0492095  0.341449 0.00230054 0.588957 0.501541 4.7221
1  -0.994341 -0.0785749  0.0714984 -0.0899693   0.264938  -0.960059  0.0564939  -0.961059  -0.270508  0.0237864  0.0473428   0.342017 0.00269312 0.608238 0.481004 4.1521
1  -0.992937 -0.0886149  0.0788902  -0.101965   0.297413  -0.949288  0.0606581  -0.950627  -0.304348  0.0241597  0.0481413   0.342035 0.00233358 0.592463 0.326625 5.18162
1 -0.990641 -0.093495  0.099446 -0.125646  0.339984    -0.932 0.0533274 -0.935772 -0.348549 0.0271029 0.0495018  0.341316 0.00222641 0.570552 0.461915 4.475
0  -0.997138  0.0011653 -0.0755888  0.0746616   0.172049  -0.982255  0.0118604  -0.985088  -0.171644  0.0115431  0.0471214   0.341636 0.00265033 0.560911 0.342026 4.10536
1  -0.993143 -0.0871401  0.0779304  -0.100177   0.290746  -0.951542  0.0602594  -0.952824  -0.297482  0.0239895  0.0488655   0.341588 0.0021816 0.595092 0.221085 4.01071
1  -0.997551 -0.0533954  0.0451735 -0.0576308   0.261572  -0.963462  0.0396283  -0.963706  -0.264009  0.0212185  0.0490744   0.341593 0.00217373 0.591586 0.50518 5.66914
1  -0.997456 -0.0547928  0.0455967 -0.0585893   0.265826  -0.962239   0.040603  -0.962463   -0.26836  0.0211546   0.048922   0.341617 0.00216428 0.591586 0.368106 6.4214
0 -0.975835 -0.214066 0.0438325 -0.055881 0.0505585 -0.997157  0.211241  -0.97551 -0.061299 0.0210051 0.0425169  0.341835 0.00309692 0.510079 0.449646 12.2945
0  -0.964397 -0.0463644   0.260363  -0.261541  0.0213547  -0.964956  0.0391797  -0.998696 -0.0327206  0.0373665  0.0461293   0.338284 0.00337021 0.522349 0.283258 8.30672
0   -0.999946 -0.00450059 -0.00934281  0.00792606    0.249285   -0.968398  0.00668738    -0.96842   -0.249236   0.0180038   0.0466413     0.34297 0.0027427 0.545136 0.19475 7.96736
1  -0.98683 -0.101982  0.125561 -0.148826  0.268295 -0.951771 0.0633761 -0.957924 -0.279939 0.0286617 0.0491527  0.341368 0.00249475 0.586328 0.181344 5.21014
1  -0.988621 -0.0958708   0.115918  -0.138368   0.277262  -0.950779  0.0590124  -0.955999  -0.287373  0.0279351  0.0489489   0.341194 0.00241048 0.594216 0.710517 7.93668
1  -0.995551 -0.0740595  0.0582572 -0.0750867   0.250006  -0.965328  0.0569271  -0.965408  -0.254454  0.0214324  0.0488911   0.341761 0.002415 0.60298 0.612439 16.0558
1  -0.991449 -0.0865789   0.097641   -0.12095   0.328711  -0.936654  0.0489987  -0.940454  -0.336372   0.026908  0.0495147   0.341302 0.00217271 0.574058 0.39455 4.97955
1  -0.992042 -0.0882379  0.0898109  -0.112143   0.294991  -0.948896  0.0572353  -0.951417  -0.302539  0.0259497  0.0495202   0.341467 0.00230557 0.586328 0.425484 3.76899
1  -0.992054 -0.0847032  0.0930245  -0.114654    0.30429  -0.945654  0.0517935  -0.948806  -0.311583    0.02666  0.0496682   0.341497 0.00223524 0.579316 0.149163 5.1848
0   -0.999901  -0.0127052 -0.00600483  0.00232069    0.272149   -0.962252   0.0138598   -0.962171   -0.272093    0.017724   0.0482084    0.342029 0.00236999 0.554776 0.236379 4.52295
1  -0.998519  -0.033499  0.0428612 -0.0500534   0.257184  -0.965065  0.0213055  -0.965782   -0.25848  0.0212996  0.0486631   0.341576 0.0023118 0.588957 0.414118 5.19978
1 -0.988227 -0.100079  0.115725 -0.136879  0.240388 -0.960977 0.0683546 -0.965504 -0.251257 0.0273847 0.0489699  0.341274 0.00241249 0.595968 0.4409 9.78229
1  -0.997511 -0.0567887  0.0417855 -0.0562418   0.283501  -0.957321  0.0425188  -0.957289   -0.28599  0.0214292  0.0488609   0.341652 0.0021931 0.585451 0.539925 6.63252
1  -0.990384 -0.0911711   0.104055  -0.127601   0.311348   -0.94169  0.0534576  -0.945913  -0.319987  0.0271877   0.049618   0.341381 0.00220304 0.577564 0.526025 11.1599
0  -0.982852  -0.180731   0.036593 -0.0550756  0.0983297  -0.993629   0.175981  -0.978605  -0.106597  0.0222355   0.044574   0.340831 0.00338319 0.540754 0.259144 7.3857
1  -0.994275 -0.0780499  0.0729713  -0.093027   0.296394  -0.950524  0.0525601  -0.951871  -0.301958  0.0238642  0.0491449   0.341488 0.00224046 0.594216 0.470721 5.56712
1 -0.986901 -0.102088  0.124914 -0.149132  0.282026 -0.947745 0.0615244  -0.95396 -0.293557 0.0286089 0.0489739  0.341311 0.00245343 0.585451 0.565295 4.89653
0   -0.999877  -0.0155781  0.00187076 -0.00546541    0.234044   -0.972211   0.0147073   -0.972101   -0.234101   0.0180475   0.0474479     0.34223 0.00253916 0.579316 0.222624 4.26166
1  -0.990159 -0.0833394   0.112423  -0.130543   0.260573  -0.956588  0.0504273  -0.961851  -0.268888  0.0272324   0.048811   0.341302 0.00240982 0.598598 0.410013 4.11526
1  -0.999332 -0.0215261  0.0295463  -0.034138   0.260451  -0.964883  0.0130748  -0.965247  -0.261012  0.0210636  0.0481161   0.342024 0.00235884 0.571429 0.589234 5.24061
1  -0.99132 -0.088733 0.0970144 -0.119027  0.292315 -0.948886 0.0558388 -0.952197 -0.300339 0.0264625 0.0490729  0.341555 0.00228036 0.589833 0.483681 7.4614
1  -0.992798 -0.0885418   0.080694 -0.0989831   0.226867  -0.968883  0.0674798  -0.969893  -0.233998  0.0243397  0.0487079   0.341469 0.00254897 0.617003 0.376523 13.6327
1  -0.990791 -0.0893683   0.101719  -0.120202   0.234716  -0.964603  0.0623297  -0.967947  -0.243297  0.0265783  0.0489426   0.341326 0.002498 0.606486 0.342798 12.3502
1  -0.993565 -0.0821813  0.0779442 -0.0963036   0.250705  -0.963261  0.0596211  -0.964569  -0.257006  0.0241748  0.0487804   0.341259 0.00248987 0.616126 0.487131 8.38757
1  -0.992333 -0.0905191  0.0841574  -0.103694   0.239193  -0.965419   0.067259  -0.966743  -0.246745  0.0244364  0.0485792    0.34149 0.00252512 0.61525 0.592541 4.44763
1  -0.994125 -0.0758571  0.0772071 -0.0952418   0.274188  -0.956948   0.051422   -0.95868  -0.279802  0.0243416  0.0491907   0.341565 0.00226554 0.600351 0.39776 15.1327
1  -0.997212 -0.0590513  0.0456153 -0.0582633   0.234286   -0.97042  0.0466175  -0.970373  -0.237073  0.0211299  0.0486209   0.341452 0.00237073 0.609115 0.195166 9.91472
1  -0.991155 -0.0857909   0.101252  -0.120676   0.265164  -0.956622  0.0552211  -0.960379  -0.273172  0.0267583  0.0489048   0.341267 0.0024163 0.604733 0.360238 8.14362
1  -0.993939 -0.0780815  0.0773854 -0.0955947   0.266282  -0.959143   0.054285  -0.960727  -0.272132  0.0241856  0.0488296   0.341567 0.00225338 0.604733 0.117657 12.2424
1   -0.99647 -0.0669339  0.0506603   -0.06491   0.231708  -0.970617  0.0532288   -0.97048  -0.235235  0.0212241  0.0484513   0.341634 0.0024248 0.611744 0.330316 13.9497
1  -0.996503 -0.0665717  0.0505064 -0.0646151   0.230618  -0.970897  0.0529866  -0.970765  -0.234112  0.0212562  0.0484781   0.341628 0.00242347 0.611744 0.215354 16.4997
0  -0.998445 -0.0420641  0.0365904 -0.0429709   0.162468  -0.985778  0.0355211  -0.985817  -0.164023  0.0208652  0.0480649   0.341103 0.0031367 0.630149 0.406484 9.59676
1  -0.990641 -0.0878409   0.104472  -0.123707   0.254365  -0.959164  0.0576798  -0.963111  -0.262851  0.0271378  0.0489156   0.341215 0.00250858 0.609115 0.400267 4.25124
0  -0.987779 -0.0928167   0.125213  -0.135201   0.110526  -0.984634  0.0775511   -0.98953  -0.121724  0.0279661   0.047693   0.341012 0.00329192 0.608238 0.345578 12.4894
1  -0.994457 -0.0695746  0.0788372 -0.0937564   0.247319  -0.964387  0.0475989  -0.966433  -0.252471  0.0241473  0.0487819    0.34162 0.00248742 0.614373 0.142616 5.2129
0   0.994226  0.0650723  -0.085329   -0.10002   0.273849  -0.956558 -0.0388781   0.959569   0.278776  0.0237711  0.0482589   0.341021 0.00306436 0.71078 0.0304356 7.19268
1  -0.993845 -0.0803625  0.0762463 -0.0923807   0.221402  -0.970797  0.0611346  -0.971866  -0.227463  0.0239828  0.0481894   0.341667 0.00273691 0.62489 0.545553 4.12429
1  -0.993828 -0.0804769  0.0763516 -0.0944297   0.252526  -0.962971  0.0582162  -0.964238  -0.258567  0.0240638  0.0481777   0.341673 0.00251855 0.616126 0.460373 5.51997
1  -0.993939 -0.0818829  0.0733497 -0.0923827   0.260499  -0.961044  0.0595855  -0.961995  -0.266485  0.0238412  0.0485177   0.341573 0.00236393 0.610868 0.50432 4.80672
1  -0.990723 -0.0931307  0.0989673  -0.124298   0.326606  -0.936952  0.0549356  -0.940561  -0.335152     0.0271  0.0485937   0.340903 0.00262929 0.596845 0.253355 7.25986
1  -0.992901 -0.0816345    0.08651  -0.106827   0.292171  -0.950381  0.0523082  -0.952876  -0.298817  0.0253508  0.0487448   0.340859 0.00272101 0.608238 0.372094 7.5761
0    -0.99296   -0.116867   0.0192799  -0.0192752 -0.00116995   -0.999814    0.116868   -0.993147 -0.00109092   0.0200128   0.0448415    0.341161 0.00365519 0.588957 0.0239665 9.79216
1  -0.994236 -0.0766928  0.0749201 -0.0917524   0.247138  -0.964627  0.0554643  -0.965941   -0.25275  0.0239005  0.0485531    0.34149 0.00249665 0.617879 0.478381 4.36718
1 -0.990184 -0.092304  0.104955 -0.120134  0.178247 -0.976625 0.0714384 -0.979647 -0.187586 0.0275918 0.0489515  0.340882 0.00317845 0.62752 0.362198 6.57879
1  -0.993801 -0.0802789  0.0769024  -0.091506   0.197889  -0.975944  0.0631296  -0.976932  -0.204008  0.0242016  0.0483238   0.341408 0.00291124 0.631902 0.355332 4.62611
1  -0.989376 -0.0938215   0.111055  -0.131737   0.255465  -0.957801  0.0614916  -0.962255   -0.26511  0.0275144  0.0485726   0.341278 0.00259304 0.607362 0.447413 12.1554
1  -0.990637 -0.0946702  0.0983699  -0.124603   0.332474  -0.934845  0.0557965  -0.938349  -0.341157  0.0269555  0.0493431   0.340874 0.00253462 0.585451 0.577613 8.17152
0 1.71311e-316 1.71311e-316 5.47338e-318 6.95323e-310 2.70136e-317 6.92877e-310         -nan 6.95323e-310 7.90505e-323 9.88131e-324            0  2.3342e-312 0 2.63127e-312 -nan 9.65642
0 6.93736e-310            0 5.47338e-318 6.95303e-310 2.70132e-317 6.93736e-310         -nan 6.95303e-310 7.90505e-323 9.88131e-324            0  2.3342e-312 0 2.63127e-312 -nan 9.44075
1  -0.996525 -0.0670396  0.0494352 -0.0630096   0.218543  -0.973791  0.0544788  -0.973522  -0.222008  0.0255987  0.0418559   0.369475 0.00286446 0.633036 0.0657821 7.65694
1  -0.994693 -0.0752843  0.0701252 -0.0843907   0.207139  -0.974665  0.0588513  -0.975411  -0.212393  0.0286617  0.0426389   0.369268 0.00310952 0.6375 0.47837 8.67113
1  -0.992423 -0.0872685  0.0864916  -0.108999   0.300426  -0.947557  0.0567076  -0.949805  -0.307661  0.0315468   0.040041   0.368278 0.00285789 0.6125 0.575132 6.65219
1  -0.995857 -0.0663674  0.0621705 -0.0794823   0.303046  -0.949656  0.0441857  -0.950662  -0.307065  0.0283606  0.0396207   0.368429 0.00313503 0.61875 0.0992211 7.51306
1  -0.994041 -0.0805138  0.0734819 -0.0949853   0.309073  -0.946283  0.0534776  -0.947624  -0.314879  0.0296516  0.0397299   0.368336 0.00293484 0.616071 0.00120437 7.26529
0 1.99319e-316 1.99319e-316 5.47338e-318 6.95318e-310 2.70132e-317 6.93706e-310         -nan 6.95318e-310 7.90505e-323 9.88131e-324            0  2.3342e-312 0 2.63127e-312 -nan 12.8339
0  -0.961531  -0.265168 -0.0717215    0.11002  -0.132513  -0.985056   0.251701  -0.955053   0.156589  0.0259702  0.0456887   0.361887 0.00842364 0.022787 -1.48278 13.565
0  0.928606  0.228314 -0.292513  -0.37016  0.625069  -0.68722 0.0259392  0.746433  0.664955 0.0313494  0.037319  0.354829 0.008564 0.119194 -1.61133 29.3338
0 6.91767e-310            0 5.47338e-318 6.95283e-310 2.70132e-317 6.91767e-310         -nan 6.95283e-310 7.90505e-323 9.88131e-324            0  2.3342e-312 0 2.63127e-312 -nan 13.0301
1  -0.993247 -0.0834608   0.080586  -0.101631   0.290924  -0.951333  0.0559546  -0.953099  -0.297442  0.0304829  0.0399152   0.368783 0.00280263 0.620536 0.319814 12.0199
1  -0.994246 -0.0783887  0.0730099 -0.0876779   0.203917  -0.975054  0.0615453  -0.975845  -0.209616  0.0288682  0.0434417   0.369114 0.00324117 0.636607 0.41403 16.7206
1  -0.992619 -0.0805999  0.0906159  -0.110658   0.296221  -0.948687  0.0496218  -0.951713  -0.302954  0.0325837  0.0402609    0.36819 0.00294006 0.6125 0.226559 9.65672
1  -0.995018 -0.0730786  0.0678087 -0.0871975   0.308279  -0.947291  0.0483227  -0.948485  -0.313115  0.0288707   0.039624   0.368376 0.00303217 0.616964 0.197266 27.3112
1  -0.992657 -0.0869884   0.084054   -0.10701   0.307528  -0.945503  0.0563988  -0.947555  -0.314579   0.031198  0.0396663   0.368281 0.00286081 0.611607 0.278244 13.0182
1  -0.992365 -0.0886169   0.085782   -0.10935   0.310487  -0.944267  0.0570437  -0.946438  -0.317807   0.031558  0.0396387   0.368173 0.00288563 0.609821 0.351736 12.6313
1  -0.992388 -0.0884878  0.0856445  -0.109219   0.311157  -0.944062   0.056889   -0.94623  -0.318453  0.0315452  0.0396022   0.368176 0.00288808 0.609821 0.0571843 51.6609
1  -0.995047 -0.0728918  0.0675929 -0.0869913   0.309418  -0.946939  0.0481095  -0.948128  -0.314227  0.0288759  0.0395821   0.368371 0.00303823 0.616964 0.460747 131.454
1  -0.992392 -0.0884856  0.0856037  -0.109146     0.3106  -0.944254  0.0569644  -0.946413  -0.317895  0.0315389  0.0396271   0.368175 0.00288585 0.609821 0.229444 47.797
1 -0.992399 -0.088302 0.0857136 -0.109199  0.310724 -0.944206  0.056742 -0.946389 -0.318005 0.0315445 0.0396235  0.368179 0.00288423 0.609821 0.389821 40.92
1   -0.99652 -0.0667369  0.0499446 -0.0674369   0.293284  -0.953644  0.0489953  -0.953693  -0.296764  0.0259399  0.0397707   0.368783 0.00269766 0.609821 0.30708 61.4125
1  -0.992395 -0.0884415  0.0856218  -0.109142   0.310482  -0.944293  0.0569307  -0.946456  -0.317773   0.031541  0.0396325   0.368177 0.00288425 0.609821 0.0492519 68.8962
1  -0.996477 -0.0671827  0.0502055 -0.0676324   0.289678  -0.954732   0.049598  -0.954763  -0.293201   0.025936  0.0398717   0.368756 0.00278517 0.614286 0.165917 52.7912
0  -0.999602 -0.0222122 -0.0173853  0.0112599   0.250886  -0.967951  0.0258621  -0.967762  -0.250536   0.017504  0.0404563   0.369304 0.00305686 0.590179 0.11377 116.737
1  -0.994836 -0.0745137  0.0689074 -0.0893261   0.320533  -0.943016  0.0481805  -0.944302  -0.325534  0.0291145  0.0393667   0.368345 0.00275277 0.602679 0.192122 117.407
1   -0.99234 -0.0886839  0.0860059  -0.109607   0.310853  -0.944117  0.0569927  -0.946311  -0.318192  0.0316038  0.0396237   0.368165 0.00288947 0.609821 0.371928 21.8065
1  -0.992382 -0.0885367  0.0856699  -0.109214   0.310414  -0.944307  0.0570127  -0.946469  -0.317719   0.031543  0.0396402   0.368175 0.00288499 0.609821 0.495765 24.0052
1  -0.992473 -0.0877874  0.0853806  -0.108672   0.309951  -0.944522  0.0564533  -0.946691  -0.317158  0.0315316  0.0396731   0.368185 0.00287965 0.609821 0.242117 38.6798
1  -0.993134 -0.0776689  0.0874765  -0.105821    0.27772  -0.954816  0.0498655  -0.957517  -0.284032    0.03223  0.0405874   0.368685 0.00287294 0.616071 0.405132 8.68444
1  -0.993284 -0.0792606  0.0842906 -0.0998119   0.218512  -0.970716  0.0585211   -0.97261  -0.224955  0.0304688  0.0424625   0.369111 0.00281222 0.626786 0.272243 6.47271
1  -0.995069 -0.0727227  0.0674517 -0.0868121   0.309586    -0.9469   0.047979  -0.948086  -0.314373  0.0288684  0.0395718   0.368373 0.00303937 0.616964 0.192542 10.5234
1  -0.996938  -0.062609  0.0468422 -0.0631142   0.290677  -0.954738  0.0461593  -0.954771  -0.293738  0.0256659  0.0397434   0.368822 0.00271656 0.608929 0.0973707 20.9207
1  -0.992794 -0.0857803  0.0836817  -0.106034   0.303444  -0.946931  0.0558353   -0.94898  -0.310353  0.0310705  0.0398661   0.368315 0.00282155 0.611607 0.272607 16.9058
1  -0.995252 -0.0708833  0.0667071 -0.0852984   0.305012  -0.948521  0.0468879  -0.949707   -0.30961  0.0288216  0.0396608   0.368449 0.00300149 0.616964 0.239985 10.3428
1  -0.993058 -0.0852008  0.0810917  -0.103638   0.307771  -0.945799  0.0556252  -0.947638  -0.314464  0.0308355  0.0396885   0.368326 0.00289989 0.615179 0.204133 6.46504
1  -0.994811 -0.0740768  0.0697377  -0.087601   0.275099  -0.957417  0.0517376  -0.958558   -0.28016  0.0290612  0.0408208   0.368589 0.00303345 0.625893 0.274559 16.8779
1  -0.995045 -0.0728817  0.0676362 -0.0870807   0.310433  -0.946598  0.0479931  -0.947797  -0.315242    0.02889  0.0395181   0.368379 0.00303672 0.616964 0.270125 12.4156
1  -0.995028 -0.0730754  0.0676746 -0.0871069   0.309026  -0.947056  0.0482934  -0.948242  -0.313854   0.028882  0.0395934   0.368384 0.00301107 0.616071 0.542747 14.1516
1  -0.992403 -0.0884553  0.0855148  -0.109085   0.311155  -0.944078  0.0569003  -0.946234   -0.31844  0.0315375  0.0396096   0.368163 0.00289345 0.609821 0.405778 15.7816
1  -0.992432 -0.0879812  0.0856668  -0.109049   0.310677  -0.944239  0.0564606  -0.946435   -0.31792  0.0315455  0.0396462   0.368174 0.00288601 0.609821 0.402379 16.4071
1  -0.995238 -0.0713024  0.0664558 -0.0852803   0.306843  -0.947932  0.0471983  -0.949086  -0.311463  0.0287306  0.0396094   0.368452 0.00300059 0.616071 0.211619 17.2708
1    -0.9969 -0.0636329  0.0462658 -0.0628299    0.28999  -0.954965  0.0473506  -0.954912  -0.293089   0.025538  0.0397781   0.368834 0.00272739 0.608929 0.589623 35.5533
1  -0.994883 -0.0737417  0.0690591 -0.0856053   0.252287  -0.963858  0.0536538  -0.964839  -0.257309  0.0288737  0.0416094   0.368793 0.00304325 0.630357 0.425939 6.2285
0  -0.996971 -0.0637974  0.0444757 -0.0567479   0.205729  -0.976962  0.0531777  -0.976527  -0.208726  0.0252028  0.0424077   0.369489 0.00293025 0.633036 0.403818 6.27067
0   -0.999125  -0.0416303 -0.00393132  -0.0035656    0.178491   -0.983935   0.0416632    -0.98306   -0.178483   0.0206102   0.0424884    0.369556 0.00321794 0.613393 0.135391 15.7154
1  -0.995887 -0.0649283  0.0631954 -0.0771496   0.241934  -0.967221  0.0475109  -0.968118  -0.245948  0.0283399  0.0415858   0.369108 0.00299832 0.629464 0.505221 8.4343
1  -0.996854 -0.0631249   0.047936 -0.0642889   0.290164  -0.954815  0.0463633  -0.954893   -0.29331  0.0257442  0.0402152   0.368415 0.00300063 0.610714 0.210239 10.0091
1  -0.995774 -0.0791418  0.0465919 -0.0627877   0.216433  -0.974276   0.067022  -0.973084  -0.220488  0.0255559  0.0423288   0.369436 0.00282584 0.626786 0.211358 13.2255
1  -0.994765  -0.065122  0.0787552 -0.0926567   0.249702   -0.96388  0.0431044  -0.966131  -0.254428  0.0299761  0.0413373    0.36913 0.00288938 0.628571 0.333772 8.0647
1  -0.996688 -0.0635728  0.0507148 -0.0635266   0.219289   -0.97359  0.0507726  -0.973587  -0.222601  0.0258007  0.0420159   0.369714 0.0026245 0.623214 0.30345 5.4811
1  -0.996577 -0.0648303  0.0512874 -0.0644418   0.220696  -0.973212  0.0517747  -0.973186  -0.224118  0.0258647   0.041995   0.369691 0.00262381 0.623214 0.106484 4.91446
1  -0.996623 -0.0658215  0.0490924 -0.0626505   0.223065  -0.972788  0.0530796  -0.972579  -0.226435  0.0257459  0.0419303   0.369604 0.00264519 0.624107 0.154694 4.90987
1  -0.995009 -0.0729874  0.0680377 -0.0873748   0.308041  -0.947352  0.0481864  -0.948569  -0.312881  0.0288871  0.0396311   0.368385 0.00302584 0.616964 0.240154 9.54006
1  -0.996568 -0.0663085  0.0495569 -0.0668296   0.291157  -0.954338  0.0488519  -0.954374  -0.294589  0.0258862  0.0398541   0.368753 0.00270754 0.609821 0.236612 15.2293
1  -0.995038 -0.0728191  0.0678055 -0.0871799     0.3096  -0.946862   0.047957  -0.948074  -0.314412  0.0288864  0.0395697   0.368385 0.00301322 0.616071 0.135591 9.47417
1  -0.992367 -0.0886412  0.0857297  -0.109348   0.311148   -0.94405   0.057007  -0.946218  -0.318466   0.031557  0.0396072   0.368171 0.00288982 0.609821 0.202074 10.7674
1  -0.996183 -0.0693068  0.0530606 -0.0712409   0.294344  -0.953041  0.0504341  -0.953183  -0.298158  0.0264868  0.0396545   0.368685 0.0027762 0.6125 0.369571 9.95164
1  -0.993357 -0.0824989   0.080219  -0.101825   0.305496  -0.946733  0.0535978  -0.948613  -0.311867   0.030471  0.0394598   0.368357 0.00297608 0.620536 0.201952 9.77828
1  -0.996623 -0.0648815  0.0503311 -0.0670733   0.289626  -0.954787  0.0473708  -0.954938  -0.292999   0.025971   0.039754   0.368719 0.00284256 0.615179 0.100726 17.5003
0    0.99263  0.0787028 -0.0921541     -0.109   0.247453  -0.962749 -0.0529672   0.965698   0.254207  0.0249109  0.0407285   0.369128 0.00328675 0.702679 0.437489 13.6286
0  -0.990369 -0.0838894   0.110143  -0.109303 -0.0145571  -0.993902  0.0849812  -0.996369 0.00524753  0.0327575  0.0497387   0.369163 0.00425646 0.604464 0.197027 12.0261
0  -0.997085 -0.0603882  0.0466393 -0.0590167   0.222932  -0.973046  0.0483631  -0.972962  -0.225846  0.0256539  0.0418926   0.369706 0.00258855 0.620536 0.331627 21.0907
1  -0.994675 -0.0759326  0.0696773 -0.0906025   0.322122  -0.942353  0.0491107  -0.943648  -0.327286  0.0291837  0.0393292   0.368333 0.00271105 0.600893 0.447831 11.1509
1  -0.994162 -0.0790528  0.0734401 -0.0915531   0.257805   -0.96185  0.0571036  -0.962958  -0.263537  0.0294696  0.0408259   0.369181 0.00276095 0.626786 0.474148 5.11255
1  -0.994127 -0.0793057  0.0736284 -0.0918429   0.258491  -0.961638  0.0572311  -0.962753  -0.264256   0.029468  0.0408253   0.369151 0.002763 0.626786 0.36842 5.34943
1  -0.996517  -0.066795   0.049917 -0.0662021   0.269763  -0.960648  0.0507007  -0.960607  -0.273246  0.0260686  0.0406329   0.369226 0.00250159 0.610714 0.450276 6.28728
0  -0.996527 -0.0659435  0.0508373 -0.0642526   0.220695  -0.973224  0.0529583  -0.973111  -0.224166  0.0258224  0.0420239   0.369699 0.00262527 0.623214 0.229221 10.018
1   -0.99373 -0.0821279  0.0758652 -0.0949429   0.261515  -0.960518  0.0590454  -0.961699  -0.267673  0.0297783   0.040782   0.369121 0.00269772 0.623214 0.117998 8.576
1  -0.994025 -0.0807898  0.0734032 -0.0918815   0.256235  -0.962238  0.0589305  -0.963232  -0.262127  0.0294911  0.0410381   0.369222 0.00271388 0.625 0.399006 6.24816
0  -0.999641 -0.0155948 -0.0217955  0.0180168   0.211018  -0.977316  0.0198403  -0.977358  -0.210661  0.0173393  0.0413698   0.370033 0.00280552 0.592857 0.310227 13.8695
0   -0.99893 -0.0434176  0.0159371 -0.0240138   0.192398  -0.981023  0.0395274  -0.980356  -0.193234  0.0217398  0.0423704   0.370084 0.00265409 0.6125 0.420028 5.30881
1  -0.993852 -0.0823306  0.0740282 -0.0928244   0.255146  -0.962437    0.06035  -0.963391   -0.26122   0.029426  0.0411547   0.369201 0.00271955 0.625 0.486668 6.41682
0   0.997332  0.0490453 -0.0540618 -0.0654654    0.27341  -0.959667 -0.0322861   0.960647   0.275891  0.0199694   0.039674   0.369352 0.0027846 0.6875 0.220626 4.901
0  -0.993704 -0.0795433  0.0788965 -0.0954194   0.231849   -0.96806  0.0587106  -0.969494   -0.23798  0.0300499  0.0419693   0.369241 0.00277469 0.628571 0.541741 19.5517
0  -0.993958 -0.0794836  0.0756947  -0.092626    0.23742  -0.966981  0.0588876   -0.96815  -0.243348  0.0296668   0.041754   0.369291 0.00268292 0.625 0.454305 10.1727
1   -0.99651 -0.0672264  0.0494744 -0.0659276   0.270398  -0.960489  0.0511924  -0.960399  -0.273886  0.0260711  0.0405863   0.369186 0.00252664 0.611607 0.56101 7.08081
1  -0.994092 -0.0796307  0.0737555 -0.0920085    0.25776  -0.961818  0.0575791  -0.962922  -0.263563  0.0294906  0.0408256   0.369176 0.00276062 0.626786 0.366472 5.91411
1   -0.99639 -0.0679178  0.0509292 -0.0674961   0.269954  -0.960505  0.0514868  -0.960475  -0.273564  0.0261693  0.0406308   0.369219 0.00248075 0.609821 0.51576 18.4872
1  -0.997064 -0.0592234  0.0485322 -0.0622729   0.258406  -0.964027   0.044552  -0.964219  -0.261335  0.0258525  0.0407037   0.369402 0.00257185 0.615179 0.181606 9.07993
1  -0.993856 -0.0811274  0.0752904 -0.0945295    0.26834  -0.958675  0.0575714  -0.959902   -0.27436  0.0298058  0.0405168   0.369139 0.00272638 0.623214 0.441013 7.61023
1  -0.996619 -0.0654188  0.0497107 -0.0647302   0.252517  -0.965425  0.0506042  -0.965378  -0.255898  0.0257659  0.0412205   0.369383 0.00255635 0.616071 0.388625 7.91731
0  -0.990265 -0.0908122   0.105488  -0.123602   0.225204   -0.96644  0.0640083   -0.97007  -0.234236  0.0336786  0.0423789   0.368917 0.00284578 0.620536 0.435875 5.66766
1  -0.996747 -0.0645635  0.0482489 -0.0631823   0.254208  -0.965084  0.0500439  -0.964992   -0.25746  0.0256724  0.0411181   0.369411 0.00256723 0.616071 0.35788 14.8514
1  -0.994335 -0.0780029  0.0722084 -0.0902161   0.260072  -0.961366  0.0562099  -0.962433  -0.265636  0.0293395  0.0407482    0.36911 0.00280044 0.627679 0.382403 5.77646
0  -0.993877 -0.0800266  0.0761795 -0.0932841   0.238297  -0.966702  0.0592085   -0.96789  -0.244304  0.0296988  0.0416927   0.369287 0.00268202 0.625 0.495876 6.13126
1   -0.99399  -0.081042  0.0735968 -0.0922314   0.257801  -0.961786  0.0589717  -0.962793  -0.263726  0.0295355   0.040962   0.369188 0.00271766 0.625 0.146773 6.92282
0  -0.997502 -0.0557621   0.043374 -0.0555031   0.238759  -0.969491   0.043705  -0.969476  -0.241258  0.0253418  0.0413207   0.369572 0.00257356 0.616964 0.534779 18.053
0  -0.988196 -0.0859548   0.126807  -0.127768 0.00575223  -0.991787  0.0845195  -0.996282 -0.0166666  0.0347301  0.0486481   0.369145 0.00400862 0.611607 0.293133 16.4712
1  -0.994282 -0.0788882   0.071966 -0.0896392   0.250383  -0.963988  0.0580282  -0.964927  -0.256023  0.0292551  0.0411196   0.369255 0.00277322 0.627679 -0.00987635 15.73
0  -0.996569 -0.0653645  0.0507715 -0.0639962   0.219546  -0.973501  0.0524858   -0.97341  -0.222975  0.0258087  0.0420552   0.369707 0.00262468 0.623214 0.549537 5.22914
1  -0.994093 -0.0798076  0.0735551 -0.0915845   0.253158   -0.96308    0.05824  -0.964127  -0.258972  0.0294789  0.0411068   0.369275 0.00272553 0.625893 0.317926 7.69599
1  -0.992704 -0.0857305  0.0847899  -0.105462   0.276439  -0.955227  0.0584528    -0.9572  -0.283464  0.0309241  0.0406323   0.368816 0.0026748 0.616071 0.55188 7.38234
1  -0.997435 -0.0571801  0.0430464 -0.0564154   0.258004  -0.964495  0.0440438   -0.96445  -0.260568  0.0255404  0.0407367   0.369343 0.00255487 0.6125 0.283038 8.59682
0  -0.998749 -0.0464198   0.018595 -0.0286915   0.227393   -0.97338  0.0409557  -0.972696  -0.228441  0.0219184   0.041241   0.369734 0.00265687 0.610714 0.240285 13.9146
0   -0.99869 -0.0482718  0.0169861   -0.02735   0.222947  -0.974447  0.0432513  -0.973635  -0.223975  0.0218213  0.0413817   0.369746 0.0026917 0.6125 0.215033 8.10777
1  -0.994408 -0.0774413  0.0718081 -0.0896198   0.259047  -0.961698  0.0558735  -0.962755  -0.264538  0.0292966    0.04084   0.369109 0.002798 0.627679 0.389972 7.91568
1  -0.993912 -0.0794865  0.0762903 -0.0947135    0.26271  -0.960215  0.0562819  -0.961595  -0.268639  0.0297731  0.0406901   0.369191 0.0027411 0.625 0.0734132 4.38604
1  -0.994381 -0.0787226  0.0707694  -0.088398   0.249746  -0.964268  0.0582352  -0.965106  -0.255302   0.029218  0.0412486   0.369301 0.00277458 0.627679 0.356137 4.9593
0  -0.996704 -0.0649313   0.048633 -0.0624846   0.232116  -0.970679   0.051739  -0.970518  -0.235408  0.0257354  0.0414822   0.369503 0.00271719 0.626786 0.561465 28.1697
1  -0.997229  -0.059123  0.0451454 -0.0586584   0.251764  -0.966009  0.0457474  -0.965981  -0.254534   0.025723  0.0410077   0.369411 0.00257844 0.616071 0.552267 20.2075
1  -0.993695 -0.0828074  0.0755856 -0.0946186   0.257714  -0.961577  0.0601463  -0.962666  -0.263924  0.0297128  0.0409708   0.369159 0.00270133 0.624107 0.191235 24.2408
0  -0.996478   -0.06614  0.0515431 -0.0650901   0.222605  -0.972733  0.0528628  -0.972662  -0.226126  0.0259033  0.0419641    0.36966 0.00264254 0.624107 0.490033 14.3112
1  -0.994271 -0.0791556  0.0718236 -0.0894091   0.247726  -0.964696  0.0585684  -0.965591  -0.253384  0.0291992  0.0413179    0.36928 0.00276785 0.627679 0.122292 10.9795
1  -0.990799 -0.0911919   0.100006  -0.121967    0.28135  -0.951823  0.0586618  -0.955262  -0.289884  0.0334171  0.0407728   0.368519 0.00266325 0.609821 0.418001 7.42617
1  -0.994114  -0.079289  0.0738333 -0.0920425   0.258588  -0.961593  0.0571512  -0.962728  -0.264364  0.0294904  0.0407717   0.369156 0.00276475 0.626786 0.310776 7.02636
1  -0.994304  -0.077973  0.0726631 -0.0904872   0.257321   -0.96208  0.0563185  -0.963175  -0.262911  0.0293699   0.040881   0.369151 0.00278538 0.627679 0.198014 4.67533
1  -0.992331 -0.0884588  0.0863396  -0.109941   0.312341  -0.943587  0.0565012  -0.945843  -0.319671  0.0315561  0.0395693   0.368175 0.00287313 0.608929 0.468816 32.755
1  -0.992096 -0.0898243  0.0876155  -0.111654    0.31334  -0.943054  0.0572558  -0.945383  -0.320893   0.031684  0.0396396    0.36812 0.00283862 0.60625 0.428528 31.2217
1  -0.996486 -0.0669678  0.0503154 -0.0678469   0.293019  -0.953696  0.0491236  -0.953759  -0.296532  0.0259597  0.0398249   0.368749 0.00270393 0.609821 0.267711 11.4727
1  -0.992794 -0.0865445  0.0828854  -0.105811   0.308436  -0.945342  0.0562493    -0.9473  -0.315371  0.0310516  0.0396341   0.368289 0.00290919 0.614286 0.207711 28.0508
1  -0.992392 -0.0884677  0.0856258  -0.109143     0.3103  -0.944353   0.056975  -0.946513  -0.317594  0.0315422  0.0396409   0.368179 0.00288261 0.609821 0.359061 11.4678
0   0.995037  0.0597399 -0.0795781 -0.0974076   0.421397   -0.90163 -0.0203294   0.904907   0.425124  0.0237188  0.0356015   0.367213 0.00382267 0.696429 0.362427 42.7284
1  -0.992722 -0.0851647  0.0851441  -0.105594   0.275648  -0.955441     0.0579  -0.957478  -0.282635  0.0309408  0.0406345   0.368824 0.00267046 0.616071 0.30894 11.6612
0  -0.993893 -0.0799461  0.0760666 -0.0931437   0.238119  -0.966759  0.0591757   -0.96794  -0.244111  0.0296917  0.0417026   0.369303 0.00268166 0.625 0.512592 7.3986
0  -0.998733 -0.0469724  0.0180767 -0.0280788   0.221931  -0.974658  0.0417702   -0.97393  -0.222968  0.0216057  0.0415173   0.369853 0.00264648 0.609821 0.272764 12.1782
1  -0.994051 -0.0799714  0.0739462 -0.0921665    0.25582  -0.962321  0.0580412  -0.963411  -0.261669  0.0295424  0.0410051   0.369224 0.00272975 0.625893 0.497113 22.8739
0 -0.991297 -0.086901 0.0988844 -0.115906  0.220008 -0.968588 0.0624158  -0.97162 -0.228166 0.0329972 0.0427102  0.368932 0.00294872 0.624107 0.479625 4.97388
1  -0.992669 -0.0834626  0.0874209  -0.106253   0.257865  -0.960321  0.0576081  -0.962569  -0.264843   0.031223  0.0413229    0.36889 0.00275605 0.620536 0.260867 9.71994
1  -0.994632 -0.0788254  0.0670416 -0.0858031   0.266085  -0.960123  0.0578433  -0.960721   -0.27142  0.0289603  0.0406341   0.369114 0.0028071 0.625 0.222265 4.77217
0  -0.997693 -0.0499275  0.0459935 -0.0546867   0.189726  -0.980313  0.0402185  -0.980567  -0.192018  0.0255524  0.0432839   0.369634 0.0029161 0.629464 0.497998 6.95972
1  -0.996598 -0.0666161  0.0485196 -0.0646008     0.2659  -0.961834  0.0511722  -0.961696  -0.269299  0.0259347  0.0406936   0.369362 0.00246758 0.609821 0.188467 5.51608
1  -0.997249 -0.0584645  0.0455568 -0.0589033   0.252075  -0.965913  0.0449879   -0.96594  -0.254825  0.0257299  0.0409148    0.36956 0.00258919 0.616071 0.324361 6.09543
1  -0.996444 -0.0591444  0.0600097 -0.0730136   0.250668  -0.965316  0.0420505  -0.966265  -0.254095  0.0272534  0.0410413   0.369343 0.00277148 0.619643 0.529729 5.77611
0  -0.998895 -0.0458936  0.0101629 -0.0189271   0.194796  -0.980661  0.0430264   -0.97977  -0.195449  0.0210147  0.0422942   0.369673 0.00294237 0.615179 0.422298 7.06409
1  -0.997229 -0.0587239  0.0456723 -0.0588984   0.248169  -0.966925  0.0454471  -0.966935   -0.25094  0.0254106  0.0411579   0.369155 0.00272822 0.620536 0.28058 12.9954
0  -0.996819 -0.0622397  0.0497843 -0.0628796   0.230318  -0.971082  0.0489736  -0.971123  -0.233499  0.0258852  0.0421813   0.369143 0.00281094 0.625 0.481855 6.73528
1  -0.992698 -0.0838481  0.0867169  -0.111606   0.365707  -0.924014  0.0457639  -0.926946  -0.372394  0.0317893   0.037428   0.367896 0.00299912 0.584821 0.482639 14.2786
1 -0.986558 -0.103315  0.126609 -0.151604  0.289476 -0.945103 0.0609927 -0.951593 -0.301248 0.0366643 0.0409191  0.368225 0.00266414 0.585714 0.35634 5.60637
1  -0.996393 -0.0639754  0.0557455 -0.0720623   0.291086  -0.953979  0.0448044  -0.954555  -0.294646  0.0278145  0.0408223   0.368795 0.00266695 0.59375 0.386601 1.97617
1  -0.995253 -0.0723077  0.0651392 -0.0851533   0.322921  -0.942587  0.0471215   -0.94366  -0.327546  0.0286477  0.0392095   0.368988 0.00243878 0.583929 0.362015 2.58089
1  -0.993285 -0.0837816  0.0797879  -0.100339   0.280497  -0.954596  0.0575974  -0.956192   -0.28702  0.0304504  0.0405692   0.368627 0.0029094 0.625893 0.4217 4.58891
1  -0.994268 -0.0705233  0.0803601 -0.0978845   0.298062  -0.949514  0.0430106  -0.951938  -0.303257   0.030589  0.0397808   0.368423 0.00297056 0.619643 0.540388 5.66244
1  -0.990219 -0.0960151   0.101232  -0.126961   0.319195  -0.939146  0.0578594  -0.942813  -0.328263  0.0336993  0.0396357   0.367837 0.00278868 0.600893 0.189538 4.67446
1  -0.994893 -0.0725753  0.0701523 -0.0882283   0.287645  -0.953665  0.0490335  -0.954983  -0.292579  0.0292244  0.0402505   0.368619 0.00294896 0.623214 0.283014 5.86122
0  -0.990921 -0.0902899  0.0996193  -0.118037   0.229483  -0.966129  0.0643707  -0.969116  -0.238057  0.0328776  0.0426368   0.368629 0.003029 0.624107 0.157504 5.61797
0  -0.992329 -0.0831344  0.0914957  -0.108962   0.238572  -0.964993  0.0583958   -0.96756    -0.2458  0.0315651  0.0419112   0.368578 0.0030301 0.625 0.120316 4.91901
0  -0.996372 -0.0719316  0.0454826 -0.0546881   0.131678  -0.989783  0.0652076  -0.988679  -0.135134  0.0253811  0.0452197   0.369955 0.00315407 0.630357 0.332086 11.0032
1  -0.993324 -0.0831576  0.0799553  -0.101806   0.305944  -0.946591  0.0542544  -0.948411  -0.312367  0.0304014  0.0394564   0.368303 0.00300005 0.620536 -0.0983854 3.61281
0  -0.995968 -0.0724938  0.0528446 -0.0668129   0.206314  -0.976202   0.059866  -0.975797  -0.210325  0.0260442  0.0426812   0.369424 0.00293287 0.634821 0.298152 4.46242
1  -0.992967 -0.0790111   0.088164  -0.105853   0.259046  -0.960047  0.0530159  -0.962628  -0.265587  0.0316966  0.0410326   0.369272 0.00288853 0.61875 0.413419 5.04904
1  -0.992175 -0.0882125  0.0883562  -0.111392   0.305791   -0.94556  0.0563917  -0.948003  -0.313225  0.0316868  0.0397368   0.368134 0.00293504 0.6125 0.329349 4.54214
0   -0.998517  -0.0543624 -0.00296238 -0.00229846   0.0964567   -0.995335   0.0543945   -0.993852  -0.0964385   0.0198993   0.0448348    0.370024 0.00344372 0.610714 0.250143 10.4624
1  -0.995662 -0.0673112  0.0642304 -0.0808139   0.283594  -0.955533  0.0461028  -0.956579  -0.287803  0.0283628  0.0401397   0.368531 0.00311021 0.623214 0.3878 5.43826
1  -0.993275 -0.0862503  0.0772323  -0.101594   0.329431  -0.938698  0.0555202  -0.940232  -0.335979  0.0301167  0.0387265   0.368663 0.00250755 0.592857 0.193211 4.96911
1  -0.997612 -0.0505508  0.0470667 -0.0602032   0.302382  -0.951284  0.0338561  -0.951846  -0.304703  0.0256973  0.0395104   0.368762 0.00279229 0.601786 0.0576629 5.11397
1 -0.993238 -0.083648 0.0805062  -0.10258  0.307598 -0.945971  0.054365 -0.947832 -0.314099 0.0306739 0.0395201  0.368256 0.00299665 0.61875 0.118765 6.42952
1  -0.996111 -0.0676585  0.0564332  -0.072592   0.267286  -0.960879  0.0499278  -0.961239  -0.271158  0.0267358  0.0407805   0.369042 0.00267401 0.616964 0.232627 4.6688
0  -0.996131  -0.071031  0.0517362 -0.0638386    0.18036  -0.981527  0.0603877  -0.981033  -0.184197  0.0258799  0.0435354   0.369098 0.00353075 0.647321 0.346914 5.90137
1  -0.996738  -0.066636  0.0455386 -0.0617002   0.265366  -0.962171  0.0520308  -0.961842  -0.268612  0.0254886  0.0409349   0.369318 0.00247133 0.607143 0.245764 2.39945
1   -0.99389 -0.0801715  0.0758608 -0.0940687   0.255754  -0.962154  0.0577356  -0.963412  -0.261733  0.0294027  0.0410105   0.369212 0.00276915 0.626786 0.0783076 2.39024
0  -0.996761 -0.0501538  0.0628635 -0.0714551   0.193693  -0.978457  0.0368971  -0.979779  -0.196649  0.0285592  0.0424968   0.369711 0.0031759 0.630357 0.0942502 2.83831
1  -0.996951 -0.0613522  0.0482048  -0.064676   0.304225  -0.950402  0.0436441  -0.950622  -0.307266  0.0256289  0.0394992    0.36915 0.00262997 0.598214 0.188865 3.29232
0   -0.99242  0.0649822   0.104305 -0.0860918   0.238043  -0.967431 -0.0876949  -0.969078  -0.230645  0.0342812  0.0292414   0.361002 0.00596262 0.203571 -0.88407 2.34017
1    -0.9981 -0.0321066   0.052588  -0.059681   0.291646  -0.954663  0.0153139  -0.955987  -0.293008  0.0266149  0.0343938   0.359428 0.00636444 0.233036 -0.927223 1.82776
0    -0.9993 -0.0328749 -0.0178287  0.0128967   0.144555  -0.989413  0.0351041   -0.98895   -0.14403  0.0172805  0.0436597   0.370317 0.00284531 0.600893 0.238085 2.7942
0  -0.997759 -0.0564825  0.0358652 -0.0475773   0.222062  -0.973871  0.0470424  -0.973395  -0.224252  0.0249739  0.0417947    0.36951 0.00278025 0.623214 -0.0775542 4.28237
0  -0.993168 -0.0807023  0.0842886  -0.100449   0.223613  -0.969488  0.0593919  -0.971331  -0.230192  0.0305924   0.042053   0.369286 0.00274742 0.625 0.15549 2.9888
1    -0.9977 -0.0599807  0.0315647 -0.0507836   0.353094  -0.934209  0.0448892  -0.933663  -0.355328  0.0250201  0.0385284   0.368505 0.00269544 0.564286 0.384922 2.67852
1  -0.996625 -0.0624167  0.0533212 -0.0693985   0.293643  -0.953393  0.0438503  -0.953875  -0.296983  0.0258298  0.0400686   0.369221 0.0025026 0.596429 0.226164 3.84093
0    -0.998906    -0.046756 -0.000152847   -0.0110709     0.239695    -0.970785    0.0454266    -0.969722    -0.239951    0.0207387    0.0419523     0.369127 0.00329406 0.603571 -0.142314 3.28637
1  -0.996787  -0.062641  0.0499184 -0.0660011   0.289235   -0.95498  0.0453828  -0.955206   -0.29244  0.0257747  0.0399571   0.369243 0.00259318 0.605357 0.175617 2.30341
1  -0.996147 -0.0717002  0.0504918 -0.0697873   0.299487  -0.951545  0.0531043  -0.951402  -0.303337  0.0269128  0.0407189   0.368065 0.00318383 0.598214 -0.0872306 1.05464
1  -0.996008 -0.0721389  0.0525739 -0.0711116   0.285238  -0.955815  0.0539554  -0.955738  -0.289229  0.0260589  0.0404146   0.369228 0.00246597 0.603571 0.21588 5.15789
1  -0.996142 -0.0579594  0.0658925 -0.0795323   0.278901  -0.957021  0.0370909  -0.958569  -0.282435  0.0283129  0.0404434   0.369002 0.00295436 0.61875 0.0832602 3.25047
0  -0.999143 -0.0372696  0.0180246 -0.0264134   0.238621  -0.970753  0.0318786  -0.970397  -0.239401  0.0217979  0.0409231   0.369352 0.00299064 0.616071 0.458363 6.73014
0  -0.997346 -0.0579895  0.0440262 -0.0549746   0.203314  -0.977569  0.0477376  -0.977395  -0.205962   0.025431  0.0425564   0.369264 0.00312055 0.6375 0.22701 6.04421
1  -0.992921 -0.0834758  0.0844995  -0.103084   0.252182  -0.962173   0.059009  -0.964073  -0.259002  0.0307127  0.0415766   0.368775 0.00278656 0.622321 -0.0206967 4.28709
0  -0.995985 -0.0721253    0.05303 -0.0687054   0.236083  -0.969301  0.0573916  -0.969052  -0.240091  0.0263232  0.0415199   0.369384 0.00276484 0.627679 0.0264901 4.00661
1  -0.995514 -0.0687375  0.0650154 -0.0830421   0.305479  -0.948571  0.0453416  -0.949715  -0.309817  0.0287386  0.0396374   0.368877 0.00260946 0.600893 0.095435 2.78769
0  -0.996514 -0.0676411  0.0488263  -0.063336   0.232522  -0.970527  0.0542943  -0.970236  -0.235996  0.0257327  0.0422201   0.369654 0.00256583 0.615179 9.92499e-09 1.13338
1  -0.995215 -0.0756909  0.0617935 -0.0815243   0.294597  -0.952138  0.0538641  -0.952619  -0.299358  0.0284322  0.0404183   0.368978 0.00259214 0.6 0.195064 2.7037
1  -0.994555 -0.0744917  0.0728772 -0.0917789   0.294848  -0.951126  0.0493633  -0.952636  -0.300079  0.0288285  0.0403502   0.368996 0.00252216 0.597321 0.174135 2.14326
0  -0.990067 -0.0675325   0.123319  -0.134822   0.207159  -0.968973  0.0398904  -0.975974  -0.214206  0.0343834   0.042601   0.368965 0.00296707 0.604464 0.218664 6.36958
