0 5.65299e-317 5.65302e-317 5.65114e-317  5.6512e-317 5.65123e-317 5.65127e-317 5.65274e-317 5.65277e-317  5.6528e-317 5.65286e-317 5.65289e-317 5.65293e-317 0 255 9.88131e-324 0
0 9.26956e-317  9.2696e-317 9.26963e-317  9.2711e-317 9.27113e-317 9.27116e-317 9.27122e-317 9.27126e-317 9.27129e-317          255            0          255 -6.91692e-323 0 0 2.11732e+214
1 -5.48612e+303             0  1.40205e+142  2.11732e+214  1.69338e-152  2.79811e+262           255             0           255  9.88131e-324 -6.91692e-323             0 0 0 2.11732e+214 1.32679e-316
0  7.80239e-317  7.80242e-317  7.80245e-317 -5.48612e+303             0  1.40205e+142  2.11732e+214  1.69338e-152  2.79811e+262           255             0           255 -6.91692e-323 0 0 2.11732e+214
1 6.05189e-317 6.05192e-317 6.05196e-317 6.05343e-317 6.05346e-317 6.05349e-317 6.05355e-317 6.05358e-317 6.05362e-317          255            0          255 -6.91692e-323 0 0 2.11732e+214
1  2.11732e+214  1.69338e-152  2.79811e+262           255             0           255           255             0             0 -5.48612e+303             0  1.40205e+142 1.69338e-152 0 1.89099e-316 1.89101e-316
1 6.90988e-310 1.73275e-316 2.32211e-322 2.11732e+214 1.69338e-152 2.79811e+262          255            0          255          255            0            0 0 1.40205e+142 2.11732e+214 1.72849e-316
1  2.11732e+214  1.69338e-152  2.79811e+262           255             0           255           255             0             0 -5.48612e+303             0  1.40205e+142 1.69338e-152 0 1.84488e-316 1.8449e-316
1  2.11732e+214  1.69338e-152  2.79811e+262           255             0           255           255             0             0 -5.48612e+303             0  1.40205e+142 1.69338e-152 0 1.98651e-316 1.98653e-316
1 6.90942e-310 1.80844e-316 2.32211e-322 2.11732e+214 1.69338e-152 2.79811e+262          255            0          255          255            0            0 0 1.40205e+142 2.11732e+214 1.80418e-316
1  -0.996419 -0.0706102  0.0465223 -0.0665423     0.3153  -0.946656  0.0521751  -0.946362  -0.318869 0.00940358   0.338628   0.153473 0.00245943 0.919679 0.33313 1.82629
1  -0.994369 -0.0933237   0.050219 -0.0766125   0.305599  -0.949073  0.0732241  -0.947576  -0.311028  0.0051173   0.340157   0.150704 0.00254797 0.935743 0.377492 4.01755
1  -0.993783 -0.0995075  0.0499439  -0.080272   0.329513  -0.940732  0.0771527  -0.938893  -0.335452 0.00448592   0.336106   0.158819 0.00246824 0.921017 0.195694 0.741195
1  -0.994985 -0.0877871  0.0479435 -0.0735032   0.316608  -0.945704  0.0678413  -0.944485  -0.321473 0.00647018   0.338335   0.154441 0.00252322 0.926372 0.448082 2.9758
1  -0.993234  -0.103536  0.0525907 -0.0838813    0.32646  -0.941482  0.0803089  -0.939523  -0.332936  0.0037952   0.336623   0.157872 0.00250362 0.925033 0.387267 0.25252
1   -0.99471 -0.0906912  0.0482376 -0.0753871   0.325539  -0.942518  0.0697749  -0.941169  -0.330654 0.00605881    0.33681   0.157318 0.00255928 0.923695 0.306919 0.178738
0   -0.999576 -0.00302876   0.0289566  -0.0285876    0.290462   -0.956459 -0.00551389   -0.956882   -0.290425   0.0212496    0.341725    0.144806 0.00310637 0.883534 0.222948 0.248563
1  -0.993745 -0.0974826  0.0544746 -0.0803195   0.285034  -0.955146   0.077583  -0.953547  -0.291081 0.00465545   0.343699   0.144057 0.00263465 0.961178 0.358304 0.0944967
1  -0.996539  -0.069096  0.0462122 -0.0657164   0.314429  -0.947003  0.0509037  -0.946763  -0.317882 0.00962201   0.338783    0.15316 0.00246791 0.919679 0.278631 0.109517
1  -0.996539  -0.069096  0.0462122 -0.0657164   0.314429  -0.947003  0.0509037  -0.946763  -0.317882 0.00962202   0.338783    0.15316 0.00246791 0.919679 0.263313 0.337593
0   -0.85949   0.192058   0.473699  -0.401685  -0.826893   -0.39357    0.31611  -0.528547   0.787853 -0.0512677   0.231074  -0.277671 0.00397762 0.536814 0.0120324 0.239126
1  -0.996539  -0.069096  0.0462122 -0.0657164    0.31443  -0.947003  0.0509037  -0.946763  -0.317882 0.00962201   0.338783    0.15316 0.00246791 0.919679 0.150805 0.135187
1    -0.989842    -0.129752    0.0581064   -0.0989803      0.33557    -0.936801     0.102053    -0.933037    -0.345004 -0.000399341     0.334675     0.161642 0.0026894 0.921017 0.247713 0.119647
0   -0.999578 -0.00264119    0.028931  -0.0284492      0.2907   -0.956391 -0.00588424   -0.956811   -0.290653   0.0214138    0.341679    0.144779 0.00314379 0.886212 0.169491 0.184099
1  -0.996539 -0.0690961  0.0462122 -0.0657164   0.314429  -0.947003  0.0509037  -0.946763  -0.317882   0.009622   0.338783    0.15316 0.00246791 0.919679 0.297167 0.508261
1   -0.99647  -0.069494  0.0471008 -0.0666472   0.313675  -0.947189  0.0510496  -0.946984  -0.317199 0.00969076   0.338853   0.152961 0.00246565 0.919679 0.227703 0.0803339
1  -0.998557 -0.0369609  0.0389504 -0.0481539   0.295452  -0.954143   0.023758  -0.954642  -0.296805  0.0151687   0.341478   0.146672 0.0028445 0.922356 0.15025 0.0916909
1  -0.998572 -0.0383927  0.0371572 -0.0472575   0.310199  -0.949496  0.0249276  -0.949896   -0.31157  0.0148811   0.339041   0.151636 0.0029673 0.91834 0.223866 0.105751
0    -0.999602 -0.000985249    0.0281759   -0.0272951     0.284059    -0.958418  -0.00705934    -0.958806    -0.283973    0.0217267     0.342703     0.142632 0.00309403 0.888889 0.166696 0.238923
0  -0.905254 -0.0670023   0.419554  -0.247716  -0.719043  -0.649318   0.345183  -0.691728   0.634319 -0.0585235   0.295632  -0.208976 0.00370285 0.570281 -0.023596 0.390088
1  -0.998449 -0.0382649  0.0404332 -0.0501144   0.301554  -0.952131  0.0242404  -0.952681  -0.303004  0.0151067   0.340506   0.148528 0.00291008 0.922356 0.324858 0.220192
1  -0.994428 -0.0935817  0.0485382   -0.07684   0.328209  -0.941475  0.0721741  -0.939958  -0.333571 0.00557732   0.336333   0.158279 0.00252795 0.922356 0.376504 0.204838
0  -0.995867  0.0899989  0.0122421 0.00179092   0.154214  -0.988036   -0.09081   -0.98393  -0.153738  0.0427289   0.356847  0.0989134 0.00306509 0.848728 0.299364 0.356919
1  -0.996539  -0.069096  0.0462122 -0.0657164   0.314429  -0.947003  0.0509037  -0.946763  -0.317882 0.00962202   0.338783    0.15316 0.00246791 0.919679 0.337892 0.261427
1   -0.99654 -0.0690782  0.0462101 -0.0657119   0.314488  -0.946984  0.0508834  -0.946745  -0.317939 0.00962987   0.338773   0.153178 0.00246876 0.919679 0.155936 0.100123
1  -0.996539  -0.069096  0.0462122 -0.0657164    0.31443  -0.947003  0.0509037  -0.946763  -0.317882 0.00962201   0.338783    0.15316 0.00246791 0.919679 0.272387 0.12909
1  -0.996539  -0.069096  0.0462122 -0.0657164   0.314429  -0.947003  0.0509037  -0.946763  -0.317882 0.00962202   0.338783    0.15316 0.00246791 0.919679 0.152224 0.118936
1  -0.996534 -0.0688123  0.0467474  -0.066053   0.312903  -0.947485  0.0505713  -0.947289  -0.316364 0.00971349   0.338986   0.152688 0.00247281 0.919679 0.264805 0.325678
1    -0.990074    -0.128317    0.0573355   -0.0978832     0.336811    -0.936471     0.100854    -0.932788    -0.346028 -0.000189894      0.33447     0.162041 0.00263964 0.917001 0.0559148 0.056458
1  -0.996539  -0.069096  0.0462123 -0.0657164   0.314429  -0.947003  0.0509037  -0.946763  -0.317882 0.00962201   0.338783    0.15316 0.00246792 0.919679 0.492294 0.66148
0   0.992617   -0.11411 -0.0411149  0.0737579   0.298781   0.951467 -0.0962874  -0.947475   0.304992 0.00693722    0.34076  -0.149267 0.00230546 0.941098 0.417505 0.987572
0    -0.999556 -0.000796084    0.0297725   -0.0289465     0.261239     -0.96484  -0.00700964    -0.965274    -0.261146    0.0217572     0.346259     0.134873 0.00299704 0.900937 0.23071 0.240402
1  -0.998504 -0.0369495  0.0403081 -0.0493389   0.291016  -0.955445  0.0235729  -0.956004  -0.292403  0.0152705   0.342143   0.145031 0.00283987 0.922356 0.170876 0.148019
1   -0.99654 -0.0690953  0.0461885 -0.0656935   0.314426  -0.947006  0.0509108  -0.946764  -0.317877 0.00962248   0.338781   0.153159 0.00246895 0.919679 0.453398 0.343687
1  -0.994553 -0.0931747   0.046723 -0.0751258   0.330041  -0.940972  0.0722543  -0.939357  -0.335243 0.00547532    0.33602   0.158969 0.00250451 0.919679 0.219612 0.296329
1  -0.991475  -0.118082  0.0550891 -0.0911556   0.326471  -0.940801   0.093107  -0.937802  -0.334452 0.00121139   0.336344   0.158349 0.00275082 0.92905 0.498296 0.231643
1  -0.998363 -0.0372497  0.0433933 -0.0518624   0.269962  -0.961473     0.0241   -0.96215  -0.271452  0.0151873   0.345484   0.137837 0.00276191 0.927711 0.121064 0.137092
0   -0.999616  0.00115466   0.0276686  -0.0262253    0.281443    -0.95922 -0.00889469   -0.959577   -0.281304   0.0222692    0.343089    0.141627 0.00301502 0.886212 0.13566 0.254469
1  -0.991306  -0.118751  0.0566687 -0.0937023    0.33476  -0.937633  0.0923748  -0.934791  -0.342977  0.0015255   0.334857   0.161224 0.00260591 0.912985 0.336085 0.105294
1  -0.998344 -0.0371235  0.0439544 -0.0523113   0.267657  -0.962093  0.0239515  -0.962799  -0.269155  0.0152634   0.345808   0.137101 0.00274096 0.927711 0.166303 0.53873
1  -0.996598 -0.0679665  0.0466246 -0.0656266   0.312121  -0.947773  0.0498643  -0.947608   -0.31552 0.00988718   0.339116   0.152406 0.00248951 0.921017 0.126133 0.0855725
1  -0.998467 -0.0388408  0.0394333 -0.0493383   0.301659  -0.952138  0.0250864  -0.952624  -0.303113  0.0148344    0.34046   0.148666 0.00290609 0.921017 -0.0349254 0.0758008
1  -0.998363 -0.0372497  0.0433933 -0.0518624   0.269962  -0.961473     0.0241   -0.96215  -0.271452  0.0151873   0.345484   0.137837 0.00276192 0.927711 0.237599 0.421782
0  -0.983293   0.181617 -0.0122273  0.0380941    0.13963  -0.989471  -0.177997  -0.973406  -0.144216  0.0622229    0.35315  0.0956734 0.00373968 0.784471 -0.0721327 0.313961
0   -0.999547  0.00179414   0.0300332  -0.0285436    0.259039   -0.965445 -0.00951193   -0.965865   -0.258871   0.0225357    0.346493    0.133978 0.00297802 0.900937 0.289396 0.38555
1  -0.998504 -0.0369494  0.0403082 -0.0493389   0.291016  -0.955445  0.0235729  -0.956005  -0.292403  0.0152706   0.342143   0.145031 0.00283988 0.922356 0.0670475 0.170259
1  -0.994724 -0.0901812   0.048902 -0.0759039   0.326316  -0.942208   0.069012  -0.940949  -0.331439  0.0062116   0.336648   0.157609 0.0026118 0.925033 0.121041 0.183117
0  -0.999117  0.0361951  0.0213425 -0.0114115   0.255104  -0.966846 -0.0404397  -0.966236  -0.254466  0.0292013   0.346233   0.132712 0.00339527 0.879518 0.00467855 0.118096
0   -0.999547  0.00179418   0.0300332  -0.0285436    0.259039   -0.965445 -0.00951196   -0.965865   -0.258871   0.0225357    0.346493    0.133978 0.00297802 0.900937 0.0705937 0.128659
1  -0.998596 -0.0348959   0.039851 -0.0480232    0.27896  -0.959101  0.0223519  -0.959668  -0.280245  0.0155993   0.344078   0.140865 0.00279386 0.925033 0.2632 0.277957
0   -0.999589 -0.00127166   0.0286282  -0.0278175    0.283022    -0.95871 -0.00688327   -0.959112   -0.282942   0.0216955    0.342888    0.142258 0.0030329 0.886212 0.0789544 0.275395
1  -0.996539  -0.069096  0.0462122 -0.0657164    0.31443  -0.947003  0.0509037  -0.946763  -0.317882 0.00962202   0.338783    0.15316 0.00246791 0.919679 0.369062 0.385023
1  -0.998687  -0.033955  0.0383528 -0.0463812   0.281635    -0.9584   0.021741  -0.958921   -0.28284  0.0157233   0.343646   0.141791 0.00283621 0.926372 0.22666 0.114792
1   -0.99654 -0.0690782  0.0462101 -0.0657119   0.314488  -0.946984  0.0508834  -0.946745  -0.317939 0.00962987   0.338773   0.153178 0.00246876 0.919679 0.370526 0.114129
0  -0.999117  0.0361951  0.0213425 -0.0114115   0.255104  -0.966846 -0.0404397  -0.966236  -0.254466  0.0292013   0.346233   0.132712 0.00339527 0.879518 0.0921121 0.234088
1  -0.991073  -0.120596   0.056838 -0.0940089   0.329856  -0.939339  0.0945326  -0.936297  -0.338249 0.00101272   0.335751   0.159683 0.00259854 0.91834 0.35937 0.38015
0  -0.999682 0.00583055  0.0245416  -0.022067   0.269193  -0.962833 -0.0122203  -0.963069  -0.268979  0.0231314   0.344839   0.137587 0.00305498 0.89826 -0.014856 0.178951
1  -0.998363 -0.0372497  0.0433934 -0.0518624   0.269962  -0.961473     0.0241   -0.96215  -0.271452  0.0151873   0.345484   0.137837 0.00276192 0.927711 0.297802 0.25412
0   -0.99916  0.0352946  0.0208311 -0.0112172   0.253362  -0.967306 -0.0394185  -0.966727  -0.252754  0.0289522    0.34651   0.132126 0.0033827 0.879518 0.127808 0.107807
0  -0.869685   0.166887   0.464539  -0.400585  -0.788505  -0.466682   0.288408  -0.591954   0.752603 -0.0432619    0.25289  -0.261422 0.00360108 0.547523 0.0302278 0.336051
0  -0.999565 0.00171861  0.0294485 -0.0280147    0.25733  -0.965917  -0.009238  -0.966322   -0.25717  0.0224308   0.346739   0.133407 0.00296551 0.900937 0.183651 0.0908356
0   -0.983774    0.179233 -0.00801869   0.0351153    0.148526   -0.988285   -0.175942   -0.972531    -0.15241   0.0616377    0.352415    0.098466 0.00384165 0.78581 -0.104866 0.231471
1  -0.998477 -0.0379866  0.0400147 -0.0495329   0.297698  -0.953374  0.0243032  -0.953904  -0.299126  0.0150548   0.341117   0.147294 0.0028957 0.923695 -0.0467486 0.133078
1   -0.990083   -0.128347   0.0571177  -0.0977628    0.337505   -0.936233    0.100885   -0.932533   -0.346706 -0.00020543    0.334354    0.162262 0.00262424 0.915663 0.215027 0.109744
1  -0.998477 -0.0379867  0.0400147 -0.0495329   0.297698  -0.953374  0.0243033  -0.953904  -0.299126  0.0150548   0.341117   0.147294 0.0028957 0.923695 0.210329 0.266829
0  -0.999582 0.00382067  0.0286434 -0.0266327   0.262835  -0.964473 -0.0112134  -0.964833  -0.262624  0.0230063   0.345876   0.135257 0.00301392 0.900937 0.244326 0.100139
0   -0.96165   0.272209 -0.0336378  0.0439162  0.0317537   -0.99853  -0.270741  -0.961714 -0.0424903  0.0867686   0.354639  0.0604063 0.00318817 0.714859 -0.0755273 0.267486
1  -0.996539  -0.069096  0.0462122 -0.0657164   0.314429  -0.947003  0.0509037  -0.946763  -0.317882 0.00962202   0.338783    0.15316 0.00246792 0.919679 0.428923 0.234942
1  -0.996519 -0.0692341  0.0464311 -0.0658062   0.311421  -0.947991  0.0511737  -0.947747  -0.314893 0.00950423   0.339269    0.15232 0.00243337 0.919679 0.425465 0.271383
0   -0.989505    0.144432 -0.00444082   0.0318283    0.187872   -0.981678   -0.140952   -0.971516   -0.190497    0.052618    0.350306    0.111438 0.00377504 0.801874 -0.0272667 0.220569
1  -0.998475 -0.0361523  0.0417102 -0.0500565   0.274617   -0.96025   0.023261  -0.960874  -0.276008  0.0154037   0.344762   0.139393 0.00275892 0.925033 0.175722 0.267088
1  -0.995189 -0.0858423  0.0472324 -0.0724379   0.320028  -0.944635  0.0659739  -0.943511  -0.324707 0.00683759   0.337744   0.155455 0.00259398 0.926372 0.289018 0.37728
1  -0.993291  -0.102903  0.0527719 -0.0840796   0.329289  -0.940478  0.0794004  -0.938605  -0.335732 0.00395925   0.336156   0.158785 0.00249918 0.923695 0.0261135 0.0670252
1  -0.996539  -0.069096  0.0462122 -0.0657164   0.314429  -0.947003  0.0509037  -0.946763  -0.317882 0.00962201   0.338783    0.15316 0.00246791 0.919679 0.25857 0.122979
1  -0.998504 -0.0369495  0.0403081 -0.0493389   0.291016  -0.955445  0.0235729  -0.956005  -0.292403  0.0152705   0.342143   0.145031 0.00283987 0.922356 0.0871516 0.154901
1  -0.998504 -0.0369495  0.0403081 -0.0493389   0.291016  -0.955445  0.0235729  -0.956005  -0.292403  0.0152706   0.342143   0.145031 0.00283988 0.922356 0.239465 0.556597
0 -0.999084 0.0369481 0.0215667 -0.011508  0.253429 -0.967286 -0.041205 -0.966648 -0.252771 0.0294531  0.346405  0.132175 0.00339242 0.879518 -0.0349188 0.0892987
1  -0.998504 -0.0369495  0.0403081 -0.0493389   0.291016  -0.955445  0.0235729  -0.956005  -0.292403  0.0152705   0.342143   0.145031 0.00283988 0.922356 0.157996 0.134031
1   -0.99169  -0.115992  0.0556471 -0.0910077   0.326781  -0.940708  0.0909298  -0.937955  -0.334621 0.00163389   0.336335   0.158426 0.00266778 0.926372 0.095384 0.0895363
1  -0.996539  -0.069096  0.0462123 -0.0657164   0.314429  -0.947003  0.0509037  -0.946763  -0.317882 0.00962201   0.338783    0.15316 0.00246791 0.919679 0.280154 0.138017
1   -0.99654 -0.0690782  0.0462101 -0.0657119   0.314488  -0.946984  0.0508834  -0.946745  -0.317939 0.00962987   0.338773   0.153178 0.00246877 0.919679 0.20608 0.133389
1  -0.996534 -0.0688123  0.0467474  -0.066053   0.312903  -0.947485  0.0505712  -0.947289  -0.316364 0.00971349   0.338986   0.152688 0.0024728 0.919679 0.207789 0.141088
1  -0.996539  -0.069096  0.0462122 -0.0657164   0.314429  -0.947003  0.0509037  -0.946763  -0.317882 0.00962201   0.338783    0.15316 0.0024679 0.919679 0.325103 0.166672
1  -0.996519 -0.0692341  0.0464311 -0.0658062   0.311421  -0.947991  0.0511737  -0.947747  -0.314893 0.00950423   0.339269    0.15232 0.00243336 0.919679 0.273597 0.273075
0  -0.999593 0.00394506   0.028247 -0.0262202   0.262609  -0.964546 -0.0112231  -0.964894  -0.262399  0.0229857   0.345879   0.135243 0.00302076 0.900937 0.189197 0.0986273
1   -0.99654 -0.0690782  0.0462101 -0.0657119   0.314488  -0.946984  0.0508834  -0.946745  -0.317939 0.00962987   0.338773   0.153178 0.00246876 0.919679 0.284493 0.0998401
0  -0.999636 0.00344888  0.0267494 -0.0247161   0.279834   -0.95973 -0.0107954  -0.960042  -0.279647  0.0228267    0.34334   0.141065 0.00304193 0.891566 0.228252 0.220029
1  -0.998586  -0.037795   0.037384 -0.0472685   0.309487  -0.949728  0.0243251  -0.950152  -0.310836   0.015037   0.339165   0.151367 0.00299143 0.921017 0.054945 0.0805481
0  -0.999027  0.0373132   0.023516 -0.0141432      0.234  -0.972134 -0.0417762   -0.97152  -0.233245  0.0297229   0.349119   0.125486 0.00325481 0.882195 0.222327 0.473606
1   -0.99654 -0.0690782  0.0462101 -0.0657119   0.314488  -0.946984  0.0508834  -0.946745  -0.317939 0.00962988   0.338773   0.153178 0.00246876 0.919679 0.168955 0.125307
1  -0.996539  -0.069096  0.0462123 -0.0657164   0.314429  -0.947003  0.0509037  -0.946763  -0.317882 0.00962202   0.338783    0.15316 0.00246791 0.919679 0.26941 0.254162
1  -0.995955 -0.0753105  0.0490046 -0.0706226    0.31896  -0.945133   0.055548  -0.944771  -0.322988 0.00891697   0.338018   0.154779 0.00254222 0.925033 0.252636 0.323644
0   0.978295  -0.204443 -0.0337997    0.11556   0.402868   0.907933  -0.172004  -0.892132   0.417749  0.0233854   0.319347  -0.186472 0.00291481 0.884873 0.147963 0.936139
0  -0.998677 -0.0275773  0.0433908 -0.0487752   0.241353  -0.969211  0.0162557  -0.970046  -0.242379  0.0178503   0.349614   0.128281 0.00265228 0.935743 0.348294 0.965057
0   0.992615  -0.114107 -0.0411793  0.0738223   0.298817   0.951451  -0.096262  -0.947464   0.305033 0.00692557   0.340757  -0.149285 0.00230635 0.941098 0.390904 1.18891
1  -0.996181 -0.0731959   0.047608 -0.0684564   0.316248  -0.946204  0.0542023  -0.945849  -0.320051 0.00907955   0.338512   0.153817 0.00252776 0.926372 0.174039 0.0872694
1  -0.991675  -0.116185  0.0555071 -0.0909627    0.32701  -0.940633  0.0911361  -0.937852  -0.334856 0.00165045   0.336265   0.158533 0.00267574 0.925033 0.258245 0.241246
1  -0.998477 -0.0379866  0.0400146 -0.0495329   0.297698  -0.953374  0.0243032  -0.953904  -0.299126  0.0150548   0.341117   0.147294 0.0028957 0.923695 0.356789 0.36222
1  -0.996539  -0.069096  0.0462122 -0.0657164   0.314429  -0.947003  0.0509037  -0.946763  -0.317882 0.00962201   0.338783    0.15316 0.00246791 0.919679 0.223579 0.124462
0  -0.983238   0.181901 -0.0124773  0.0379188   0.137068  -0.989836  -0.178341  -0.973717  -0.141668  0.0623621   0.353411  0.0949147 0.00368035 0.783133 0.0200062 0.245456
0   0.978323  -0.204327 -0.0336833   0.115426   0.402995   0.907894  -0.171933  -0.892102   0.417844  0.0233773   0.319324  -0.186507 0.00291471 0.884873 0.193643 0.619674
1  -0.996539  -0.069096  0.0462122 -0.0657164   0.314429  -0.947003  0.0509037  -0.946763  -0.317882 0.00962201   0.338783    0.15316 0.00246791 0.919679 0.233464 0.134414
0  -0.999565 0.00171861  0.0294485 -0.0280147    0.25733  -0.965917  -0.009238  -0.966322   -0.25717  0.0224308   0.346739   0.133407 0.00296549 0.900937 0.147312 0.286861
1    -0.990312    -0.126793    0.0566172   -0.0963336     0.333674    -0.937753     0.100008    -0.934123    -0.342656 -0.000129528     0.335072     0.161036 0.00261606 0.919679 0.598715 1.06376
1  -0.994775 -0.0899188  0.0483361  -0.075204   0.325274  -0.942625  0.0690372  -0.941335  -0.330337 0.00620726   0.336863   0.157214 0.002585 0.925033 0.295131 0.132384
1   -0.99654 -0.0690782  0.0462101 -0.0657119   0.314488  -0.946984  0.0508834  -0.946745  -0.317939 0.00962987   0.338773   0.153178 0.00246877 0.919679 0.353255 0.29116
0   -0.984206    0.177027 6.42667e-05   0.0182953    0.102077   -0.994608   -0.176079   -0.978898   -0.103703   0.0625688     0.35681   0.0816728 0.00370176 0.78581 -0.149636 0.436918
1  -0.998477 -0.0379867  0.0400147 -0.0495329   0.297698  -0.953374  0.0243032  -0.953904  -0.299126  0.0150548   0.341117   0.147294 0.00289569 0.923695 0.0361934 0.268671
1   -0.99654 -0.0690782  0.0462101 -0.0657119   0.314488  -0.946984  0.0508834  -0.946745  -0.317939 0.00962987   0.338773   0.153178 0.00246876 0.919679 0.211814 0.11302
1  -0.993019  -0.105805  0.0521445 -0.0848008   0.333075  -0.939079  0.0819912  -0.936945  -0.339722  0.0035058   0.335418   0.160143 0.00255136 0.921017 0.225284 0.0855496
0    0.998232  -0.0444875   0.0394219  -0.0532122   -0.373266    0.926197  -0.0264893   -0.926657   -0.374973 -0.00373933    0.362303   0.0893248 0.00373995 0.639893 -0.0194595 0.505955
1  -0.996539  -0.069096  0.0462122 -0.0657164    0.31443  -0.947003  0.0509037  -0.946763  -0.317882 0.00962201   0.338783    0.15316 0.0024679 0.919679 0.223415 0.137781
1    -0.989842    -0.129752    0.0581064   -0.0989803      0.33557    -0.936801     0.102053    -0.933037    -0.345004 -0.000399339     0.334675     0.161642 0.00268941 0.921017 0.263306 0.0936737
0   -0.999025   0.0405772   0.0173753 -0.00618231    0.261128   -0.965284  -0.0437057   -0.964451   -0.260623   0.0300296    0.345142    0.135007 0.00327637 0.866131 0.0609102 0.0748442
0   -0.999638  0.00188741   0.0268275   -0.025211    0.281559   -0.959213 -0.00936397   -0.959542    -0.28141   0.0223919    0.343038    0.141712 0.00302382 0.886212 0.0258214 0.0935891
0 -0.962692  0.268806 -0.031102 0.0446388  0.044393 -0.998016 -0.266892 -0.962171 -0.054736 0.0854421  0.354169  0.064417 0.00324627 0.716198 -0.0670158 0.24733
1  -0.995955 -0.0753105  0.0490046 -0.0706226    0.31896  -0.945133   0.055548  -0.944771  -0.322988 0.00891697   0.338018   0.154779 0.00254222 0.925033 0.141521 0.115439
0  -0.993954   0.109736 0.00362257  0.0183169   0.198259  -0.979979  -0.108257  -0.973987   -0.19907  0.0451876   0.350905   0.114204 0.00363383 0.832664 -0.0176555 0.122952
1  -0.996571 -0.0684108   0.046545 -0.0657066   0.312404  -0.947674  0.0502903  -0.947483  -0.315828 0.00978874   0.339078   0.152514 0.00246427 0.919679 0.314788 0.250339
0    -0.999602 -0.000985224    0.0281759   -0.0272951     0.284059    -0.958418  -0.00705936    -0.958806    -0.283973    0.0217267     0.342703     0.142632 0.00309403 0.888889 -0.0301903 0.160557
0  -0.983238   0.181901 -0.0124773  0.0379188   0.137068  -0.989836  -0.178341  -0.973717  -0.141668  0.0623621   0.353411  0.0949147 0.00368035 0.783133 -0.160902 0.371723
0  -0.999582 0.00382068  0.0286434 -0.0266327   0.262835  -0.964473 -0.0112134  -0.964833  -0.262624  0.0230063   0.345876   0.135257 0.00301393 0.900937 0.169334 0.0754691
1  -0.994296 -0.0947433  0.0489848 -0.0776153   0.327721  -0.941581  0.0731551  -0.940012  -0.333206 0.00536371   0.336452   0.158115 0.00252659 0.925033 0.352797 0.0655119
1  -0.998557 -0.0369609  0.0389504 -0.0481539   0.295452  -0.954143   0.023758  -0.954642  -0.296805  0.0151687   0.341478   0.146673 0.0028445 0.922356 0.192713 0.198141
1  -0.996539  -0.069096  0.0462122 -0.0657164   0.314429  -0.947003  0.0509037  -0.946763  -0.317882 0.00962202   0.338783    0.15316 0.0024679 0.919679 0.262944 0.119763
1  -0.998363 -0.0372497  0.0433933 -0.0518624   0.269962  -0.961473     0.0241   -0.96215  -0.271452  0.0151873   0.345484   0.137837 0.00276192 0.927711 0.166887 0.0674444
1    -0.990312    -0.126793    0.0566172   -0.0963337     0.333674    -0.937753     0.100008    -0.934123    -0.342656 -0.000129532     0.335072     0.161036 0.00261604 0.919679 0.349398 1.25611
1  -0.996539  -0.069096  0.0462123 -0.0657164   0.314429  -0.947003  0.0509037  -0.946763  -0.317882 0.00962202   0.338783    0.15316 0.00246791 0.919679 0.210471 0.137328
1   -0.99651 -0.0692955  0.0465302 -0.0659265   0.311543  -0.947942   0.051192  -0.947702  -0.315024 0.00950497   0.339248   0.152363 0.00243383 0.919679 0.401037 0.170981
1    -0.990074    -0.128318    0.0573355   -0.0978832     0.336811    -0.936471     0.100854    -0.932788    -0.346028 -0.000189899      0.33447     0.162041 0.00263963 0.917001 0.131465 0.26814
1  -0.994679 -0.0902282   0.049715 -0.0764735   0.323363   -0.94318  0.0690254  -0.941964  -0.328543 0.00621839   0.337147   0.156723 0.0025748 0.925033 0.370911 0.47576
0   -0.999638  0.00188741   0.0268275   -0.025211    0.281559   -0.959213 -0.00936396   -0.959542    -0.28141   0.0223919    0.343038    0.141712 0.00302383 0.886212 0.155855 0.135956
1  -0.996539  -0.069096  0.0462123 -0.0657164   0.314429  -0.947003  0.0509037  -0.946763  -0.317882 0.00962201   0.338783    0.15316 0.0024679 0.919679 0.282798 0.344259
1  -0.992687  -0.106696  0.0564648 -0.0877755   0.316868  -0.944399  0.0828713  -0.942449  -0.323916 0.00308597   0.338293   0.154711 0.00255087 0.935743 0.352645 0.35725
1  -0.993633 -0.0995823  0.0526975 -0.0818293   0.316358  -0.945104  0.0774443  -0.943399  -0.322492 0.00433188     0.3384    0.15444 0.00253646 0.935743 0.224868 0.225784
0  -0.936632   0.347129 -0.0471415  0.0552909  0.0136035  -0.998378  -0.345925  -0.937719 -0.0319346   0.105223   0.347895  0.0564515 0.00331033 0.672021 0.0752791 0.184423
0   -0.999565   0.0017186   0.0294484  -0.0280147     0.25733   -0.965917 -0.00923799   -0.966322    -0.25717   0.0224308    0.346739    0.133407 0.00296551 0.900937 0.297038 0.373185
1  -0.996539  -0.069096  0.0462122 -0.0657164   0.314429  -0.947003  0.0509037  -0.946763  -0.317882 0.00962201   0.338783    0.15316 0.00246791 0.919679 0.158452 0.106962
0   -0.997376    0.069751   0.0193893 -0.00444466    0.208323    -0.97805  -0.0722593    -0.97557   -0.207466   0.0368536    0.351353    0.116872 0.00357337 0.860776 0.0801195 0.288865
0   -0.989461    0.144732 -0.00441642   0.0318883     0.18805   -0.981642   -0.141245   -0.971437   -0.190683   0.0526764    0.350269    0.111499 0.00377588 0.801874 -0.132861 0.0966516
1  -0.996539  -0.069096  0.0462122 -0.0657164    0.31443  -0.947003  0.0509037  -0.946763  -0.317882 0.00962201   0.338783    0.15316 0.00246791 0.919679 0.275131 0.181713
1  -0.998599 -0.0382012  0.0366032 -0.0465198   0.304461  -0.951388  0.0251999  -0.951758  -0.305812  0.0147263   0.339956   0.149733 0.00298428 0.922356 -0.00519169 0.224616
1  -0.995166 -0.0860288  0.0473662 -0.0725967   0.319613  -0.944763   0.066138  -0.943635  -0.324313 0.00678782   0.337817   0.155324 0.00258762 0.926372 0.123918 0.0805871
0  -0.999259  0.0327668  0.0201735 -0.0103501    0.27607  -0.961082 -0.0370609  -0.960579  -0.275527  0.0281553   0.343135   0.140043 0.00331827 0.855422 0.071215 0.175903
1  -0.994724 -0.0905649  0.0481849 -0.0752926   0.325505  -0.942538  0.0696764  -0.941193  -0.330607 0.00607548   0.336825   0.157299 0.00255727 0.923695 0.295608 0.133866
1   -0.99654 -0.0690782  0.0462101 -0.0657119   0.314488  -0.946984  0.0508834  -0.946745  -0.317939 0.00962987   0.338773   0.153178 0.00246876 0.919679 0.296003 0.294644
1  -0.998687  -0.033955  0.0383528 -0.0463812   0.281635    -0.9584   0.021741  -0.958921   -0.28284  0.0157233   0.343646   0.141791 0.00283622 0.926372 0.300507 0.262309
1  -0.991073  -0.120596   0.056838 -0.0940089   0.329856  -0.939339  0.0945325  -0.936297  -0.338249 0.00101272   0.335751   0.159683 0.00259853 0.91834 0.358231 0.368312
0  -0.999077  0.0361453  0.0232008 -0.0139985   0.236651  -0.971494 -0.0406054  -0.970922  -0.235927  0.0293375   0.348798    0.12651 0.00329458 0.883534 0.11203 0.198025
1  -0.996539 -0.0690961  0.0462122 -0.0657164   0.314429  -0.947003  0.0509037  -0.946763  -0.317882   0.009622   0.338783    0.15316 0.00246791 0.919679 0.356319 0.113503
1   -0.99654 -0.0690782  0.0462101 -0.0657119   0.314488  -0.946984  0.0508834  -0.946745  -0.317939 0.00962987   0.338773   0.153178 0.00246877 0.919679 0.170532 0.0997344
1  -0.994637 -0.0908194  0.0494897 -0.0766686    0.32625  -0.942169  0.0694212  -0.940911  -0.331463 0.00612195    0.33665   0.157712 0.00258294 0.923695 0.289355 0.160839
1  -0.996539  -0.069096  0.0462122 -0.0657164    0.31443  -0.947003  0.0509037  -0.946763  -0.317882 0.00962202   0.338783    0.15316 0.0024679 0.919679 0.247259 0.384448
1   -0.989809   -0.130004   0.0581191  -0.0989001    0.333926   -0.937397    0.102457   -0.933591    -0.34338 -0.00053373    0.334969    0.161059 0.00267456 0.921017 0.263158 0.476267
0   0.992518  -0.114811 -0.0415444  0.0744111   0.299027   0.951339 -0.0968012  -0.947313   0.305333 0.00707336   0.340752  -0.149366 0.00228845 0.939759 0.415348 1.03002
0 -0.976417   0.21552 0.0126748 0.0415399   0.24516 -0.968592 -0.211858 -0.945224 -0.248332  0.070532  0.338694  0.130719 0.00378008 0.717537 0.0714119 0.266616
1   -0.99654 -0.0690782  0.0462101 -0.0657119   0.314488  -0.946984  0.0508834  -0.946745  -0.317939 0.00962987   0.338773   0.153178 0.00246876 0.919679 0.194028 0.104215
1  -0.998504 -0.0369495  0.0403081 -0.0493389   0.291016  -0.955445  0.0235729  -0.956005  -0.292403  0.0152705   0.342143   0.145031 0.00283988 0.922356 0.204624 0.167008
1  -0.996542 -0.0691001  0.0461507 -0.0656538   0.314329  -0.947041  0.0509341  -0.946796  -0.317778 0.00961935   0.338794   0.153127 0.0024688 0.919679 0.386148 0.0850193
1  -0.991721  -0.115768  0.0555656 -0.0909207   0.327463  -0.940479  0.0906814  -0.937745  -0.335278 0.00171377   0.336212   0.158644 0.00268054 0.926372 0.296413 0.336387
1  -0.994559 -0.0929897  0.0469557 -0.0752873   0.330091  -0.940942  0.0719983  -0.939358  -0.335296 0.00553973   0.336015   0.158961 0.00252743 0.921017 0.207293 0.100575
1  -0.998591 -0.0367449  0.0382897 -0.0474932   0.296852  -0.953742  0.0236788  -0.954216  -0.298179  0.0151697   0.341244   0.147154 0.00286404 0.922356 -0.0051938 0.109063
1  -0.996539  -0.069096  0.0462122 -0.0657164   0.314429  -0.947003  0.0509037  -0.946763  -0.317882 0.00962201   0.338783    0.15316 0.0024679 0.919679 0.264875 0.119848
0   0.978392  -0.203449 -0.0368572   0.116119   0.393185   0.912097  -0.171073  -0.896668   0.408314  0.0230996   0.321373  -0.183218 0.00292955 0.886212 -0.0844389 0.813215
1  -0.993679  -0.100244  0.0505221 -0.0811919   0.331005   -0.94013  0.0775195  -0.938289  -0.337052 0.00442904    0.33584   0.159323 0.00250828 0.922356 0.27836 0.0760537
0   0.989504  -0.137765 -0.0436096  0.0854474   0.314456   0.945418  -0.116533  -0.939222   0.322927  0.0111199   0.337808  -0.155279 0.00250202 0.934404 0.168808 0.832675
1  -0.994567 -0.0918242  0.0490293 -0.0766457   0.327287  -0.941811  0.0704344  -0.940453  -0.332547 0.00596718   0.336485    0.15793 0.00257282 0.923695 0.185056 0.123597
0    0.95194  -0.304667 -0.0314333   0.175323   0.457883   0.871553   -0.25114  -0.835178   0.489292  0.0412673   0.300944   -0.20974 0.00316818 0.80589 0.238549 0.492562
0   0.977022  -0.212857 -0.0109256 -0.0173301  -0.130428   0.991306  -0.212431  -0.968339   -0.13112  0.0405265   0.371345 0.00165405 0.00347811 0.69344 -0.0696034 0.544777
1  -0.998529  -0.038329   0.038339 -0.0481498   0.302056  -0.952073  0.0249115  -0.952519  -0.303457  0.0148714   0.340359   0.148843 0.00296493 0.923695 0.132775 0.127121
1   -0.99654 -0.0690782  0.0462101 -0.0657119   0.314488  -0.946984  0.0508834  -0.946745  -0.317939 0.00962987   0.338773   0.153178 0.00246877 0.919679 0.236465 0.203312
0   -0.999565  0.00171862   0.0294485  -0.0280147     0.25733   -0.965917 -0.00923801   -0.966322    -0.25717   0.0224308    0.346739    0.133407 0.0029655 0.900937 0.232238 0.150519
1  -0.996539  -0.069096  0.0462122 -0.0657164   0.314429  -0.947003  0.0509037  -0.946763  -0.317882 0.00962202   0.338783    0.15316 0.0024679 0.919679 0.0724779 0.104701
1  -0.998363 -0.0372497  0.0433933 -0.0518624   0.269962  -0.961473     0.0241   -0.96215  -0.271452  0.0151873   0.345484   0.137837 0.00276191 0.927711 0.216548 0.192736
1  -0.994568 -0.0930051  0.0467293 -0.0750903   0.330248  -0.940903  0.0720765  -0.939301  -0.335438 0.00550108   0.335991   0.159024 0.00252688 0.921017 0.229729 0.0813473
1  -0.998687 -0.0339551  0.0383528 -0.0463812   0.281635    -0.9584   0.021741  -0.958921   -0.28284  0.0157233   0.343646   0.141791 0.00283622 0.926372 0.162175 0.195217
0  0.977647  -0.20824 -0.029029  0.119462  0.436544  0.891717 -0.173019 -0.875252  0.451662 0.0235154  0.311961 -0.197559 0.00298716 0.884873 -0.0335231 0.590223
1  -0.991789  -0.115396   0.055117 -0.0903011   0.326757  -0.940785  0.0905528  -0.938037  -0.334494 0.00167752   0.336354   0.158387 0.00267684 0.927711 0.186885 0.13825
1  -0.995175 -0.0860128  0.0471994 -0.0724608   0.320008   -0.94464   0.066147  -0.943502  -0.324696 0.00678999   0.337756   0.155452 0.00258899 0.926372 0.303903 0.0565484
1  -0.996539  -0.069096  0.0462122 -0.0657164   0.314429  -0.947003  0.0509037  -0.946763  -0.317882 0.00962201   0.338783    0.15316 0.00246791 0.919679 0.472875 0.291172
1  -0.998504 -0.0369495  0.0403081 -0.0493389   0.291016  -0.955445  0.0235729  -0.956005  -0.292403  0.0152705   0.342143   0.145031 0.00283988 0.922356 0.151682 0.128045
1  -0.998477 -0.0379866  0.0400147 -0.0495329   0.297698  -0.953374  0.0243032  -0.953904  -0.299126  0.0150549   0.341117   0.147294 0.00289569 0.923695 0.136208 0.131447
1    -0.9986 -0.0382023  0.0365737 -0.0466329   0.309803  -0.949657  0.0249484  -0.950033  -0.311151  0.0148111   0.339059   0.151685 0.00297764 0.917001 0.284436 0.293766
1    -0.9986 -0.0382023  0.0365737 -0.0466329   0.309803  -0.949657  0.0249484  -0.950033   -0.31115  0.0148111   0.339059   0.151685 0.00297764 0.917001 0.194159 0.0611116
0    0.99548 -0.0893796 -0.0321058   0.057211    0.29454   0.953925  -0.075805   -0.95145   0.298322 0.00247068   0.341838  -0.147243 0.00219645 0.941098 0.405022 0.821213
1   -0.99471 -0.0906912  0.0482376 -0.0753871   0.325539  -0.942518  0.0697749  -0.941169  -0.330654  0.0060588    0.33681   0.157318 0.00255928 0.923695 0.227266 0.15545
0   0.989258  -0.139294 -0.0443339  0.0863297   0.311968   0.946162  -0.117964  -0.939826   0.320642  0.0115441   0.338255  -0.154221 0.0024462 0.933066 0.338654 0.776649
1  -0.996539  -0.069096  0.0462123 -0.0657164   0.314429  -0.947003  0.0509037  -0.946763  -0.317882 0.00962201   0.338783    0.15316 0.00246792 0.919679 0.214605 0.14275
0  -0.994301  0.0998404  0.0373861 -0.0328623  0.0465771  -0.998374  -0.101419  -0.993913 -0.0430307  0.0472265   0.365063  0.0601763 0.00288542 0.817938 0.220987 0.344009
1   -0.99847 -0.0360633  0.0419069 -0.0502116   0.274218  -0.960356   0.023142  -0.960991  -0.275609  0.0154467   0.344814   0.139257 0.00275903 0.925033 0.128745 0.128191
0  -0.866015    0.19819   0.459064  -0.417209  -0.792444  -0.444937     0.2756  -0.576848   0.768955 -0.0426532   0.247193  -0.267747 0.00377828 0.548862 0.00981517 0.239387
0   -0.999552 -0.00388766   0.0296755  -0.0295128    0.292824   -0.955711 -0.00497424   -0.956158   -0.292808   0.0211408    0.341379    0.145602 0.00308451 0.880857 0.026956 0.192242
0   -0.999616  -0.0010178    0.027682  -0.0268124    0.286586   -0.957679 -0.00695855   -0.958054   -0.286504   0.0216613    0.342315    0.143491 0.00306536 0.884873 0.063218 0.108867
1  -0.994718 -0.0902095  0.0489728 -0.0758562   0.324624  -0.942796  0.0691515  -0.941532  -0.329752 0.00614311   0.336932   0.157158 0.00256908 0.923695 0.348397 0.177036
1   -0.99654 -0.0690782  0.0462101 -0.0657119   0.314488  -0.946984  0.0508834  -0.946745  -0.317939 0.00962988   0.338773   0.153178 0.00246876 0.919679 0.371067 0.122264
1  -0.996571 -0.0684108   0.046545 -0.0657066   0.312404  -0.947674  0.0502903  -0.947483  -0.315828 0.00978874   0.339078   0.152514 0.00246426 0.919679 0.234301 0.111512
1  -0.998504 -0.0369495  0.0403081 -0.0493389   0.291016  -0.955445  0.0235729  -0.956005  -0.292403  0.0152705   0.342143   0.145031 0.00283987 0.922356 0.188184 0.171615
1  -0.994542 -0.0921152  0.0490099  -0.076837   0.328782  -0.941275  0.0705921  -0.939903  -0.334065  0.0059131   0.336217   0.158443 0.00257385 0.922356 0.436716 0.388402
1  -0.998475 -0.0361523  0.0417102 -0.0500565   0.274617   -0.96025   0.023261  -0.960874  -0.276008  0.0154037   0.344762   0.139393 0.00275892 0.925033 0.217296 0.201686
1  -0.996539  -0.069096  0.0462122 -0.0657164   0.314429  -0.947003  0.0509037  -0.946763  -0.317882 0.00962202   0.338783    0.15316 0.00246791 0.919679 0.167708 0.130121
1  -0.998504 -0.0369495  0.0403081 -0.0493389   0.291016  -0.955445  0.0235729  -0.956005  -0.292403  0.0152706   0.342143   0.145031 0.00283987 0.922356 0.228638 0.162784
1  -0.998344 -0.0371487  0.0439326 -0.0522966   0.267638  -0.962099  0.0239827  -0.962803  -0.269138  0.0152584   0.345813   0.137094 0.00273952 0.927711 0.249104 0.198024
1  -0.998504 -0.0369495  0.0403081 -0.0493389   0.291016  -0.955445  0.0235729  -0.956005  -0.292403  0.0152706   0.342143   0.145031 0.00283989 0.922356 0.221389 0.168157
0   0.991733  -0.120896 -0.0430001  0.0784553   0.306134    0.94875  -0.101537  -0.944281   0.313088 0.00821613   0.339508  -0.151721 0.00222182 0.935743 0.431838 1.51723
1   -0.99654 -0.0690782  0.0462101 -0.0657119   0.314488  -0.946984  0.0508835  -0.946745  -0.317939 0.00962986   0.338773   0.153178 0.00246877 0.919679 0.250466 0.12741
1  -0.998557 -0.0369609  0.0389504 -0.0481539   0.295452  -0.954143   0.023758  -0.954642  -0.296805  0.0151687   0.341478   0.146673 0.0028445 0.922356 0.0181643 0.119864
1  -0.994377 -0.0932778  0.0501295  -0.076522   0.305719  -0.949042   0.073199  -0.947542  -0.311138 0.00512266   0.340138   0.150743 0.0025492 0.935743 0.422744 0.231335
1  -0.996376  -0.070665   0.047353 -0.0671718   0.312076  -0.947679    0.05219  -0.947425  -0.315692 0.00944774   0.339143   0.152435 0.00244726 0.921017 0.271804 0.179464
1  -0.998504 -0.0369495  0.0403081 -0.0493389   0.291016  -0.955445  0.0235729  -0.956005  -0.292403  0.0152705   0.342143   0.145031 0.00283988 0.922356 0.242893 0.161979
0   -0.999589 -0.00127164   0.0286282  -0.0278175    0.283023    -0.95871 -0.00688329   -0.959112   -0.282942   0.0216955    0.342888    0.142258 0.0030329 0.886212 0.0798701 0.288958
0    -0.972403     0.233308 -0.000550347    0.0533936     0.220241    -0.973983    -0.227117    -0.947133     -0.22662    0.0743681     0.340574     0.123319 0.00352849 0.717537 -0.0421884 0.252418
1  -0.998504 -0.0369495  0.0403081 -0.0493389   0.291016  -0.955445  0.0235729  -0.956005  -0.292403  0.0152706   0.342143   0.145031 0.00283987 0.922356 0.0925448 0.172739
1  -0.994304 -0.0947902  0.0487202 -0.0774146    0.32816  -0.941445  0.0732517  -0.939854  -0.333629 0.00531625   0.336368   0.158283 0.00253505 0.925033 0.271225 0.182395
1   -0.99471 -0.0906912  0.0482376 -0.0753871   0.325539  -0.942518  0.0697749  -0.941169  -0.330654 0.00605879    0.33681   0.157318 0.00255927 0.923695 0.186833 0.264371
0  -0.999685 0.00580509  0.0244305 -0.0219653   0.269309  -0.962803 -0.0121685  -0.963036  -0.269096  0.0231095   0.344825   0.137632 0.00305554 0.89826 0.267834 0.161673
0   0.989258  -0.139294 -0.0443338  0.0863297   0.311968   0.946162  -0.117964  -0.939826   0.320642  0.0115441   0.338255  -0.154221 0.0024462 0.933066 0.236229 0.920898
1  -0.994724 -0.0901812   0.048902 -0.0759039   0.326316  -0.942208  0.0690119  -0.940949  -0.331439 0.00621162   0.336648   0.157609 0.0026118 0.925033 0.228157 0.390589
1  -0.995189 -0.0858423  0.0472324 -0.0724379   0.320028  -0.944635  0.0659739  -0.943511  -0.324707 0.00683758   0.337744   0.155455 0.00259398 0.926372 0.300673 0.176258
