1  -0.994957 -0.0898448   0.044598 -0.0706417   0.311992  -0.947455  0.0712097  -0.945827  -0.316765 0.00550474   0.339029    0.15294 0.00251305 0.926372 0.286676 1.73842
1  -0.995029 -0.0887305  0.0452203 -0.0710953    0.31492  -0.946452  0.0697383  -0.944961  -0.319663 0.00598027   0.338567    0.15382 0.00253438 0.926372 0.314318 3.66007
1  -0.994317 -0.0932628  0.0513417 -0.0809957   0.349719  -0.933347  0.0690913  -0.932201  -0.355286 0.00652132   0.332686    0.16512 0.00265693 0.914324 0.32637 5.84612
1  -0.994682 -0.0902075  0.0497041  -0.074903   0.302338  -0.950253  0.0706925  -0.948923  -0.307487 0.00592294   0.340418   0.150097 0.00246433 0.925033 0.289729 2.05742
1  -0.997433 -0.0607989  0.0378198 -0.0565981   0.345939  -0.936548  0.0438577  -0.936285  -0.348492  0.0115269   0.333192   0.163446 0.00278726 0.900937 0.323702 4.63615
1  -0.996995 -0.0632076  0.0447842 -0.0607762   0.279778  -0.958139  0.0480321  -0.957982  -0.282779  0.0102847   0.344028   0.141941 0.00257494 0.937082 0.330944 2.07764
1  -0.994925 -0.0873593  0.0499251 -0.0767802   0.338475  -0.937838  0.0650305  -0.936911  -0.343465 0.00722547   0.334591   0.161385 0.00271473 0.919679 0.0483056 13.5068
1  -0.995249 -0.0874502  0.0428021 -0.0679575   0.309124  -0.948591  0.0697232  -0.946992  -0.313598 0.00567793   0.339472   0.151914 0.00260919 0.930388 0.302557 12.0067
1    -0.9964 -0.0683231  0.0501851 -0.0673653    0.27876  -0.957995  0.0514636  -0.957927  -0.282359 0.00945897   0.343679   0.141713 0.00271191 0.919679 0.264669 10.9313
1  -0.995289 -0.0863811  0.0440212 -0.0679887   0.298171  -0.952088  0.0691165  -0.950596  -0.302639 0.00581661   0.341264    0.14841 0.00258235 0.935743 0.158509 6.30578
1  -0.995446 -0.0826542  0.0474882 -0.0739823   0.355732  -0.931655  0.0601121  -0.930926  -0.360227 0.00841596   0.331637   0.166828 0.0027694 0.906292 0.394235 21.7304
1  -0.996493 -0.0697722  0.0461984 -0.0660074   0.316054  -0.946442  0.0514342  -0.946172  -0.319551 0.00949864    0.33851   0.153677 0.00248416 0.919679 0.454061 8.88089
1  -0.994452 -0.0934525  0.0482948 -0.0763677   0.325625   -0.94241  0.0723445  -0.940869  -0.330955 0.00550348   0.336753   0.157532 0.00250501 0.922356 0.142834 20.7798
1  -0.994878 -0.0883591  0.0490894 -0.0755021   0.326714  -0.942103  0.0672051  -0.940984  -0.331712 0.00677351   0.336619   0.157644 0.00258614 0.923695 0.252493 15.4162
1  -0.996523 -0.0695612  0.0458633 -0.0655322   0.314411  -0.947022   0.051456  -0.946735  -0.317877 0.00947539    0.33882   0.153181 0.00244695 0.919679 0.162329 5.84288
1  -0.996613 -0.0671289  0.0474959 -0.0655132   0.299067   -0.95198   0.049701  -0.951868  -0.302452 0.00995821   0.341186   0.148213 0.0024418 0.925033 0.235034 6.38738
1   -0.99467 -0.0901001  0.0501416 -0.0765626   0.319628  -0.944445  0.0690679   -0.94325  -0.324823 0.00621442   0.337704   0.155601 0.00257284 0.925033 0.442085 17.5043
1  -0.994787 -0.0899832  0.0479698 -0.0748464   0.324841  -0.942802  0.0692538  -0.941478  -0.329883 0.00618202   0.336938   0.157081 0.00257269 0.925033 0.33033 14.1831
1  -0.994979 -0.0879237   0.047816  -0.073734    0.32089  -0.944242  0.0676776  -0.943027  -0.325762 0.00658769     0.3376   0.155766 0.00257203 0.926372 0.324112 12.4285
1  -0.994905 -0.0893835  0.0466232 -0.0730092   0.319922  -0.944627  0.0695182  -0.943218  -0.324818 0.00609583   0.337759   0.155476 0.00251458 0.923695 0.27719 6.23972
1  -0.991581  -0.117101  0.0552633 -0.0911026    0.32763  -0.940404  0.0920165  -0.937521   -0.33554 0.00140331   0.336155   0.158742 0.0026883 0.925033 0.520583 14.2726
1   -0.99448 -0.0932186  0.0481543 -0.0764759   0.329795   -0.94095  0.0718329  -0.939439  -0.335104 0.00564064   0.336091   0.158764 0.00255585 0.923695 0.177931 7.77957
0    -0.939714    -0.113643    -0.322526     0.324603  0.000242792     -0.94585     0.107567    -0.993522    0.0366607    -0.137571     0.344446 -0.000544656 0.010164 0.00535475 -2.01416 12.0589
0  -0.957495 -0.0725171  -0.279185   0.217468   0.454382  -0.863855   0.189501   -0.88785  -0.419299   -0.17404   0.283433   0.204013 inf 0 -inf 17.8398
0  -0.842277  -0.428991    -0.3264 -0.0592034   0.675471  -0.735006   0.535784  -0.599754  -0.594331  -0.179067   0.213603   0.296172 inf 0 -inf 11.6213
0 -0.892029  0.339076   0.29885  0.074435  0.762386 -0.642827 -0.445807 -0.551176  -0.70531  0.242841  0.166002  0.331274 inf 0 -inf 7.5504
0   -0.89701   0.305577  -0.319367   0.300115  -0.109394   -0.94761  -0.324505  -0.945862 0.00641882   0.147717   0.357383 0.00812898 0.00593024 0.0227577 -0.737386 12.305
1  -0.994589 -0.0916303  0.0489647 -0.0763697   0.325283  -0.942528  0.0704367  -0.941167  -0.330521 0.00594778   0.336801    0.15731 0.00256514 0.923695 0.206907 39.5203
1  -0.994602  -0.092033  0.0479181 -0.0756929   0.327681  -0.941752  0.0709704  -0.940295  -0.332878 0.00575993   0.336367   0.158143 0.00256071 0.921017 0.288496 21.9602
1  -0.998471 -0.0365983  0.0414297 -0.0502756   0.289611  -0.955823   0.022983  -0.956445  -0.291008  0.0155549    0.34232   0.144591 0.00286357 0.925033 0.182055 8.63999
1   -0.99444  -0.093599  0.0482484 -0.0765422   0.327829  -0.941631  0.0723185  -0.940089  -0.333171  0.0055194   0.336383   0.158179 0.00253124 0.922356 0.19725 8.224
1  -0.995137 -0.0854308  0.0490297 -0.0740898   0.321196   -0.94411   0.064908  -0.943151  -0.325964 0.00713487   0.337641    0.15583 0.00262135 0.930388 0.257277 7.59995
1  -0.994363 -0.0932448  0.0504801 -0.0765199   0.301492  -0.950393  0.0733999  -0.948898  -0.306927  0.0050398   0.340792   0.149412 0.00257796 0.939759 0.11082 8.06613
1  -0.991491  -0.118671  0.0535074 -0.0908006   0.335926  -0.937501  0.0932798  -0.934383  -0.343843 0.00103323   0.334747   0.161439 0.0026759 0.91834 0.37009 17.9281
1  -0.996557 -0.0676173  0.0479715 -0.0666585   0.309454  -0.948575  0.0492951  -0.948507  -0.312896  0.0101997     0.3395   0.151496 0.00245806 0.919679 0.164625 10.6503
1  -0.996519 -0.0694669   0.046086 -0.0657691   0.315434  -0.946666  0.0512249  -0.946402  -0.318904 0.00959498   0.338628   0.153496 0.00246208 0.919679 0.382666 23.0976
1   -0.99513 -0.0866869  0.0469212 -0.0723838    0.31954  -0.944804   0.066909  -0.943599  -0.324259 0.00672276   0.337751   0.155372 0.00256803 0.923695 0.305395 17.4539
1  -0.996659 -0.0674594  0.0460548  -0.065096   0.315412   -0.94672  0.0493389  -0.946554  -0.318749  0.0100736   0.338607   0.153481 0.00248495 0.919679 0.0668992 8.17121
1  -0.994515 -0.0912599  0.0510937 -0.0782245   0.324749   -0.94256  0.0694253  -0.941387  -0.330107 0.00625706   0.336465   0.157366 0.00260891 0.904953 0.15851 6.1243
1   -0.99265  -0.108788  0.0530212 -0.0865586   0.332022  -0.939292  0.0845795  -0.936978  -0.338998 0.00297171   0.335347   0.159985 0.00258337 0.912985 0.266614 7.0864
1  -0.991397  -0.118023  0.0565868 -0.0922089   0.322952  -0.941913  0.0928927  -0.939027  -0.331056 0.00120451   0.336876   0.157467 0.00260412 0.921017 0.318133 11.3368
1  -0.991621  -0.116583  0.0556341 -0.0911469    0.32628  -0.940868  0.0915374  -0.938056  -0.334173 0.00155772   0.336379   0.158286 0.0026785 0.925033 0.158905 6.06076
1  -0.996486 -0.0694316  0.0468578 -0.0660778   0.307787  -0.949158  0.0514793  -0.948919  -0.311293 0.00951436   0.339775   0.151162 0.00242419 0.919679 0.260632 16.4494
1   -0.990505   -0.125001   0.0572192  -0.0961175    0.332113   -0.938329   0.0982884    -0.93492   -0.340975 0.000231286    0.335344    0.160491 0.00261011 0.919679 0.404759 35.8966
1  -0.994474 -0.0931108  0.0484865 -0.0766284   0.328151  -0.941512   0.071754  -0.940025  -0.333472  0.0057041   0.336361   0.158249 0.00251846 0.922356 0.167829 6.82251
1  -0.991453  -0.117865  0.0559294 -0.0927006    0.33481  -0.937715  0.0917981  -0.934885  -0.342875 0.00159883   0.334935   0.161236 0.00257817 0.914324 0.290083 6.76699
1  -0.994318 -0.0943155  0.0493576 -0.0776703   0.325724  -0.942269  0.0727937  -0.940749  -0.331199 0.00548165   0.336765   0.157514 0.0025177 0.925033 0.372337 13.1557
1  -0.995262 -0.0812339  0.0534249 -0.0719225   0.245376  -0.966756  0.0654242  -0.966018  -0.250056  0.0067703   0.348682   0.131052 0.0027963 0.947791 0.0866353 10.572
1  -0.995333 -0.0801231  0.0537865 -0.0743265   0.281012  -0.956822  0.0615489  -0.956354  -0.285656 0.00815178   0.343176   0.143009 0.00273341 0.915663 0.0984788 9.88066
1  -0.996649 -0.0684093  0.0448461 -0.0637113   0.305359  -0.950104  0.0513018  -0.949777  -0.308694 0.00937331   0.340233   0.150258 0.00245207 0.922356 0.301334 8.41596
1  -0.991811   -0.11568   0.054126 -0.0883856    0.31577   -0.94471  0.0921929  -0.941758  -0.323409  0.0010466   0.338118   0.155025 0.00261286 0.927711 0.307183 6.45288
1  -0.997028 -0.0641388  0.0426774 -0.0610946   0.320794  -0.945177  0.0469318  -0.944975  -0.323759  0.0107377   0.337806   0.155137 0.00260204 0.923695 0.124577 8.78895
1  -0.994691 -0.0906561  0.0487002 -0.0737931   0.298496  -0.951554  0.0717274  -0.950096  -0.303601 0.00551786   0.341015   0.148419 0.00256146 0.92905 0.247313 1.89392
1  -0.994825 -0.0903387  0.0465028  -0.073124   0.318808  -0.944994  0.0705441  -0.943504  -0.323764 0.00573638   0.337892   0.155038 0.00261452 0.927711 0.171249 2.31895
1  -0.995497 -0.0829615  0.0458529 -0.0694565   0.309237  -0.948445   0.064505  -0.947359  -0.313607 0.00711311    0.33946   0.152063 0.00258147 0.92905 0.336245 3.52411
1  -0.991561  -0.115714  0.0584531  -0.092441   0.314973  -0.944588  0.0908909   -0.94202  -0.323012 0.00152883   0.338195   0.154542 0.0026742 0.930388 0.186179 4.69416
1  -0.992149  -0.112153  0.0553454  -0.091698   0.351411   -0.93172  0.0850459   -0.92948  -0.358936 0.00309213   0.332206   0.166233 0.00259103 0.910308 0.36694 3.41461
1  -0.995458 -0.0824879  0.0475285 -0.0715294   0.318609  -0.945183  0.0628232   -0.94429  -0.323062 0.00750961   0.337988   0.154929 0.00258038 0.925033 0.122148 1.98898
1  -0.998543 -0.0362441    0.03998 -0.0489232   0.295387  -0.954124  0.0227718   -0.95469   -0.29673  0.0156127    0.34158   0.146302 0.00288811 0.926372 0.140203 2.47321
0  -0.974334  -0.215773 -0.0641575   0.115182  -0.722737   0.681458  -0.193409   0.656578    0.72904   0.224114  -0.678242   -1.06195 0.00296696 0.798768 0.0628919 3.97084
0  -0.980535  -0.192525 -0.0385348   0.108331  -0.694166   0.711617  -0.163754   0.693591    0.70151   0.185192  -0.731422   -1.03207 0.00301181 0.774127 0.175903 14.6959
0  0.973559 -0.223968 0.0449647 -0.126198 -0.691384  -0.71138  0.190414  0.686896 -0.701368 -0.214608 -0.723476   1.03191 0.00244124 0.798768 0.441653 8.6563
1  -0.995174 -0.0857989  0.0476066 -0.0729945   0.323125  -0.943537  0.0655716  -0.942459  -0.327828 0.00684915   0.337343   0.156497 0.00259383 0.927711 0.201416 6.41746
1   -0.99671 -0.0669613  0.0456573 -0.0650307   0.324567  -0.943624  0.0483675  -0.943489  -0.327854  0.0104338    0.33739   0.156241 0.0025855 0.926372 0.258217 9.5186
1  -0.996555  -0.069525  0.0452249  -0.064585   0.308395  -0.949063  0.0520365  -0.948714  -0.311823 0.00917384   0.339778   0.151403 0.00240806 0.919679 0.138328 8.45536
1  -0.994321 -0.0943281  0.0492725 -0.0776891   0.326955  -0.941841  0.0727322   -0.94032  -0.332427 0.00544417   0.336488   0.157987 0.002518 0.921017 0.223068 12.3419
1   0.97071 -0.233438 0.0568261 -0.124327 -0.690462 -0.712605  0.205585  0.684667  -0.69926 -0.236085 -0.721061   1.02933 0.00241122 0.782341 0.252802 5.18674
1  0.968572 -0.243004 0.0530713 -0.133062 -0.686486 -0.714864  0.210147  0.685336 -0.697246 -0.240855 -0.722691   1.02725 0.00258822 0.790554 0.195659 5.21583
1  0.980541 -0.192287 0.0395626 -0.104191  -0.68053 -0.725274  0.166385  0.707039 -0.687322 -0.186212 -0.751463   1.01638 0.00223327 0.774127 0.416193 6.21282
1  0.975858 -0.215408 0.0360655 -0.122471 -0.676424 -0.726259  0.180838  0.704308 -0.686475  -0.20255 -0.748835   1.01555 0.0023031 0.778234 0.379693 9.25639
1   0.985731  -0.166988  0.0212186 -0.0986364  -0.675146   -0.73106   0.136404   0.718535  -0.681983  -0.146498  -0.767131     1.0107 0.00132724 0.995893 0.182031 6.63678
0   -0.97462  -0.215015 -0.0623316   0.117956  -0.729864   0.673338  -0.190272   0.648896   0.736702   0.219512  -0.667443   -1.06995 0.00335359 0.566735 0.460616 8.30524
1  0.975513 -0.214829 0.0471473 -0.119047 -0.695986 -0.708118  0.184938  0.685166 -0.704518 -0.208941 -0.720682   1.03542 0.00288951 0.579055 0.564436 10.2171
1   0.985718  -0.166703  0.0238895 -0.0962978  -0.674328  -0.732126   0.138157   0.719369   -0.68075   -0.14929  -0.768475    1.00924 0.00132348 0.995893 0.18355 4.55503
0   -0.99484 -0.0952974 -0.0348059  0.0409658   -0.69118   0.721521 -0.0928162   0.716372   0.691517   0.103169  -0.759866   -1.02143 0.00263814 0.784394 0.295414 9.18915
0  -0.996026 -0.0776206 -0.0436739  0.0252359  -0.716229   0.697409 -0.0854138   0.693535   0.715341  0.0966534  -0.726204   -1.04729 0.00261271 0.778234 0.216999 10.6128
0 -0.974941 -0.221247 -0.023244  0.106891 -0.557511  0.823259 -0.195103  0.800144   0.56719  0.231094 -0.872169 -0.860454 0.00469616 0.675565 -0.0738645 12.3486
1  0.981745 -0.186643 0.0366222 -0.104357 -0.689545 -0.716685  0.159017   0.69978 -0.696435 -0.176571 -0.740311   1.02657 0.00133046 0.997947 0.128278 32.7697
1  0.982163 -0.184364 0.0369626 -0.101718 -0.686271 -0.720199  0.158145  0.703593 -0.692782 -0.175712 -0.745546   1.02256 0.00134513 0.997947 0.140949 17.6644
0   0.988111  -0.150673  0.0305708 -0.0832781  -0.691688  -0.717379   0.129235   0.706304  -0.696012  -0.140304  -0.747992    1.02616 0.00139712 0.995893 0.0869522 33.6136
0   0.990462  -0.136495  0.0188165 -0.0826659  -0.697924  -0.711385   0.110233   0.703044  -0.702551  -0.113997  -0.742177    1.03339 0.00139067 0.991786 0.2466 11.8283
0  0.985897 -0.166622 0.0156172 -0.101029 -0.666977 -0.738197  0.133416  0.726209 -0.674404 -0.142055 -0.778501   1.00228 0.00139209 0.995893 0.121451 7.18084
0  -0.990077  -0.127825 -0.0583771  0.0651596  -0.785662   0.615215  -0.124505   0.605306   0.786195   0.143627  -0.601227   -1.12224 0.00377994 0.550308 0.44131 13.8332
0   0.997009 -0.0451426  0.0627306  0.0328545   -0.48712  -0.872717   0.069954   0.872168   -0.48418 -0.0793911  -0.977881   0.762726 0.00464921 0.706366 -0.0647335 9.3107
0 -0.913602 -0.380334 -0.143797  0.273703 -0.836767  0.474244 -0.300696  0.393913   0.86857  0.347216 -0.320515  -1.19985 0.00364089 0.564682 -0.085857 10.6391
1    0.98566  -0.167427  0.0210425 -0.0987288  -0.673317  -0.732732   0.136847   0.720147  -0.680192  -0.147047  -0.769363    1.00875 0.00132901 0.995893 0.256917 6.60432
0  0.958459 -0.271368 0.0878378 -0.172455 -0.796629 -0.579345   0.22719   0.54013 -0.810336  -0.25829 -0.515833   1.14653 0.00352316 0.61191 0.29989 17.7597
1   0.985638  -0.167259  0.0233038 -0.0966437  -0.671828  -0.734375   0.138487   0.721576  -0.678343  -0.149872  -0.771653    1.00665 0.00130441 0.995893 0.276467 7.85212
1  0.975203 -0.217043 0.0432616 -0.121863 -0.689796 -0.713674   0.18474  0.690705 -0.699141 -0.208208 -0.728835   1.02955 0.00284854 0.577002 0.411319 11.0859
1   0.98149  -0.18784 0.0373252 -0.103894 -0.685966 -0.720178  0.160882   0.70297 -0.692784 -0.179156 -0.744895   1.02259 0.00132042 0.997947 0.173011 4.58159
0  -0.997968 -0.0595864 -0.0225656  0.0238314  -0.677524   0.735114 -0.0590916   0.733083   0.677567  0.0610297    -0.7835   -1.00604 0.00358754 0.523614 0.367782 74.4484
0   0.998505 -0.0229199  0.0496331 0.00971049  -0.819082  -0.573594  0.0538003   0.573218  -0.817635 -0.0547439  -0.553132    1.15391 0.00335154 0.753593 0.262909 13.5531
0  0.915956 -0.373218  0.147418 -0.294263 -0.874488  -0.38559  0.272825  0.309804 -0.910817 -0.305063 -0.205317   1.23725 0.00292597 0.811088 0.304327 12.816
1   0.986221  -0.162219  0.0324583 -0.0901026  -0.691244  -0.716982   0.138745   0.704178  -0.696335  -0.151092  -0.745542     1.0265 0.00223161 0.778234 0.251559 12.9532
0 -0.964172 -0.261059 0.0471234   0.15447 -0.408086   0.89978 -0.215665  0.874822  0.433791   0.24184  -1.00111 -0.703414 0.0055067 0.638604 -0.282563 9.6149
1   0.985098  -0.170332   0.023858 -0.0995615  -0.677836  -0.728441   0.140248    0.71521  -0.684693  -0.151503  -0.762284     1.0137 0.00202186 0.759754 0.423782 5.1037
0 -0.931964 -0.354557  0.075707  0.212409 -0.364751  0.906553 -0.293811  0.860956  0.415246  0.339235 -0.990849 -0.681074 0.00551975 0.650924 -0.11443 6.56094
1   0.985593  -0.166493  0.0297873 -0.0932176   -0.68166  -0.725706    0.14113   0.712474   -0.68736  -0.153974  -0.758223    1.01651 0.00208604 0.761807 0.397543 9.87632
1    -0.9949 -0.0879767  0.0493405 -0.0765619   0.340175   -0.93724  0.0656709  -0.936238  -0.345176  0.0073776   0.334243   0.161749 0.00211223 0.993307 0.366413 8.05159
1 -0.996903 -0.065896 0.0429204 -0.062528  0.333181 -0.940787 0.0476938 -0.940557  -0.33627 0.0105655  0.335761  0.159002 0.002156 0.993307 0.152349 13.1512
0  -0.973805  -0.220141 -0.0569301   0.123501   -0.72229   0.680474   -0.19092   0.655619   0.730557   0.219647  -0.677395   -1.06356 0.0028152 0.874743 0.167456 8.58812
1  -0.996627 -0.0678097  0.0462182 -0.0658545   0.324829  -0.943477  0.0489639  -0.943339  -0.328199  0.0102631   0.337138   0.156254 0.00208001 0.991968 0.259725 7.02427
0   0.987799  -0.150524  0.0399416 -0.0814214  -0.717802  -0.691471   0.132753   0.679782    -0.7213  -0.145136  -0.708448     1.0541 0.00219499 0.924025 0.0260016 12.5565
1   0.986768  -0.159147  0.0309986 -0.0896207  -0.694695    -0.7137   0.135118   0.701478  -0.699765  -0.146814  -0.741826    1.03027 0.0020066 0.874743 0.168696 8.71938
0  -0.974607  -0.216259 -0.0580705   0.116676  -0.711804    0.69262   -0.19112   0.668257   0.718962   0.221134  -0.695953   -1.05101 0.00276145 0.86037 0.0515949 11.2405
1  -0.996748 -0.0695201  0.0407565 -0.0621499   0.341211   -0.93793  0.0512984  -0.937412  -0.344422 0.00932941   0.334291   0.161619 0.00226818 0.990629 0.286584 7.97665
0   -0.97486  -0.218699 -0.0426552   0.116038  -0.661718   0.740719   -0.19022   0.717147    0.67046   0.219527  -0.768199  -0.997586 0.00306654 0.809035 0.179171 6.88238
0   0.988114  -0.149824    0.03439 -0.0813432  -0.699452  -0.710036   0.130434   0.698799  -0.703326  -0.142199  -0.736257    1.03431 0.00209201 0.909651 0.325587 5.68374
0  -0.974825  -0.217349 -0.0497506   0.119375  -0.697206   0.706862  -0.188322   0.683128     0.7056   0.216504  -0.717686   -1.03643 0.00298907 0.856263 0.23281 7.67883
0  -0.968307  -0.239592 -0.0705565   0.129728  -0.723854   0.677648  -0.213431   0.647018   0.731994   0.248699  -0.666183   -1.06496 0.00299692 0.880903 -0.103304 10.5685
0  -0.973276  -0.217315 -0.0742132   0.125153  -0.772937   0.622017  -0.192536   0.596107   0.779479   0.221049  -0.590648   -1.11569 0.00350727 0.856263 -0.0685968 6.05014
0    0.98828  -0.149023  0.0330754 -0.0821199   -0.70168  -0.707744   0.128678   0.696733  -0.705695  -0.139834  -0.733316    1.03694 0.00209798 0.909651 0.251059 10.5549
0   -0.97771  -0.204169 -0.0489661   0.110725   -0.69954   0.705963   -0.17839   0.684805   0.706554   0.205024  -0.719106    -1.0376 0.00289622 0.868583 0.113125 6.14361
1  0.981231 -0.188622 0.0400837 -0.104672 -0.695563 -0.710799  0.161953  0.693263 -0.702252  -0.18044 -0.730467   1.03307 0.00201786 0.899384 0.106721 5.38782
1  -0.994819 -0.0900154  0.0472477 -0.0738811   0.320899  -0.944228  0.0698333  -0.942826  -0.325886 0.00627824   0.337593   0.155759 0.00196934 0.997323 0.417193 5.36406
0  -0.975255  -0.212737 -0.0601755   0.113929  -0.716855   0.687851  -0.189469   0.663974   0.723353   0.219242  -0.689364   -1.05569 0.00277498 0.86653 0.032618 4.51646
1  0.981838 -0.185159 0.0413499 -0.102753 -0.702203 -0.704523  0.159484  0.687478 -0.708476 -0.177536 -0.721875   1.03985 0.00209662 0.905544 0.105784 6.13669
0 -0.968034 -0.227071 -0.106528  0.120981  -0.79477  0.594731 -0.219711  0.562832  0.796836  0.259015 -0.543861  -1.13273 0.00373495 0.835729 -0.461374 5.67575
0    -0.9831  -0.177997 -0.0427885  0.0978835  -0.708604   0.698784  -0.154701   0.682786   0.714052   0.174651  -0.714624   -1.04589 0.00270213 0.874743 0.273539 8.63594
1  0.981506 -0.186788 0.0419058 -0.102489 -0.697628 -0.709092  0.161685  0.691683 -0.703869 -0.180454 -0.728122    1.0348 0.00203389 0.899384 0.211298 9.7208
0  -0.977097  -0.205463 -0.0553787   0.110501  -0.712312    0.69311  -0.181855   0.671116   0.718702   0.209434   -0.69908   -1.05082 0.0028335 0.87885 0.156936 6.63371
0  -0.972695  -0.224716 -0.0580218   0.123687  -0.713465   0.689688   -0.19638    0.66368   0.721778   0.226555  -0.689428   -1.05404 0.00288428 0.87269 0.187924 9.44944
0   0.988106  -0.149223    0.03714 -0.0840697  -0.726442  -0.682066    0.12876   0.670831  -0.730347  -0.138953  -0.695689    1.06363 0.00228838 0.921971 0.0781009 9.85272
0  -0.969498  -0.236312 -0.0650485   0.130807  -0.723293   0.678039  -0.207278   0.648848   0.732142   0.240511  -0.668537   -1.06513 0.00297673 0.880903 -0.00450707 9.4236
1  0.982388 -0.182214 0.0413658 -0.100829 -0.703351 -0.703655  0.157311  0.687092 -0.709336 -0.174969 -0.721031   1.04075 0.00204694 0.903491 0.141762 7.62762
0  -0.968192  -0.241547 -0.0652709   0.131417    -0.7129   0.688842  -0.212919   0.658354   0.721967   0.247896  -0.682715   -1.05414 0.00292596 0.868583 0.0865696 9.79036
1   0.98135 -0.186991 0.0445675 -0.103295 -0.708494 -0.698116  0.162117  0.680492 -0.714596 -0.180885 -0.711393   1.04657 0.00217276 0.921971 0.254175 4.30212
0  -0.968598   -0.23966 -0.0661867   0.131742  -0.720475   0.680853  -0.210859   0.650753   0.729424   0.245124  -0.671653   -1.06216 0.00300495 0.876797 0.0167566 9.78792
1   0.988567   -0.14634  0.0363254 -0.0785703  -0.705581   -0.70426   0.128692   0.693355  -0.709012  -0.140461  -0.728167    1.04049 0.00210872 0.913758 0.366928 11.1474
0  -0.968821  -0.238148 -0.0683425   0.130026  -0.723521   0.677946  -0.210898   0.647922   0.731928   0.245639  -0.667465   -1.06484 0.00299238 0.87885 0.0964762 9.01121
0  -0.967737  -0.243015 -0.0665496   0.134577  -0.721823   0.678868  -0.213012   0.648009   0.731239   0.247559  -0.667877   -1.06415 0.00303799 0.87885 0.0365901 5.05883
0 -0.973159 -0.222505 -0.058761  0.123304  -0.71972  0.683227 -0.194313  0.657643  0.727838  0.223937 -0.680493  -1.06066 0.00285467 0.876797 0.106493 5.53991
0  -0.973992  -0.214432 -0.0731994   0.125984  -0.781036   0.611646  -0.188328   0.586516   0.787738   0.215677  -0.577022   -1.12445 0.00371282 0.86037 -0.186411 8.34001
1  0.981762 -0.183939 0.0480519 -0.100984  -0.71871 -0.687938  0.161074  0.670539 -0.724177 -0.179872 -0.696782   1.05681 0.0022047 0.924025 0.064528 4.40797
0  -0.973894  -0.218825 -0.0603816   0.121155  -0.725998    0.67694  -0.191969   0.651953   0.733557   0.221263  -0.671956   -1.06676 0.00285345 0.882957 0.142721 4.80747
0   0.983048  -0.173324  0.0597922 -0.0911561  -0.744981  -0.660829   0.159082   0.644176  -0.748151  -0.179857  -0.657145    1.08288 0.00301074 0.86653 -0.0555206 19.6173
0 -0.967519 -0.245156 -0.061685  0.138822 -0.719173  0.680822  -0.21127  0.650145  0.729847  0.244579 -0.671431   -1.0628 0.00320703 0.876797 -0.0220056 6.00525
1   0.988185  -0.149827  0.0322923 -0.0855889  -0.714221  -0.694667   0.127144   0.683695  -0.718606  -0.136924  -0.714409    1.05099 0.00215871 0.915811 0.208957 28.6642
0  -0.981098  -0.187781 -0.0467424   0.103159  -0.711892   0.694671  -0.163722   0.676718   0.717808    0.18623  -0.706387   -1.04986 0.00270149 0.876797 0.226894 12.9313
0   0.990762    -0.1338  0.0220945 -0.0792061  -0.703182  -0.706584   0.110078   0.698307  -0.707284  -0.114382  -0.735191    1.03857 0.00214985 0.897331 0.196831 4.84294
0  -0.973314   -0.21951 -0.0668929   0.123501  -0.746761   0.653526  -0.193408   0.627825   0.753943   0.222809  -0.637086   -1.08859 0.00289737 0.897331 0.082629 5.6752
1  0.981856 -0.186105 0.0363865 -0.105682 -0.696349  -0.70988   0.15745  0.693154 -0.703382 -0.174407 -0.730273   1.03432 0.00200563 0.895277 0.111589 9.97852
0  -0.973577  -0.218875 -0.0651329   0.120291   -0.73398   0.668433  -0.194109   0.642936   0.740915   0.224313  -0.658815   -1.07465 0.00285462 0.89117 0.0129362 5.17765
0 -0.967312 -0.243918 -0.069367  0.136332  -0.73085  0.668784 -0.213826  0.637466  0.740213  0.248285 -0.652926  -1.07383 0.00306312 0.87885 -0.124407 4.97585
1   0.988278  -0.149928  0.0287639 -0.0872371  -0.709247  -0.699541   0.125282   0.688832  -0.714013  -0.134228  -0.721677    1.04604 0.00211761 0.915811 0.153099 7.80002
0  -0.979494  -0.195411 -0.0490495   0.107478  -0.712721   0.693165  -0.170411   0.673679   0.719108   0.194298  -0.702241   -1.05126 0.00277093 0.880903 0.0753589 6.946
1    0.98793  -0.150854  0.0351712 -0.0829827  -0.707156  -0.702171   0.130797   0.690778  -0.711139  -0.142287  -0.724446    1.04293 0.00212956 0.919918 0.224367 5.12098
0  -0.972952   -0.22363 -0.0579133   0.121615  -0.709002   0.694641  -0.196403   0.668809   0.717022    0.22686  -0.697049   -1.04883 0.00288187 0.864476 -0.19668 4.80733
0   -0.98076  -0.189726 -0.0459867   0.104191  -0.707922   0.698563   -0.16509   0.680331   0.714069   0.187759  -0.712231    -1.0457 0.00311903 0.774127 -0.0490924 5.75216
0   0.991105  -0.132205  0.0152745 -0.0798869  -0.682796  -0.726228    0.10644   0.718548  -0.687284  -0.109313  -0.765094    1.01651 0.00207132 0.874743 0.196691 4.75553
0 -0.981881 -0.183946 -0.045532  0.100077 -0.707394  0.699699 -0.160916  0.682465  0.712985  0.183259 -0.715449  -1.04454 0.00290873 0.852156 0.0438404 10.184
1   0.985625  -0.167826  0.0194144 -0.0995461  -0.669753  -0.735881   0.136503   0.723371  -0.676832  -0.146287  -0.774321    1.00497 0.00189214 0.86037 0.227636 5.86937
0 -0.975391 -0.213601 -0.054647   0.11655 -0.709911   0.69458 -0.187158  0.671119  0.717337  0.215708 -0.700075  -1.04913 0.00304279 0.7577 -0.0498221 9.03907
1    0.98558   -0.16791  0.0209588 -0.0997287   -0.67646  -0.729696   0.136701   0.717084   -0.68345   -0.14653  -0.764906    1.01238 0.0018519 0.864476 0.254109 11.6477
0   -0.97387  -0.217639 -0.0648899   0.116507  -0.724034   0.679854  -0.194945   0.654529   0.730471   0.225957  -0.675903   -1.06336 0.0028285 0.87269 0.0843796 8.66394
0 -0.982276 -0.185428 0.0274089  0.103713 -0.415853  0.903499 -0.156136  0.890327  0.427713  0.176121  -1.03815  -0.71504 inf 0 -inf 6.88291
0  -0.977952   -0.20314 -0.0484156   0.114496  -0.715464   0.689204  -0.174645   0.668465   0.722948   0.198798  -0.695251   -1.05553 0.00289315 0.87885 0.194764 9.37933
1   0.985139  -0.169637  0.0269278 -0.0989929  -0.688873  -0.718091   0.140365   0.704754  -0.695428  -0.151459  -0.746917    1.02568 0.00202232 0.87885 0.162703 7.37588
0  -0.983516  -0.178536 -0.0286617   0.108507  -0.709519   0.696282  -0.144648   0.681694   0.717196   0.157847  -0.711803   -1.04963 0.00329517 0.848049 -0.00352341 7.62712
0  0.966768 -0.237869 0.0936865 -0.124375  -0.75778 -0.640547   0.22336  0.607609 -0.762182 -0.262193 -0.608417   1.09677 0.00329603 0.86653 0.0857632 11.5676
0  -0.973733  -0.218833 -0.0629038   0.119995  -0.727974   0.675022  -0.193509   0.649743   0.735111   0.223524  -0.668781   -1.06845 0.00288454 0.887064 0.117329 4.46739
1  0.980802 -0.191547 0.0365648 -0.112289 -0.708052 -0.697175  0.159431  0.679685 -0.715968 -0.175741 -0.710135   1.04811 0.00219465 0.919918 0.0239197 6.33065
1   0.985463  -0.167791  0.0266229 -0.0956145  -0.677299  -0.729468    0.14043   0.716318  -0.683497   -0.15258  -0.763519    1.01248 0.00191478 0.874743 0.200089 7.7151
0  -0.977835  -0.203464 -0.0494126   0.123312   -0.75035   0.649437  -0.169214   0.628949   0.758808     0.1894  -0.637643   -1.09383 0.00349779 0.835729 0.142234 7.65559
1  0.980639 -0.193005 0.0331083 -0.111311 -0.688496 -0.716647  0.161112  0.699087  -0.69665 -0.178212 -0.739389   1.02688 0.00201797 0.89117 0.29675 1.0926
0  -0.966267  -0.242931 -0.0855165    0.13852   -0.77015   0.622641  -0.217119   0.589791   0.777821   0.252086  -0.582902    -1.1138 0.0035988 0.854209 -0.162301 1.43268
1   0.990384  -0.136667  0.0214731 -0.0814163  -0.701275  -0.708226    0.11185   0.699668  -0.705659  -0.116247  -0.737104    1.03692 0.00207207 0.837782 0.293278 1.22872
0 -0.981599 -0.182832 -0.055107  0.102312 -0.747221  0.656653 -0.161234  0.638932  0.752177  0.182896  -0.65119  -1.08695 0.00270617 0.897331 0.294556 1.95309
1   0.982977  -0.178334  0.0441984 -0.0969583  -0.707842  -0.699685   0.156063   0.683488  -0.713083  -0.174101  -0.715607    1.04492 0.00225659 0.917865 0.0792788 0.786776
0  -0.972718  -0.209548 -0.0995488   0.109703  -0.793569   0.598509  -0.204415   0.571259   0.794907   0.240167  -0.555148   -1.13098 0.00362875 0.827515 -0.258482 1.19615
0  -0.96772 -0.241112 -0.073372  0.135254 -0.742493  0.656056 -0.212661  0.624955  0.751137  0.246985 -0.634409  -1.08528 0.00312359 0.761807 0.13939 1.07218
1   0.980993  -0.185157  0.0580554 -0.0993339   -0.73619  -0.669445   0.166692   0.650954  -0.740589  -0.188055  -0.667391    1.07482 0.00302517 0.86653 0.283496 1.05396
0  -0.981776   -0.18495 -0.0437094   0.107778  -0.731291   0.673496  -0.156527   0.656511   0.737897   0.176064  -0.676594   -1.07172 0.00268018 0.889117 -0.0984501 1.26989
1   0.985717  -0.165899  0.0289777 -0.0967738  -0.698794  -0.708747    0.13783    0.69582  -0.704867  -0.148465  -0.732811    1.03602 0.00211029 0.905544 0.1906 0.811209
0    -0.9755   -0.21081 -0.0629199   0.112808  -0.724848    0.67961  -0.188876   0.655862    0.73087   0.218735  -0.677607   -1.06364 0.00285106 0.868583 0.102007 1.08422
1   0.987272  -0.155976  0.0310707 -0.0864436  -0.690258  -0.718381   0.133497   0.706551  -0.694956   -0.14514  -0.748633    1.02502 0.00207085 0.887064 0.0659036 0.987948
0 6.89941e-310 6.89941e-310            0            0   2.122e-314 2.40882e-316 1.38338e-322 2.40837e-316 3.32446e-316 2.41113e-316  3.3245e-316 3.32448e-316 0 0 0 3.0787e-316
0            0            0            0            0            0            0   2.122e-314            0 3.23467e-316         -nan 6.36596e-314 3.23622e-316 2.122e-314 0 6.91212e-310 0
0 2.91732e-316 3.40335e-316            0            0 3.39982e-316 2.96182e-316 1.38338e-322  2.2978e-316 3.40331e-316 1.98671e-316 3.47048e-316 2.87376e-316 0 0 0 2.87378e-316
0 6.94107e-310 6.94107e-310            0 6.97127e-321  1.4822e-323 3.69549e-316 3.70983e-316 3.13956e-316 3.69549e-316 3.69548e-316            0            0 0 0 0 0
0 6.95222e-310 6.95222e-310            0            0     0.122998 3.13193e-316 1.38338e-322   0.00209264 2.69604e-316 2.69605e-316 1.73911e-316 2.03061e-316 0 0 0 2.59252e-316
0   0.991978   -0.12588  0.0115249 -0.0774011  -0.676958   -0.73194  0.0999388   0.725177  -0.681272  -0.101645  -0.774155    1.01006 0.0021517 0.882957 0.203232 1.05654
1  0.981324 -0.187835 0.0414748  -0.10375 -0.698392 -0.708155  0.161982  0.690627 -0.704837  -0.18063  -0.72662   1.03585 0.00201605 0.899384 0.201102 1.16059
1   0.987912  -0.151199  0.0341874 -0.0830781  -0.702611  -0.706708   0.130874   0.695325  -0.706679  -0.142443  -0.731339      1.038 0.00208393 0.909651 0.239496 1.82586
0    0.99094  -0.131145  0.0289559 -0.0749499  -0.718906  -0.691055   0.111445   0.682624  -0.722222   -0.11753  -0.712123      1.055 0.00227416 0.915811 0.109726 0.662118
1   0.982708  -0.179991  0.0434587 -0.0966698    -0.6989  -0.708656   0.157925   0.692201  -0.704214  -0.176413  -0.728415     1.0351 0.00207339 0.899384 0.168113 0.950537
1    0.98623  -0.162708  0.0296167 -0.0935041  -0.696295  -0.711639   0.136411    0.69907  -0.701921  -0.147508  -0.737483    1.03278 0.00136848 1 0.100344 6.81674
1   0.98232 -0.182653 0.0410488 -0.100837 -0.700977 -0.706019  0.157731  0.689398 -0.707002 -0.175563  -0.72439   1.03831 0.0021674 0.911704 0.07213 4.83523
1   0.989811  -0.140922  0.0203904 -0.0846815  -0.697713  -0.711355   0.114473    0.70238  -0.702537  -0.119006  -0.741022    1.03356 0.00138761 1 0.0402546 4.01788
1   0.990262   -0.13769  0.0205739 -0.0823067   -0.69821  -0.711146   0.112282   0.702527  -0.702743  -0.116586  -0.741365    1.03375 0.00135166 1 0.0453342 3.7958
0   0.990891  -0.132977  0.0212751 -0.0779929  -0.695457  -0.714323   0.109784   0.706156  -0.699493  -0.114321  -0.746754     1.0301 0.00135875 1 0.0643538 5.02764
1   0.987002  -0.157627  0.0313158 -0.0904396  -0.705873  -0.702541   0.132844   0.690577  -0.710954  -0.143539  -0.724705    1.04264 0.00211286 0.911704 0.23448 11.0597
1   0.986188  -0.163403  0.0270568 -0.0960141  -0.697121  -0.710495   0.134959   0.698084  -0.703182  -0.144957  -0.736162      1.034 0.00206243 0.897331 0.270086 13.2278
1   0.988409  -0.148917  0.0295323 -0.0845537  -0.701537  -0.707599   0.126091     0.6969  -0.705997  -0.135669  -0.734189    1.03709 0.00214163 0.895277 -0.0416257 32.6275
1   0.987863   -0.15233  0.0303531 -0.0873551  -0.706449  -0.702352   0.128432   0.691176  -0.711182  -0.138468  -0.725235     1.0429 0.00209472 0.913758 0.133793 7.95687
1  -0.994761 -0.0909417  0.0466817 -0.0744268   0.331297  -0.940587  0.0700731  -0.939134   -0.33633 0.00628367   0.335872   0.159066 0.0019814 0.995984 0.317176 6.75254
1  -0.993961 -0.0921249  0.0596219 -0.0816817   0.258302  -0.962605  0.0732794  -0.961662  -0.264267 0.00562868   0.347114   0.135574 0.00278044 0.75502 0.264296 24.5069
1  -0.996684 -0.0666534  0.0466702 -0.0645478   0.298447  -0.952241  0.0495415  -0.952096  -0.301759  0.0100798   0.341315   0.148069 0.00170451 1 0.554997 18.9692
1  -0.994874 -0.0900712  0.0459679 -0.0673837   0.251538  -0.965499   0.075401  -0.963647  -0.256318 0.00402097   0.348081   0.133004 0.00200409 1 0.477144 6.41843
0    -0.982958    -0.173173     0.061679    -0.143594     0.513813    -0.845799     0.114778    -0.840242    -0.529924 -0.000674082     0.295627     0.219884 0.00378838 0.954485 -0.147773 17.6367
0    0.996926   -0.075266  -0.0217448   0.0413973    0.270439    0.961847  -0.0665137    -0.95979    0.272724 -0.00133992    0.344596    -0.13991 0.00384994 0.866131 -0.114414 5.22534
0    0.998175   -0.058424  -0.0152918   0.0283042    0.228897    0.973039  -0.0533486   -0.971696    0.230133 -0.00397472    0.349021   -0.126685 0.00467963 0.800536 0.130735 20.4562
0   0.999436 -0.0284295 -0.0178788  0.0252317   0.284291   0.958406 -0.0221643  -0.958317   0.284847 -0.0116242   0.342411  -0.143604 0.00321091 0.93842 0.106651 22.4723
0  -0.997032 -0.0615218  0.0462889 -0.0627771   0.301559  -0.951378  0.0445717   -0.95146  -0.304526  0.0115294    0.34065   0.148781 0.00172069 1 0.571279 15.4479
0   -0.99743 -0.0555125  0.0452979 -0.0579021   0.252152  -0.965954  0.0422005  -0.966094  -0.254718   0.011875   0.348046   0.132547 0.0019695 0.993307 0.433309 8.944
0   0.999483 -0.0247438 -0.0205059  0.0256559   0.230119   0.972824 -0.0193526  -0.972848   0.230635 -0.0124237   0.350203  -0.125948 0.00358196 0.875502 0.0299093 57.6174
0   0.999576 -0.0193202 -0.0217922  0.0268259   0.319502   0.947206 -0.0113376  -0.947389   0.319885 -0.0146149   0.337554  -0.154087 0.00395496 0.866131 0.132222 19.2882
1  -0.992656  -0.104228  0.0614009 -0.0893432   0.289476  -0.953007  0.0815563  -0.951494  -0.296662 0.00346055   0.342268    0.14587 0.00172698 1 0.551672 142.382
0  -0.995958 -0.0765191  0.0470283 -0.0554534   0.111994   -0.99216  0.0706523  -0.990758  -0.115785 0.00522967   0.363105  0.0869907 0.00351105 0.943775 0.0835748 27.3149
1   -0.99588  -0.085322  0.0307066 -0.0487858   0.218688  -0.974574  0.0764375  -0.972057   -0.22195 0.00298373   0.352177   0.122527 0.00275212 0.997323 0.271446 15.2002
0    -0.97504   -0.209425    0.073747   -0.186357    0.591356   -0.784582      0.1207   -0.778742   -0.615624 0.000805479    0.271708    0.244806 0.00469207 0.793842 -0.27558 7.54662
0   0.999899  0.0045304 -0.0134457  0.0116621   0.277336   0.960702 0.00808135  -0.960762   0.277255 -0.0182823   0.343231  -0.141376 0.003415 0.854083 0.0461436 6.86699
0   0.999302 -0.0291421 -0.0233557   0.029747   0.242988   0.969573 -0.0225803  -0.969592   0.243685 -0.0117508   0.348345  -0.130053 0.00377318 0.880857 0.183252 42.4511
0   0.999863 0.00363546 -0.0161764  0.0146216   0.266645   0.963684  0.0078168  -0.963788   0.266555 -0.0183756   0.344643  -0.137924 0.00350639 0.855422 -0.0141524 15.6471
1  -0.994558 -0.0893772  0.0535316 -0.0768129   0.281952  -0.956349  0.0703824  -0.955256  -0.287283 0.00588297   0.343974   0.143235 0.00284601 0.753681 0.228441 14.9835
0    0.999894 0.000943884  -0.0145217   0.0133238     0.34191    0.939638  0.00585202   -0.939732    0.341861  -0.0176838    0.333032   -0.162067 0.00299656 0.927711 0.218605 19.7256
0   0.999411 -0.0274599 -0.0205886  0.0281051   0.310491   0.950161 -0.0196987   -0.95018    0.31108 -0.0123827   0.338323  -0.152172 0.00322929 0.943775 0.0672901 6.0559
0  -0.996827 -0.0627418  0.0489804 -0.0644383   0.274875  -0.959318  0.0467258  -0.959431  -0.278046  0.0109204    0.34494   0.140486 0.0028148 0.75502 0.229897 32.9222
1  -0.991778  -0.115023  0.0560937 -0.0908962   0.324617  -0.941468  0.0900815  -0.938826  -0.332403 0.00202361   0.336786   0.157601 0.00203147 0.995984 0.447411 13.985
1  -0.994431 -0.0933449  0.0489232 -0.0771903   0.329064  -0.941147  0.0717524  -0.939683  -0.334437 0.00588348    0.33618   0.158459 0.00197025 0.995984 0.115726 6.64444
1  -0.991705  -0.115827  0.0557191 -0.0909757    0.32632  -0.940871  0.0907959  -0.938136  -0.334151 0.00192387   0.336386   0.158151 0.00201607 0.991968 0.278299 11.7677
1  -0.994518 -0.0931001  0.0476087  -0.076048   0.331471  -0.940395  0.0717699  -0.938861  -0.336734 0.00583223   0.335681   0.159228 0.00199816 0.994645 0.362454 7.60111
1  -0.996326 -0.0720654  0.0462767 -0.0679719   0.336641  -0.939177  0.0521035  -0.938871  -0.340303  0.0097688   0.335104   0.159997 0.00220277 0.993307 0.272818 6.29798
1  -0.997276 -0.0626418  0.0389381  -0.056732   0.314107  -0.947691  0.0471344  -0.947319  -0.316806  0.0103536   0.338763   0.152883 0.00213376 0.994645 0.221574 17.4829
1  -0.994249 -0.0921726  0.0545273 -0.0801708   0.303021  -0.949606  0.0710047  -0.948516  -0.308668 0.00595663   0.340273   0.150237 0.00200338 0.994645 0.256241 8.17762
1  -0.995641  -0.079927  0.0480606 -0.0708177   0.312584  -0.947247  0.0606876  -0.946522  -0.316882 0.00832008   0.338637   0.153016 0.00207667 0.990629 0.254552 44.3018
1  -0.997057 -0.0663135  0.0384734  -0.060205   0.366551  -0.928448  0.0474662  -0.928032  -0.369464  0.0106412   0.329551   0.170015 0.00249632 0.982597 0.0473501 6.51715
1  -0.995865 -0.0854598  0.0308145 -0.0575076   0.330453  -0.942069  0.0703263  -0.939946  -0.334001  0.0053883   0.336253   0.158553 0.00218555 0.998661 0.159374 10.7058
1  -0.995569 -0.0794868  0.0502446  -0.070262   0.273674  -0.959253  0.0624973  -0.958533  -0.278046 0.00787526   0.344699   0.140435 0.00210687 0.998661 0.283499 11.1894
1   -0.99473 -0.0898834  0.0493241  -0.075115   0.311461  -0.947285  0.0697827  -0.945998  -0.316571 0.00632841   0.338984   0.152758 0.00198482 0.997323 0.135699 12.7875
1  -0.996853 -0.0656913  0.0443617 -0.0629214   0.315391  -0.946873    0.04821  -0.946685  -0.318532  0.0103059   0.338583   0.153318 0.00206649 0.993307 0.319391 20.8872
1    -0.99115   -0.119449   0.0579165    -0.09239    0.307419   -0.947079    0.095323   -0.944048   -0.315734 0.000840654    0.339433    0.152206 0.00203517 0.997323 0.3053 6.47545
0  -0.996823 -0.0635794   0.047975 -0.0653756   0.309054  -0.948795   0.045497  -0.948917  -0.312228  0.0112699   0.339499   0.151229 0.00208151 0.994645 0.35869 5.57938
1  -0.997224  -0.063181  0.0393903 -0.0592578   0.353207  -0.933667   0.045077  -0.933409   -0.35597   0.011257   0.332329   0.165398 0.00236189 0.993307 0.233221 14.2879
1  -0.994327  -0.094809  0.0482141 -0.0772882     0.3326  -0.939895  0.0730746   -0.93829  -0.338041  0.0053642    0.33556    0.15962 0.00201094 0.995984 0.29923 11.6764
