1  -0.996786 -0.0650159  0.0468072 -0.0649287   0.313379  -0.947406   0.046928    -0.9474  -0.316593  0.0108787   0.338918    0.15272 0.0024993 0.921017 0.238176 6.94455
1  -0.997165 -0.0631218  0.0409686  -0.058804   0.313902  -0.947633  0.0469562  -0.947355  -0.316724  0.0105689   0.338483   0.153216 0.00269451 0.917001 0.0985886 4.65896
1  -0.991774  -0.115191  0.0558147 -0.0916015   0.334145   -0.93806   0.089406  -0.935456  -0.341948 0.00212427   0.335138   0.160716 0.00271628 0.926372 0.0534634 2.37425
1  -0.994145 -0.0969515  0.0477139 -0.0776793   0.334273   -0.93927  0.0751142  -0.937476  -0.339847 0.00489483   0.335396   0.160343 0.00249407 0.922356 0.317295 2.5962
1  -0.995934 -0.0754431  0.0492237 -0.0708286   0.318197  -0.945375  0.0556592  -0.945018  -0.322247 0.00891866   0.338145   0.154556 0.00251178 0.923695 0.355982 6.01163
1  -0.991749  -0.115625  0.0553603 -0.0907071   0.327767  -0.940394   0.090588  -0.937656  -0.335551 0.00172653   0.336158   0.158742 0.00266578 0.925033 0.106968 3.27828
1  -0.996538 -0.0691453  0.0461621 -0.0656215    0.31326  -0.947398  0.0510474  -0.947147  -0.316713 0.00957012   0.338962   0.152793 0.00246252 0.919679 0.278835 6.85134
1  -0.998584 -0.0379788  0.0372403 -0.0471527   0.308081  -0.950191   0.024614  -0.950602  -0.309436  0.0149566   0.339357   0.151051 0.0029537 0.91834 0.210136 6.837
1  -0.991674  -0.116222  0.0554555 -0.0912897   0.330754  -0.939291  0.0908238  -0.936533   -0.33861 0.00174635   0.335636   0.159673 0.00271468 0.925033 0.335104 7.54604
1  -0.994406 -0.0938163  0.0485279 -0.0770647    0.33023  -0.940749  0.0722323  -0.939227  -0.335613 0.00553718   0.336026   0.158914 0.00255152 0.923695 0.169141 5.68624
1  -0.998514 -0.0369498  0.0400468 -0.0492845   0.298983  -0.952985  0.0232392  -0.953543   -0.30036  0.0154228   0.340871   0.147692 0.00289558 0.922356 0.34563 6.67725
1  -0.994463 -0.0934757   0.048023 -0.0762637   0.327521  -0.941761  0.0723032  -0.940209  -0.332836  0.0053979   0.336462   0.158045 0.00255632 0.923695 0.279672 4.53614
1  -0.994734 -0.0902242  0.0486143 -0.0751971   0.320226  -0.944352  0.0696359  -0.943035  -0.325324 0.00611471    0.33766   0.155615 0.00253121 0.923695 0.177384 3.94327
1  -0.998517  -0.037136  0.0398025 -0.0490988   0.298633  -0.953104  0.0235082  -0.953645  -0.300013  0.0153269    0.34094   0.147582 0.00288954 0.922356 0.173836 5.13686
1  -0.996527  -0.069252  0.0462392 -0.0657788   0.314188  -0.947079  0.0510593  -0.946832  -0.317652 0.00960006   0.338801   0.153129 0.0024671 0.919679 0.238366 6.15849
1 -0.991935 -0.114644 0.0540582 -0.089241  0.328824 -0.940165 0.0900084 -0.937407 -0.336403 0.0018334  0.335978  0.159008 0.0026712 0.923695 0.0128491 5.41092
1  -0.991905  -0.114529  0.0548348 -0.0898274   0.327669  -0.940513   0.089748  -0.937825  -0.335304 0.00195919   0.336174   0.158698 0.00263202 0.922356 0.239259 3.03762
1    -0.9983 -0.0396017  0.0427546 -0.0526717    0.29918  -0.952742  0.0249389  -0.953374  -0.300758  0.0150878   0.340935   0.147738 0.00285239 0.922356 0.176893 6.66134
1  -0.994586 -0.0916737  0.0489302 -0.0766206   0.328882  -0.941258  0.0701963  -0.939911  -0.334125 0.00603834   0.336233   0.158412 0.00258306 0.923695 0.318011 6.13126
1  -0.995123 -0.0861158  0.0481023 -0.0725478   0.308564  -0.948433  0.0668325  -0.947297  -0.313307 0.00657271   0.339182   0.151986 0.00265734 0.91834 0.182513 3.23766
1  -0.994636 -0.0922602  0.0467728 -0.0748382     0.3297  -0.941115  0.0714065  -0.939567  -0.334836 0.00565134   0.336071   0.158778 0.00256665 0.922356 0.378486 6.28711
1  -0.994585 -0.0922483  0.0478624 -0.0754824   0.324647  -0.942819   0.071435  -0.941326  -0.329852 0.00567239    0.33689    0.15727 0.00252519 0.922356 0.333345 4.65266
1  -0.996263  -0.071794  0.0480191 -0.0680984   0.310919  -0.947994  0.0531302  -0.947721  -0.314646 0.00920563   0.339262   0.152116 0.00242869 0.91834 0.292899 3.19368
1  -0.995041 -0.0882057  0.0459758 -0.0721726   0.322165  -0.943928  0.0684481  -0.942565  -0.326933 0.00629239   0.337405    0.15616 0.00258382 0.926372 0.188349 3.90666
1  -0.994689 -0.0911733  0.0477655  -0.075407   0.329646  -0.941088  0.0700564  -0.939692  -0.334771 0.00601288   0.336141   0.158685 0.00257207 0.923695 0.22905 3.46193
1  -0.991614  -0.114769  0.0594128 -0.0935533   0.320307  -0.942683  0.0891603  -0.940336  -0.328358 0.00189542   0.337525   0.156166 0.00266706 0.935743 0.320537 8.6695
1  -0.995623 -0.0807231   0.047096 -0.0702311   0.313771  -0.946898  0.0616591  -0.946061  -0.318067  0.0077009   0.338768    0.15335 0.00259566 0.927711 0.170038 3.31214
1  -0.996687 -0.0659019  0.0476704 -0.0658179   0.309146  -0.948734  0.0477863  -0.948729  -0.312459  0.0105783   0.339577   0.151421 0.00246479 0.921017 0.332486 5.5703
1  -0.996574 -0.0689513  0.0456648 -0.0650071   0.311777  -0.947929  0.0511237   -0.94765  -0.315191 0.00952286   0.339198   0.152327 0.00245396 0.919679 0.294561 5.47619
1  -0.996493 -0.0694955  0.0466082 -0.0664196   0.318128  -0.945718  0.0508958  -0.945497  -0.321628 0.00968046   0.338257   0.154361 0.00245764 0.919679 0.311562 2.13864
1  -0.994364 -0.0940261  0.0489926 -0.0772439   0.325931  -0.942233  0.0726262  -0.940706  -0.331357 0.00544576    0.33668   0.157624 0.0025198 0.922356 0.313103 5.95487
1  -0.991641  -0.116674  0.0550883 -0.0912111   0.331925  -0.938886  0.0912587  -0.936063  -0.339792 0.00165593    0.33554   0.160096 0.00267109 0.925033 0.277873 6.61192
1  -0.996577 -0.0686712  0.0460204 -0.0649761    0.30655  -0.949634   0.051105  -0.949374  -0.309963 0.00946202   0.339956   0.150705 0.00245162 0.919679 0.308781 4.43902
1  -0.994633 -0.0915837  0.0481384 -0.0758422     0.3289  -0.941314  0.0703763  -0.939913  -0.334081 0.00596242   0.336179   0.158598 0.00255486 0.921017 0.270033 4.41832
1   -0.99482 -0.0893274  0.0485059 -0.0754222   0.328774  -0.941392  0.0681446  -0.940175  -0.333808  0.0064755   0.336264    0.15833 0.00260758 0.923695 0.386132 4.63181
1  -0.995055 -0.0864556     0.0489 -0.0745196   0.324302  -0.943014  0.0656705  -0.941995  -0.329141 0.00701973   0.337004   0.156969 0.00256723 0.922356 0.309499 2.95964
1  -0.995164 -0.0866291  0.0462948 -0.0715009   0.315756  -0.946143  0.0673456  -0.944878  -0.320423 0.00650786   0.338416   0.154154 0.00253963 0.925033 0.342098 4.07916
1  -0.994967 -0.0879162  0.0480736 -0.0739545   0.320591  -0.944326  0.0676097  -0.943129  -0.325479 0.00659354   0.337634   0.155687 0.00257723 0.926372 0.261527 3.10384
1  -0.991611  -0.117255  0.0543987 -0.0904233   0.328527  -0.940156  0.0923666  -0.937188  -0.336374  0.0012532   0.335968    0.15902 0.00270429 0.923695 0.120882 5.81686
1  -0.996686  -0.066027  0.0475152 -0.0653679   0.302414  -0.950933   0.048418  -0.950887  -0.305728  0.0103673   0.340472   0.149324 0.00246914 0.91834 0.242583 6.06874
1  -0.994887 -0.0881615  0.0492605 -0.0752535    0.32188  -0.943785  0.0673495  -0.942667  -0.326869 0.00661594   0.337366   0.156124 0.0025828 0.923695 0.280393 2.76675
1  -0.991682  -0.116027  0.0557249 -0.0909221   0.325014  -0.941328  0.0911079  -0.938565   -0.33286 0.00156025   0.336616   0.157862 0.00265859 0.926372 0.159826 3.09562
1  -0.991622  -0.116039  0.0567484 -0.0931207   0.337718  -0.936629  0.0895202  -0.934067  -0.345695 0.00219796   0.334437   0.162004 0.00259177 0.912985 0.115021 3.12782
1 -0.991996 -0.113888 0.0545352  -0.08964   0.33097 -0.939374 0.0889337 -0.936743  -0.33853 0.0022646   0.33557  0.159809 0.00260247 0.915663 0.176094 3.47687
1  -0.994676  -0.089389   0.051275 -0.0770628   0.314876  -0.945999  0.0684167  -0.944914  -0.320088 0.00642442   0.338514   0.153939 0.00256687 0.927711 0.152094 5.35172
1  -0.991445  -0.117853  0.0560978 -0.0923543   0.329709  -0.939554  0.0922335  -0.936698  -0.337773 0.00138217   0.335832   0.159386 0.00274704 0.92905 0.413462 6.03317
1  -0.994542 -0.0925993  0.0480802 -0.0757639     0.3241  -0.942984  0.0717369   -0.94148  -0.329347  0.0055163   0.337023   0.156984 0.0025367 0.923695 0.284494 7.17879
1  -0.992259  -0.111393  0.0548984 -0.0897085   0.337245  -0.937133  0.0858762  -0.934803  -0.344628 0.00279152   0.334644   0.161745 0.00259323 0.919679 0.44833 5.20624
1  -0.996547 -0.0691728  0.0459329 -0.0654283   0.313557  -0.947313  0.0511257  -0.947047     -0.317 0.00955509   0.338916   0.152889 0.00246372 0.919679 0.272749 3.6842
1  -0.996571 -0.0682526  0.0467707 -0.0658413   0.311841   -0.94785  0.0501082   -0.94768  -0.315266 0.00986421   0.339154   0.152321 0.0024644 0.919679 0.272369 3.6296
1  -0.994688 -0.0909217  0.0482518 -0.0752851   0.322958  -0.943414  0.0701935  -0.942036  -0.328087 0.00600592   0.337167   0.156562 0.00255787 0.923695 0.372201 5.2811
1  -0.996554 -0.0688145  0.0463077  -0.065677   0.313675  -0.947256  0.0506594  -0.947034  -0.317113  0.0096934    0.33889   0.152916 0.00246755 0.919679 0.262965 3.81495
1  -0.994568  -0.092039   0.048611 -0.0763715   0.327952  -0.941602   0.070722    -0.9402    -0.3332 0.00587571   0.336392   0.158148 0.0025674 0.923695 0.15043 2.65309
1   -0.99141  -0.117925   0.056559 -0.0928909   0.330471  -0.939234  0.0920684   -0.93642  -0.338586 0.00149027   0.335668   0.159678 0.00269328 0.923695 0.257211 8.83371
1    -0.9946 -0.0913192  0.0493052 -0.0766023   0.325465  -0.942446  0.0700163  -0.941134  -0.330703  0.0060667   0.336759   0.157352 0.00255914 0.922356 0.305856 3.12342
1  -0.994547 -0.0929151  0.0473694 -0.0756349   0.329848  -0.940999  0.0718083   -0.93945  -0.335077 0.00555163   0.336097   0.158931 0.00254496 0.923695 0.311504 6.10248
1  -0.997148 -0.0641725  0.0397259  -0.058329   0.321221  -0.945206  0.0478955  -0.944828  -0.324048   0.010274   0.337639   0.155392 0.00265127 0.922356 0.231378 4.78602
1  -0.996984 -0.0634753  0.0446533 -0.0622726   0.310924  -0.948393  0.0463158  -0.948313  -0.313939  0.0109032   0.339128   0.151955 0.00261547 0.921017 0.31033 7.78433
1  -0.994928 -0.0872734  0.0500212 -0.0749198   0.311071  -0.947429  0.0671252  -0.946371  -0.316032  0.0066079   0.339024   0.152938 0.00254952 0.923695 0.291538 2.77152
1   -0.99656 -0.0690449   0.045833 -0.0655138   0.317669  -0.945936  0.0507523  -0.945685  -0.321099 0.00963256   0.338259   0.154224 0.00249953 0.919679 0.299366 10.0076
1  -0.991809  -0.115507  0.0545178 -0.0893784   0.322715  -0.942267   0.091245  -0.939422  -0.330396 0.00157887    0.33706   0.157119 0.00273665 0.934404 0.343605 6.90708
1  -0.991808  -0.115211  0.0551592 -0.0904497   0.328535  -0.940151  0.0901941  -0.937439  -0.336264  0.0018313    0.33604   0.158962 0.0026688 0.925033 0.266254 3.06802
1    -0.9915  -0.117589  0.0556886 -0.0919565   0.330524  -0.939307  0.0920461  -0.936444  -0.338528  0.0014856   0.335703   0.159698 0.00271419 0.926372 0.308603 4.70155
1  -0.994605 -0.0922213  0.0474915 -0.0751584   0.325127  -0.942679  0.0714943  -0.941163  -0.330304 0.00559868   0.336817   0.157235 0.00257406 0.923695 0.228803 5.66793
1  -0.996449 -0.0689988   0.048247 -0.0675057   0.312294  -0.947584   0.050315  -0.947477  -0.315843 0.00984279   0.339132   0.152404 0.0024867 0.922356 0.264343 4.94529
1   -0.99497 -0.0876253   0.048554 -0.0738439   0.313992   -0.94655  0.0676961  -0.945373  -0.318883 0.00648858   0.338721   0.153565 0.00254817 0.927711 0.376969 3.13874
1  -0.996429  -0.070297  0.0467792 -0.0668861   0.318961  -0.945405  0.0515383  -0.945157  -0.322524 0.00956781   0.338017   0.154634 0.00250458 0.919679 0.176482 3.40235
1  -0.996495 -0.0698556  0.0460175 -0.0657258   0.313553  -0.947293  0.0517448  -0.946998  -0.317046 0.00933675   0.338945   0.153023 0.00244217 0.919679 0.30039 6.87361
1   -0.99185  -0.115286  0.0542385 -0.0895931   0.328439  -0.940266  0.0905853  -0.937463  -0.336091 0.00169976   0.336041    0.15892 0.00268653 0.925033 0.139474 3.9837
1   -0.99656 -0.0685777  0.0465331  -0.065759   0.312606  -0.947604  0.0504379  -0.947404  -0.316041 0.00975537   0.339063   0.152574 0.00245694 0.919679 0.305337 3.7763
1  -0.994551 -0.0923398  0.0483876 -0.0762864   0.328291  -0.941491  0.0710519  -0.940052  -0.333546 0.00583705   0.336326   0.158432 0.00252781 0.922356 0.397544 6.49185
1  -0.991653  -0.116443  0.0553585 -0.0905828   0.323665  -0.941826  0.0917518  -0.938979  -0.331512 0.00149715   0.336813   0.157457 0.00271741 0.92905 0.39105 6.37583
1  -0.991585  -0.116902  0.0556142 -0.0910658   0.324544  -0.941477  0.0920117  -0.938619  -0.332459  0.0014121   0.336634   0.157811 0.00267665 0.925033 0.223682 4.07999
1  -0.995014 -0.0858913  0.0506971 -0.0749188   0.308115  -0.948395  0.0658383  -0.947464  -0.313013 0.00706972   0.339583   0.151804 0.00251998 0.926372 0.28771 8.48042
1  -0.994788 -0.0901698  0.0476108 -0.0743562   0.321975  -0.943824  0.0697749  -0.942445  -0.327001 0.00610008    0.33751    0.15615 0.00249738 0.925033 0.232249 2.49207
1  -0.994685  -0.090686  0.0487625 -0.0760711   0.328089  -0.941579  0.0693897  -0.940284  -0.333243 0.00614316   0.336397   0.158147 0.00257907 0.923695 0.352267 5.21597
1  -0.992726  -0.109175  0.0507511 -0.0851812   0.339015  -0.936917  0.0850825  -0.934425  -0.345849 0.00282105   0.334322   0.162191 0.00262797 0.91834 0.363834 4.86533
1  -0.996575 -0.0676555   0.047552 -0.0661007   0.306189  -0.949673  0.0496907  -0.949564  -0.309612 0.00997043   0.340036   0.150499 0.002449 0.921017 0.296649 3.7328
1  -0.996591 -0.0682977  0.0462813 -0.0654211   0.312425  -0.947687  0.0502654  -0.947484  -0.315828 0.00977995   0.339054   0.152532 0.00247663 0.919679 0.288669 7.3442
1  -0.994942 -0.0882578  0.0479787 -0.0738489   0.318824  -0.944933  0.0681009  -0.943696  -0.323729  0.0064503   0.337976    0.15511 0.00253642 0.926372 0.436878 6.56546
1  -0.991882     -0.114  0.0563388 -0.0895858   0.312027   -0.94584  0.0902467  -0.943209  -0.319706 0.00190884   0.338054   0.153954 0.00279401 0.902276 0.191034 5.17304
1  -0.996828 -0.0638745  0.0474693 -0.0650212   0.309768  -0.948586   0.045886  -0.948664  -0.312939  0.0110658   0.339377    0.15149 0.00258122 0.922356 0.192664 5.07015
1  -0.994459 -0.0923056  0.0503045 -0.0767716   0.310809  -0.947367  0.0718122   -0.94598  -0.316173 0.00562799   0.339266   0.152525 0.00246818 0.927711 0.326876 7.7332
1 -0.991816 -0.115018 0.0554245 -0.090793  0.330176 -0.939543 0.0897646 -0.936886 -0.337917 0.0019726  0.335854  0.159471 0.0026885 0.92905 0.0684648 4.78126
1  -0.991817  -0.115028   0.055388 -0.0901464   0.323771  -0.941831  0.0904035  -0.939117  -0.331491 0.00179349   0.336741   0.157524 0.00264237 0.922356 0.100083 2.52332
1   -0.99655 -0.0685167  0.0468302 -0.0659032   0.310368  -0.948329  0.0504418  -0.948144  -0.313813 0.00980283   0.339373   0.151883 0.00245236 0.919679 0.166292 3.87204
1  -0.994452 -0.0934223  0.0483561  -0.076528   0.327088   -0.94189  0.0721768  -0.940365  -0.332423 0.00555947   0.336476   0.157968 0.00254193 0.922356 0.296901 3.86744
1 -0.991738 -0.115132 0.0565781 -0.091721  0.328046 -0.940198 0.0896866  -0.93762 -0.335896 0.0021241  0.336095  0.158772 0.00268823 0.925033 0.296539 5.6125
1  -0.991823  -0.114946  0.0554549 -0.0889036   0.310532  -0.946396  0.0915636  -0.943587  -0.318212 0.00140411   0.338618   0.153386 0.00263362 0.914324 0.13855 2.16082
1    -0.9965 -0.0688125  0.0474514 -0.0665952   0.310512  -0.948234  0.0505162  -0.948076  -0.314008 0.00982229    0.33942   0.151921 0.00241469 0.919679 0.362517 7.15689
1  -0.994655  -0.091828  0.0472083 -0.0749337   0.327436  -0.941897  0.0710348  -0.940401  -0.332567 0.00590164   0.336469   0.158012 0.00252752 0.922356 0.232763 3.24578
1  -0.995145 -0.0848415  0.0498775 -0.0723727   0.287418  -0.955067  0.0666937   -0.95404  -0.292163 0.00652248   0.342837   0.145066 0.00257382 0.937082 0.450298 3.48781
1  -0.993232  -0.103837  0.0520357 -0.0838353   0.330879  -0.939942  0.0803829  -0.937943  -0.337345 0.00385299   0.335834    0.15936 0.00252905 0.922356 0.280507 2.91889
1  -0.998645 -0.0338161  0.0395648 -0.0478264   0.296352   -0.95388  0.0205314   -0.95448  -0.297568  0.0161881   0.341294   0.146763 0.00289086 0.923695 0.144653 3.83728
1  -0.994684 -0.0896886  0.0505894 -0.0768515   0.319604   -0.94443   0.068536  -0.943297  -0.324798  0.0063684   0.337732   0.155523 0.00256583 0.925033 0.188039 8.33581
1  -0.994599 -0.0918013  0.0484303 -0.0760001   0.326347   -0.94219  0.0706892  -0.940782  -0.331561 0.00579196   0.336686   0.157603 0.00257602 0.925033 0.22527 2.74918
1  -0.991876  -0.114749  0.0549129 -0.0901041   0.329004   -0.94002  0.0897995  -0.937331  -0.336671 0.00197334   0.335888   0.159123 0.00268685 0.922356 0.396626 5.38043
1  -0.991807   -0.11474  0.0561598 -0.0910103   0.326148  -0.940928   0.089646   -0.93833  -0.333918 0.00206025   0.336391   0.158209 0.00265776 0.923695 0.15152 3.54049
1  -0.994527 -0.0923516  0.0488678 -0.0769254   0.330684  -0.940601  0.0707062  -0.939212  -0.335979  0.0058944   0.335932   0.159024 0.0025724 0.922356 0.253018 3.13543
1  -0.996582 -0.0684678  0.0462228 -0.0654814   0.313591  -0.947298  0.0503644  -0.947087  -0.317002 0.00974983   0.338909   0.152901 0.00246569 0.919679 0.27112 3.29793
1  -0.994639 -0.0916406  0.0479147 -0.0752404   0.323455  -0.943248  0.0709416  -0.941796  -0.328615 0.00577925   0.337052     0.1568 0.00255033 0.922356 0.116823 3.68804
1  -0.995203 -0.0854848  0.0475775 -0.0726856   0.320562  -0.944435  0.0654833  -0.943362  -0.325237 0.00696503   0.337664   0.155607 0.00259706 0.926372 0.221519 5.40584
1  -0.996441 -0.0699078  0.0471057 -0.0669702   0.317116  -0.946019  0.0511962  -0.945807  -0.320669 0.00957271   0.338383    0.15415 0.00245827 0.919679 0.396571 6.21006
1  -0.994961 -0.0879636  0.0481247  -0.073368   0.311552  -0.947392  0.0683427  -0.946149  -0.316436 0.00632715   0.339107   0.152765 0.00253144 0.927711 0.251862 3.83868
1  -0.998557 -0.0368477  0.0390583 -0.0482775   0.297642  -0.953456  0.0235073  -0.953966  -0.298991  0.0152868   0.341122   0.147253 0.00289445 0.923695 0.180564 3.33174
1  -0.994826 -0.0893441  0.0483685 -0.0748895   0.323159  -0.943377  0.0686544  -0.942118  -0.328178 0.00629165   0.337206   0.156542 0.00257481 0.925033 0.160017 3.36971
1  -0.990824  -0.121812  0.0585639  -0.096418   0.333373  -0.937852  0.0947183  -0.934892  -0.342059 0.00119339   0.335221   0.160712 0.00266973 0.923695 0.171225 3.07056
1  -0.995045 -0.0866352   0.048788 -0.0743093   0.321964  -0.943831   0.066061   -0.94278  -0.326806 0.00696083   0.337367   0.156111 0.00258369 0.923695 0.297912 4.1306
1  -0.991537  -0.117395  0.0554356 -0.0918142   0.332193  -0.938732  0.0917874  -0.935877   -0.34016 0.00152913   0.335398   0.160188 0.00266791 0.921017 0.295657 3.66582
1  -0.991809   -0.11514   0.055297 -0.0903081   0.325954  -0.941062    0.09033  -0.938348  -0.333682 0.00180955   0.336441   0.158151 0.00266523 0.925033 0.232865 5.8148
1  -0.996628 -0.0680484  0.0458472 -0.0651711   0.317003  -0.946183  0.0498525   -0.94598  -0.320369 0.00990547   0.338326   0.153963 0.00251853 0.919679 0.277222 3.95933
1  -0.994793 -0.0896306  0.0485177 -0.0753525   0.326265   -0.94227  0.0686266  -0.941019   -0.33132 0.00640633    0.33676   0.157498 0.00257625 0.926372 0.295237 3.78719
1  -0.994583 -0.0919623  0.0484604  -0.075104   0.313416  -0.946641   0.071867  -0.945152  -0.318625 0.00551522   0.338835   0.153382 0.00247991 0.926372 0.340894 7.80193
