1   -0.99438 -0.0940499  0.0486205  -0.077033   0.327662  -0.941649   0.072631  -0.940102  -0.333065 0.00548313   0.336514   0.158052 0.00251092 0.925033 0.337308 4.34997
1  -0.998646 -0.0333548  0.0399286 -0.0480422   0.296624  -0.953785  0.0199695  -0.954412  -0.297825  0.0163798   0.341116   0.146924 0.00295286 0.923695 0.0703713 2.75677
1  -0.996159 -0.0769211   0.041843  -0.066895   0.360156  -0.930491  0.0565044  -0.929716  -0.363918 0.00853568   0.331309   0.167849 0.00289768 0.919679 0.247508 4.42278
1  -0.995153 -0.0842292  0.0507632 -0.0739429   0.300533  -0.950901  0.0648376  -0.950045  -0.305304 0.00720257   0.340922   0.149187 0.00256624 0.935743 0.265406 3.35585
1  -0.998324  -0.043237  0.0384671 -0.0490056   0.278028  -0.959322  0.0307833  -0.959599  -0.279681  0.0152215   0.343504    0.14173 0.00292929 0.915663 0.283378 4.95888
1  -0.998662 -0.0352906  0.0378096  -0.046141   0.277639  -0.959577  0.0233666  -0.960037  -0.278895  0.0156609   0.343839   0.141186 0.00288336 0.922356 0.193817 2.66484
1  -0.994903 -0.0862058  0.0523213 -0.0744566    0.27806  -0.957674  0.0680086  -0.956688  -0.283061 0.00616116   0.344263    0.14227 0.0025031 0.933066 0.262377 2.26491
0  -0.997026 -0.0598849  0.0485101 -0.0611537   0.231697  -0.970864  0.0469005  -0.970943   -0.23467  0.0106406   0.350305   0.126461 0.00273352 0.937082 0.279015 4.42506
1    -0.9931  -0.104472  0.0532793  -0.085222   0.330803  -0.939844  0.0805623  -0.937899  -0.337424 0.00388249   0.335842   0.159343 0.00252769 0.922356 0.328027 3.76944
1  -0.995038 -0.0866405  0.0489073 -0.0731786   0.304308  -0.949759  0.0674046  -0.948625  -0.309139 0.00642358   0.340131   0.150588 0.00253847 0.926372 0.274858 3.74768
1  -0.994555 -0.0918174  0.0492943 -0.0769553   0.328103  -0.941502  0.0702726  -0.940169  -0.333382 0.00604039   0.336355    0.15817 0.00257695 0.923695 0.2223 2.02914
1  -0.991686  -0.116381  0.0548954 -0.0901006   0.323444  -0.941948  0.0918697  -0.939063  -0.331242  0.0013884   0.336844   0.157376 0.00265985 0.925033 0.366904 6.90409
1  -0.994501  -0.091975   0.050079 -0.0777413   0.327973  -0.941483  0.0701684  -0.940199   -0.33332 0.00602323   0.335973   0.158343 0.00264045 0.907631 0.0232077 1.59435
1  -0.991235  -0.119688  0.0559204 -0.0945477   0.347089  -0.933054  0.0922657  -0.930163  -0.355364 0.00156765    0.33294   0.164946 0.00273729 0.919679 0.173113 4.25973
1  -0.994925  -0.089002  0.0469249 -0.0735286   0.324817  -0.942914  0.0686793   -0.94158  -0.329712 0.00631661   0.337236   0.156996 0.0025867 0.933066 0.264547 2.26599
1   -0.99273  -0.108511  0.0520895 -0.0827633   0.301144   -0.94998  0.0873973  -0.947385  -0.307935 0.00239753   0.340245    0.15007 0.00266744 0.923695 0.36139 6.59604
1  -0.997546 -0.0607641  0.0347936 -0.0542351   0.356224  -0.932825  0.0442879  -0.932423  -0.358646  0.0112358   0.331414   0.166828 0.00278834 0.891566 0.2976 2.83277
0  -0.999176 0.00467058  0.0403294 -0.0376423   0.265565  -0.963358 -0.0152095  -0.964082   -0.26517  0.0244797    0.34485   0.136627 0.00319785 0.879518 0.175186 2.41062
1  -0.997649 -0.0556077  0.0400409 -0.0551346    0.30443  -0.950938  0.0406898   -0.95091  -0.306781  0.0123633   0.339415   0.150391 0.00281134 0.89826 0.287267 2.07387
1  -0.994479 -0.0930648  0.0484807 -0.0767228   0.329663  -0.940976  0.0715895  -0.939501  -0.334983 0.00566872   0.336125   0.158893 0.00252258 0.922356 0.315735 2.41451
1  -0.997019 -0.0642402  0.0427375 -0.0592879   0.283371  -0.957176  0.0493786  -0.956856  -0.286335 0.00983099   0.343558   0.143186 0.00253033 0.934404 0.420605 4.27057
1  -0.991462  -0.118054  0.0553782 -0.0922526    0.33489   -0.93773  0.0921574  -0.934833  -0.342921 0.00146314   0.334943    0.16108 0.00266903 0.919679 0.50252 5.71297
1   -0.99452 -0.0923072  0.0490817 -0.0766553   0.324614  -0.942735  0.0710886  -0.941331  -0.329911  0.0057807   0.336911   0.157114 0.00255269 0.923695 0.328272 3.86268
1  -0.997156 -0.0631161  0.0411811 -0.0564477   0.263469  -0.963015  0.0499318  -0.962601  -0.266282 0.00951516   0.346203   0.136731 0.00262444 0.934404 0.269317 2.67369
1   -0.991224   -0.120157   0.0551108  -0.0918292    0.325984   -0.940905   0.0950912   -0.937708   -0.334157 0.000758326    0.336377    0.158295 0.00266358 0.922356 0.277241 3.46392
1  -0.996755 -0.0694702  0.0406561 -0.0619699   0.339964  -0.938394  0.0513689  -0.937869  -0.343166 0.00944141   0.334885   0.161336 0.00266734 0.921017 0.230255 6.43349
1  -0.997938 -0.0489763  0.0414877 -0.0536414   0.281398  -0.958091  0.0352491   -0.95834  -0.283445  0.0132132   0.343377   0.142689 0.00282929 0.921017 0.192836 5.46812
1  -0.997224 -0.0616646  0.0417341 -0.0592818   0.318368  -0.946112  0.0450548  -0.945959   -0.32114  0.0110895   0.338128   0.154318 0.00271017 0.927711 0.233677 2.49244
1  -0.993855 -0.0963048  0.0545662 -0.0811761   0.299011  -0.950791  0.0752498  -0.949377  -0.304992 0.00462936    0.34088    0.14896 0.00254277 0.92905 0.384251 3.84793
1  -0.996873 -0.0632951  0.0473079 -0.0620264   0.255837  -0.964728  0.0489594  -0.964646  -0.258963 0.00995587   0.347241   0.134133 0.00264839 0.93842 0.095654 3.01409
1  -0.996671 -0.0675555  0.0456523 -0.0645074   0.310895  -0.948253  0.0498667   -0.94804  -0.314218 0.00991515   0.339243   0.151994 0.00250061 0.919679 0.353794 2.1559
1  -0.995573 -0.0809641  0.0477359 -0.0711383   0.317174  -0.945695  0.0614268  -0.944905   -0.32153 0.00796315    0.33823   0.154381 0.0025927 0.926372 0.210531 4.90723
1   -0.99728 -0.0636727  0.0371214  -0.054591   0.299752  -0.952454  0.0495181   -0.95189  -0.302413 0.00952809   0.341019   0.148561 0.00265196 0.92905 0.219109 2.28378
1  -0.995398 -0.0832669   0.047428 -0.0716807   0.318513  -0.945204  0.0635978  -0.944254  -0.323016 0.00749838    0.33801   0.154925 0.00258539 0.926372 0.230809 2.60783
0  -0.999413 -0.0120683  0.0320577 -0.0341443    0.27612  -0.960516 0.00273998  -0.961047   -0.27637  0.0212474   0.343885     0.1402 0.00299861 0.911647 0.190014 2.18556
1  -0.994815 -0.0890384   0.049146 -0.0756872   0.325392  -0.942545   0.067931  -0.941378  -0.330444 0.00660877   0.336553    0.15736 0.0026333 0.915663 0.0790853 1.97466
1  -0.994601 -0.0909933   0.049898 -0.0775168   0.331726  -0.940186  0.0689982  -0.938977  -0.336988 0.00631036    0.33545   0.159467 0.00265974 0.911647 0.105704 1.52467
1  -0.997345 -0.0611008   0.039607 -0.0570119   0.316902  -0.946743  0.0452953  -0.946488  -0.319544  0.0110344   0.338126   0.154116 0.00266486 0.91834 0.357553 4.57238
0  -0.995846 -0.0741696  0.0528161  -0.076492   0.366808  -0.927147  0.0493928  -0.927335  -0.370957  0.0108818   0.329876   0.169867 0.00291849 0.908969 0.328155 3.90434
1  -0.995592 -0.0811601  0.0470045 -0.0712023   0.327849  -0.942043   0.061046  -0.941238  -0.332182 0.00800891   0.336495   0.157795 0.00264714 0.923695 0.151286 2.29247
1  -0.997993  -0.054454  0.0323294 -0.0474397   0.304664  -0.951278  0.0419513  -0.950902  -0.306636  0.0116947   0.339938   0.150361 0.00273527 0.91834 0.297299 2.05451
1  -0.996298 -0.0696946  0.0503326 -0.0697415   0.312893  -0.947225  0.0502678  -0.947228  -0.316595  0.0102232   0.338686   0.152909 0.00253905 0.914324 0.333209 3.62176
1  -0.992245  -0.112555  0.0527452 -0.0868886   0.324613  -0.941847  0.0888877  -0.939126  -0.331876 0.00206081   0.336628    0.15771 0.00265316 0.922356 0.14412 1.56873
1  -0.994933 -0.0883121  0.0480581 -0.0738632   0.317732  -0.945299  0.0682118  -0.944059  -0.322645 0.00633979   0.338072   0.154891 0.002544 0.925033 0.377903 4.16691
1  -0.994298 -0.0923356  0.0533528 -0.0768295   0.273279  -0.958862  0.0739568  -0.957493  -0.278815 0.00482966   0.344966   0.140357 0.00255768 0.945114 0.318441 4.86602
0  -0.999518 0.00727442  0.0301903 -0.0269835   0.277753  -0.960273 -0.0153709  -0.960625  -0.277423  0.0244503     0.3429   0.140825 0.00328435 0.876841 0.189439 5.00599
0   -0.99773 -0.0530652   0.041455 -0.0527575   0.233438  -0.970939  0.0418459  -0.970923  -0.235708  0.0117387   0.350138   0.127104 0.00279833 0.937082 0.284219 5.11475
1  -0.992463  -0.110068  0.0538675 -0.0896757   0.352755  -0.931409  0.0835166  -0.929219  -0.359967 0.00338456   0.332011   0.166443 0.00269658 0.917001 0.451192 4.80703
1  -0.996678 -0.0674831  0.0455976 -0.0645845   0.313791  -0.947293  0.0496182  -0.947091  -0.317107  0.0100758    0.33879   0.152988 0.00248221 0.91834 0.192268 2.35978
1    -0.9967 -0.0660283  0.0472171  -0.065085   0.302438  -0.950945   0.048509  -0.950879  -0.305737   0.010175   0.340463   0.149405 0.00251301 0.919679 0.166851 3.75314
1  -0.991887   -0.11483  0.0545268 -0.0894233    0.32544  -0.941325  0.0903475  -0.938564  -0.333069 0.00173964    0.33654   0.157978 0.00267393 0.926372 0.284471 3.74173
1   -0.990902   -0.120255    0.060439  -0.0956125    0.312922   -0.944954   0.0947228   -0.942135   -0.321573 0.000933776     0.33819    0.154342 0.00267766 0.917001 0.193513 2.30976
1   -0.99743 -0.0541651  0.0468993 -0.0585605    0.23917   -0.96921  0.0412804  -0.969466  -0.241728  0.0126066   0.350161   0.128178 0.00271304 0.958501 0.509171 4.85232
1  -0.994534 -0.0926242  0.0481918 -0.0760616   0.326513  -0.942127  0.0715286  -0.940644  -0.331773 0.00566858   0.336622   0.157715 0.00254745 0.923695 0.51211 3.0913
0   -0.99726 -0.0575332  0.0465041 -0.0570814    0.19857  -0.978423  0.0470575  -0.978397   -0.20131  0.0103353   0.354662   0.115285 0.00276997 0.943775 0.217787 3.04
1  -0.993908 -0.0985888  0.0492647 -0.0768839   0.299955   -0.95085   0.078966  -0.948845  -0.305708 0.00345993   0.341017   0.149118 0.00253484 0.939759 0.275436 2.34841
1  -0.993891  -0.097546  0.0516218 -0.0805873   0.321876  -0.943346  0.0754038  -0.941743  -0.327771 0.00474283   0.337678   0.156065 0.00258702 0.93842 0.371732 2.70118
1  -0.994981 -0.0891099  0.0455307 -0.0735337   0.342483  -0.936642  0.0678706  -0.935289  -0.347316 0.00627731   0.333932   0.162676 0.00277549 0.922356 0.323256 5.76212
1  -0.998474 -0.0499974   0.023441 -0.0387199   0.331253  -0.942747    0.03937  -0.942216  -0.332684  0.0120959   0.335913   0.158723 0.00293779 0.910308 0.165893 4.26693
1  -0.991966  -0.111845  0.0591175 -0.0919212   0.316166   -0.94424  0.0869172  -0.942088  -0.323907 0.00236071   0.338288   0.154699 0.00262256 0.93842 0.380533 3.88959
1  -0.994859 -0.0912804  0.0438496 -0.0730888   0.347518   -0.93482  0.0700923   -0.93322  -0.352403 0.00686856   0.333456   0.164207 0.00271928 0.926372 0.363647 4.00092
1  -0.995449 -0.0820051  0.0485526 -0.0729672   0.328121  -0.941813  0.0613023  -0.941069  -0.332612 0.00804212   0.336431   0.157919 0.00266397 0.925033 0.218866 2.03401
1  -0.999278 -0.0225975  0.0305443 -0.0358624   0.295438  -0.954689  0.0125496  -0.955095  -0.296035   0.018314   0.340621   0.146907 0.00324999 0.903614 0.0412187 2.67059
1  -0.998004 -0.0553035  0.0304734 -0.0455465   0.296239  -0.954027  0.0437336  -0.953511  -0.298167  0.0110326   0.340958   0.147648 0.00282207 0.910308 0.257651 5.32291
1  -0.997946 -0.0520302  0.0373673 -0.0522883   0.324653  -0.944387  0.0370052  -0.944401  -0.326706  0.0132742   0.336715   0.156725 0.00274247 0.908969 0.427619 5.19021
1  -0.994402 -0.0938716  0.0484973 -0.0765285   0.323415  -0.943157   0.072851  -0.941589  -0.328789 0.00533011   0.337054   0.156848 0.00250835 0.921017 0.260007 2.01147
1  -0.993066   -0.10535  0.0521698   -0.08436   0.329533  -0.940368  0.0818757  -0.938248  -0.336136 0.00343623   0.336058   0.158959 0.00255554 0.925033 0.199416 4.11544
1  -0.996332 -0.0727765  0.0450086 -0.0660022   0.318841  -0.945507  0.0544602   -0.94501  -0.322475 0.00875111   0.338073   0.154697 0.00248395 0.919679 0.328385 1.95381
1  -0.993236  -0.106884  0.0453607 -0.0808062   0.355761  -0.931077  0.0833801  -0.928445  -0.361991 0.00297885   0.331517   0.167438 0.00265745 0.911647 0.308168 4.5985
1  -0.996666 -0.0701837  0.0416022 -0.0613258   0.308129  -0.949366  0.0538112  -0.948752  -0.311406 0.00868806   0.339728   0.151278 0.00250337 0.921017 0.197812 2.29157
0   -0.99956 -0.0115077  0.0273507  -0.029432   0.267269  -0.963172 0.00377394  -0.963553   -0.26749  0.0206399   0.344893    0.13782 0.00302769 0.903614 0.149261 2.19967
1  -0.997807 -0.0474224  0.0461748 -0.0573515   0.271182  -0.960818  0.0330426  -0.961359  -0.273307  0.0147101   0.345028   0.138803 0.00292741 0.942436 0.124442 2.57052
1  -0.997889 -0.0544042  0.0354556  -0.050038   0.296196  -0.953815  0.0413898  -0.953576  -0.298293  0.0119044   0.341209   0.147627 0.00273486 0.922356 0.173131 6.28871
1   -0.99656 -0.0659785  0.0501464 -0.0664727   0.275046   -0.95913  0.0494895  -0.959165  -0.278485  0.0100646   0.344505    0.14066 0.00245595 0.922356 0.26546 2.13265
0  -0.997162 -0.0573484  0.0487682  -0.060299   0.220622  -0.973494  0.0450689  -0.973672  -0.223454  0.0110988   0.352187   0.122444 0.0026442 0.947791 0.279051 2.22678
1  -0.996702 -0.0673425  0.0452714 -0.0619803   0.271718  -0.960379  0.0523732  -0.960018  -0.274996 0.00906387   0.345119   0.139551 0.00253458 0.933066 0.318483 5.10439
1   -0.99451 -0.0929696   0.048024 -0.0753796   0.318188  -0.945026  0.0725781  -0.943458  -0.323449 0.00542801   0.337977   0.155128 0.00247442 0.923695 0.076186 1.8278
1  -0.996737 -0.0638904  0.0493376 -0.0653237   0.279332   -0.95797  0.0474235  -0.958067  -0.282594  0.0106678   0.343684    0.14192 0.00259635 0.919679 0.0456224 3.02721
1  -0.991489  -0.117714  0.0556113 -0.0923001   0.334328  -0.937926   0.091815  -0.935077  -0.342347 0.00152517   0.335082   0.160873 0.00265891 0.921017 0.160489 4.19561
1  -0.997566 -0.0613665  0.0331112 -0.0513842   0.325952  -0.943989  0.0471366  -0.943392  -0.328312  0.0101143   0.336668   0.157152 0.00275479 0.914324 0.216566 4.40368
1  -0.997897 -0.0571355  0.0306059 -0.0457534   0.286467  -0.956997  0.0459109  -0.956385  -0.288479  0.0103043   0.342834   0.144374 0.00279392 0.92905 0.203442 4.07825
1  -0.996684 -0.0687736  0.0434982 -0.0630892   0.315439  -0.946846   0.051397   -0.94645  -0.318732 0.00939028   0.338631   0.153504 0.00248982 0.919679 0.345849 2.44446
1  -0.995358 -0.0838005  0.0473247 -0.0720002   0.322117  -0.943958  0.0638601  -0.942984  -0.326655 0.00739639   0.337457   0.156062 0.00258047 0.925033 0.315689 2.02214
1  -0.995144 -0.0847734  0.0500153 -0.0710942   0.267653  -0.960889  0.0680711  -0.959779   -0.27238 0.00627594    0.34586   0.138242 0.00269779 0.953146 0.178414 5.66746
1    -0.9917  -0.115874  0.0557129 -0.0915152   0.331799  -0.938901  0.0903086  -0.936207  -0.339649 0.00195227    0.33543   0.160063 0.00262319 0.917001 0.24703 2.5022
1  -0.994568 -0.0927873  0.0471733 -0.0759732   0.337291   -0.93833  0.0711539  -0.936817  -0.342508 0.00573731   0.334857   0.161165 0.00258386 0.921017 0.293011 4.3598
1  -0.995389 -0.0869879  0.0404217 -0.0641736   0.290718  -0.954654   0.071292  -0.952846   -0.29496  0.0051543   0.342021   0.146268 0.00260222 0.922356 0.3021 2.01876
1  -0.996846 -0.0682499  0.0404964 -0.0602358   0.318469  -0.946018  0.0516687  -0.945473  -0.321576 0.00916708   0.338195   0.154428 0.00257688 0.922356 0.438449 4.13217
1  -0.994575 -0.0918934   0.048738 -0.0757748    0.31908  -0.944694  0.0712598  -0.943262  -0.324312 0.00572235   0.337821   0.155362 0.00250621 0.923695 0.217168 3.12309
0   0.998565 -0.0401998  -0.035371  0.0306472  -0.112592   0.993169 -0.0439077  -0.992828  -0.111198 -0.0066187   0.372884 -0.0130047 0.00548014 0.639893 -0.515308 3.39048
1  -0.995472 -0.0836171  0.0452047 -0.0698263   0.320606  -0.944635  0.0644947  -0.943515  -0.324993 0.00714438   0.337671   0.155521 0.00260459 0.925033 0.259157 1.96143
0   0.999497 -0.0272824 -0.0161923  0.0243754   0.333698   0.942365 -0.0203066  -0.942285   0.334195 -0.0120988   0.334771  -0.159483 0.00312214 0.947791 -0.147507 2.73357
1  -0.995104 -0.0865947  0.0476482 -0.0727933   0.315994  -0.945964   0.066859  -0.944801  -0.320751 0.00663341   0.338371   0.154212 0.00254725 0.925033 0.207397 1.77062
1  -0.995482 -0.0813939  0.0488865 -0.0716678   0.306428  -0.949192  0.0622783  -0.948408  -0.310877  0.0076391     0.3399   0.150986 0.00255014 0.927711 0.293529 7.73756
1  -0.993749 -0.0971444  0.0550062 -0.0812159   0.291043  -0.953256  0.0765944  -0.951765  -0.297114 0.00432847   0.342408   0.146029 0.00257321 0.946452 0.39643 6.88715
1  -0.993965 -0.0969363  0.0513529 -0.0794918    0.31387  -0.946133  0.0755965  -0.944505  -0.319681 0.00470087    0.33869   0.153791 0.00244456 0.926372 0.314407 3.94712
1  -0.992711  -0.108507  0.0524463 -0.0876517   0.351371  -0.932124   0.082714  -0.929927  -0.358321 0.00350711   0.332261   0.166054 0.00258051 0.911647 0.210726 2.15427
1   -0.991704   -0.117777   0.0515024  -0.0880043    0.330022   -0.939862   0.0936972   -0.936597   -0.337649 0.000946533    0.336245    0.159317 0.00278533 0.941098 0.0443624 1.70538
1  -0.995411 -0.0829606  0.0476949 -0.0726492   0.330745   -0.94092  0.0622845  -0.940067  -0.335254 0.00776587   0.336127   0.158777 0.00265867 0.927711 0.419933 3.62393
1  -0.993243  -0.103615  0.0522669 -0.0833074   0.323042  -0.942711  0.0807946  -0.940696  -0.329491 0.00362934   0.337164   0.156799 0.00249282 0.925033 0.202762 1.94789
1  -0.994298 -0.0896568  0.0577419 -0.0795248   0.262621  -0.961616  0.0710512  -0.960725  -0.268253 0.00593252   0.346322   0.136997 0.00257806 0.941098 0.324493 6.47593
1  -0.995022 -0.0891702   0.044495 -0.0719271   0.333574  -0.939976  0.0689754  -0.938497  -0.338327 0.00621192   0.335596    0.15977 0.00258057 0.922356 0.284283 3.86426
1  -0.994956 -0.0872455  0.0495094  -0.074123    0.30685  -0.948867  0.0675925  -0.947751  -0.311769 0.00645589   0.339714   0.151367 0.00255728 0.926372 0.219654 4.6729
1  -0.996747 -0.0640896  0.0488629 -0.0644678   0.270225  -0.960636  0.0483628  -0.960662  -0.273478  0.0102935   0.345282   0.138859 0.00254842 0.933066 0.239856 4.55122
1  -0.998885 -0.0281781  0.0378667 -0.0446199   0.302086  -0.952236  0.0153932  -0.952864  -0.303006  0.0174863   0.340365   0.148604 0.00296289 0.91834 0.260734 6.04692
1  -0.997053 -0.0627602  0.0441128 -0.0603801   0.287343  -0.955923  0.0473183  -0.955769  -0.290286  0.0104998   0.342912   0.144408 0.00254976 0.933066 0.346823 2.08449
0    -0.989971    -0.129086    0.0573881   -0.0991209     0.345266    -0.933256     0.100656    -0.929585    -0.354599 -4.35963e-05     0.333075     0.164664 0.00270919 0.91834 0.242743 3.77292
1  -0.992755  -0.107802  0.0530617 -0.0865377   0.335141  -0.938185  0.0833555   -0.93598  -0.342042 0.00343299   0.335012   0.160856 0.00263757 0.922356 0.343372 1.79491
1  -0.994834 -0.0884663  0.0497895 -0.0753469   0.314793  -0.946165  0.0680303  -0.945029  -0.319832 0.00647187   0.338589    0.15394 0.00251774 0.926372 0.278536 4.67216
1  -0.997232 -0.0653717  0.0354295 -0.0543913   0.316457  -0.947046  0.0506981  -0.946352  -0.319136 0.00919502   0.338486   0.153823 0.0026917 0.925033 0.150963 2.44639
1  -0.996729 -0.0647623  0.0483417 -0.0637702    0.26283  -0.962732  0.0496431  -0.962666    -0.2661 0.00987044   0.346374   0.136759 0.00246271 0.92905 0.249003 1.94708
1  -0.996794 -0.0675993  0.0428102 -0.0615598   0.306105  -0.950005  0.0511153  -0.949595  -0.309284 0.00936351   0.340258   0.150631 0.00250871 0.92905 0.324346 3.39719
1  -0.994705 -0.0916202  0.0465513 -0.0738938   0.322837  -0.943566  0.0714212   -0.94201  -0.327898 0.00558671   0.337206    0.15658 0.00254317 0.923695 0.372746 3.02696
1  -0.994192 -0.0912679  0.0570354 -0.0801408    0.27408  -0.958362  0.0718354  -0.957366  -0.279802 0.00555211   0.344719   0.140787 0.00252888 0.937082 0.326952 5.61315
1  -0.995434 -0.0840643  0.0452116 -0.0703867   0.326545  -0.942557  0.0644718  -0.941436  -0.330971 0.00720826   0.336659   0.157555 0.00261291 0.922356 0.259545 3.94367
1  -0.996537 -0.0707452  0.0436983 -0.0644277   0.324682  -0.943626   0.052569  -0.943174  -0.328116 0.00909835   0.337194   0.156363 0.00255504 0.919679 0.238977 4.09002
0    -0.990083    -0.128558    0.0566502   -0.0979235     0.342382    -0.934444     0.100734    -0.930724    -0.351575 -0.000170268     0.333542     0.163766 0.00267699 0.917001 0.177896 4.17881
1  -0.991714   -0.11456  0.0581298 -0.0908264   0.305264  -0.947926  0.0908493  -0.945352   -0.31314 0.00174158   0.339601   0.151712 0.00259842 0.922356 0.160825 2.44172
