1  -0.994523 -0.0925255  0.0486209 -0.0756971   0.316814  -0.945462  0.0720756  -0.943964  -0.322082   0.005618   0.338098   0.154741 0.00251971 0.923695 0.0133537 1.94835
1  -0.996906 -0.0638141  0.0459022 -0.0619227   0.277796  -0.958642  0.0484235  -0.958518  -0.280888  0.0102001   0.344202    0.14151 0.00251492 0.92905 0.321129 4.21586
1  -0.994196 -0.0964493  0.0476574 -0.0771074   0.329927  -0.940852   0.075021  -0.939066  -0.335449 0.00474482   0.336096   0.159054 0.00250327 0.923695 0.443084 6.23547
1  -0.994616 -0.0893554  0.0524754  -0.074808   0.268735  -0.960305  0.0717064   -0.95906  -0.273973 0.00529979   0.345548   0.138752 0.00259334 0.942436 0.371062 4.17063
1  -0.996549 -0.0688877  0.0463001 -0.0652889    0.30616  -0.949739  0.0512501  -0.949484  -0.309601 0.00949429   0.340294   0.150629 0.00242353 0.926372 0.372256 7.27205
0  -0.997158  -0.056548  0.0497856 -0.0607683   0.213043  -0.975151  0.0445364  -0.975405  -0.215874  0.0113388   0.352919   0.119816 0.00272135 0.946452 0.266952 3.76077
1  -0.992427  -0.109478  0.0557132  -0.085825   0.293488  -0.952102  0.0878826  -0.949673  -0.300661 0.00238792   0.341671   0.147662 0.0026554 0.939759 0.131675 1.45318
0  -0.994016 -0.0948594  0.0541702 -0.0746403   0.227725   -0.97086  0.0797593  -0.969094  -0.233443  0.0031435   0.351881   0.125372 0.00287535 0.971888 0.331168 5.37209
1  -0.996672 -0.0674435  0.0457954 -0.0646607   0.311896  -0.947913  0.0496472  -0.947719  -0.315219  0.0100027    0.33932   0.152322 0.0024893 0.926372 0.37039 4.592
1   -0.99558 -0.0810225  0.0474878 -0.0691799   0.290742  -0.954297  0.0635129  -0.953365  -0.295062 0.00732091   0.342119   0.146012 0.00261778 0.92905 0.141128 2.11602
1  -0.992634    -0.1086  0.0536958 -0.0880811   0.342624  -0.935334  0.0831795  -0.933175  -0.349666 0.00342013   0.333748   0.163333 0.00258656 0.917001 0.240123 6.02345
1  -0.997563 -0.0589431  0.0373329 -0.0541076   0.315729  -0.947306    0.04405  -0.947017  -0.318149  0.0113261   0.338112   0.153994 0.00268229 0.911647 0.158712 2.35453
1  -0.994818 -0.0896523   0.047962 -0.0739983   0.314899  -0.946236   0.069729  -0.944881  -0.319902  0.0061034   0.338516   0.153959 0.00248824 0.923695 0.279299 3.03273
1  -0.997589 -0.0589501  0.0366162  -0.053049    0.30763  -0.950026  0.0447399  -0.949678  -0.310015  0.0110147   0.339503   0.151051 0.00274867 0.919679 0.0833046 3.2684
1  -0.993789  -0.101348   0.045959 -0.0766741   0.324285  -0.942847  0.0806515  -0.940515  -0.330042 0.00346197   0.336966   0.157168 0.00252747 0.923695 0.186502 2.04331
1  -0.991919  -0.116049  0.0512672 -0.0870029   0.328107  -0.940626   0.092338  -0.937485  -0.335552 0.00128523   0.336008   0.159038 0.00264559 0.917001 0.286711 3.86849
1  -0.995187 -0.0840595  0.0503742  -0.073173    0.29547  -0.952546  0.0651864  -0.951647  -0.300199 0.00706163   0.341697   0.147494 0.00260527 0.939759 0.257635 3.85372
1  -0.994428  -0.094525  0.0466793 -0.0759321   0.335052  -0.939135  0.0731317  -0.937446  -0.340363 0.00520474   0.335192   0.160654 0.00251221 0.91834 0.187701 2.11251
1  -0.997013 -0.0630866  0.0445565 -0.0626452   0.323113  -0.944285   0.045175  -0.944255    -0.3261  0.0111854    0.33692   0.155981 0.00284326 0.915663 0.140369 3.87848
1  -0.995868 -0.0776285  0.0471261 -0.0686679   0.304098  -0.950163  0.0594288  -0.949473  -0.308172 0.00846045   0.340042   0.150194 0.00265395 0.922356 0.38472 7.05086
1   -0.99704  -0.058786  0.0495508 -0.0651409   0.303581  -0.950576  0.0408379   -0.95099  -0.306512  0.0126798   0.340442   0.149463 0.00258492 0.927711 0.291546 4.46886
1  -0.996636 -0.0692914   0.043772 -0.0639246    0.32295  -0.944255  0.0512926  -0.943876  -0.326293 0.00945368   0.337714   0.155852 0.00255139 0.926372 0.11654 1.99693
0  -0.999205 -0.0118644   0.038053 -0.0397955   0.242778  -0.969265 0.00226133  -0.970009  -0.243057  0.0213776   0.348249   0.129488 0.00313373 0.912985 -0.020634 3.20799
1  -0.997225 -0.0608868  0.0428444 -0.0583991   0.282779  -0.957406  0.0461779  -0.957251  -0.285549  0.0107258   0.343557   0.142746 0.00263537 0.937082 0.209484 2.18489
1    -0.989943    -0.129347    0.0572988   -0.0977128     0.332264    -0.938111     0.102304    -0.934275    -0.341561 -0.000667175     0.335159     0.160626 0.00264268 0.917001 0.223455 5.92523
1  -0.991494  -0.117191  0.0566164  -0.094449   0.348582  -0.932507  0.0895456  -0.929923  -0.356686 0.00222814   0.332762   0.165296 0.00273599 0.921017 0.253467 2.04698
1  -0.996593 -0.0659683  0.0494949 -0.0668864   0.295428  -0.953021   0.048247  -0.953085  -0.298834  0.0104627   0.341461   0.147036 0.00251135 0.919679 0.362634 4.69022
1  -0.994771 -0.0873665  0.0528935 -0.0750026   0.273414  -0.958968  0.0693199  -0.957921  -0.278537 0.00598337   0.344935    0.14059 0.00255881 0.941098 0.179837 2.30424
1  -0.994656 -0.0897209  0.0510818 -0.0747022   0.283902  -0.955939  0.0712655  -0.954646  -0.289087 0.00555962    0.34329   0.143828 0.00256116 0.937082 0.285464 2.26629
1  -0.996823 -0.0653871   0.045473 -0.0628385   0.294891  -0.953462  0.0489346  -0.953291  -0.298063  0.0101899   0.342095   0.146682 0.0025803 0.942436 0.0803697 1.81119
1  -0.997021  -0.066421  0.0392032 -0.0579583   0.309862  -0.949014  0.0508869  -0.948459  -0.312788 0.00930407   0.339575   0.151657 0.00264272 0.930388 0.156244 3.7608
1  -0.992284  -0.111187  0.0548568 -0.0847013   0.284825   -0.95483  0.0905404  -0.952109  -0.292045 0.00159287   0.342842   0.144906 0.00269137 0.937082 0.351628 4.69281
1  -0.996734 -0.0630657  0.0504437  -0.066673   0.290158  -0.954653  0.0455692  -0.954899  -0.293415  0.0110125   0.342468   0.145398 0.0025252 0.927711 0.380888 4.6024
1  -0.996821 -0.0679898   0.041546 -0.0608855   0.313624  -0.947593  0.0513969   -0.94711  -0.316766 0.00924647   0.338945   0.152929 0.00251427 0.921017 0.230253 2.47687
1  -0.993873 -0.0987021  0.0497348 -0.0796557   0.327722   -0.94141    0.07662  -0.939604  -0.333576 0.00454565   0.336388   0.158203 0.00253105 0.925033 0.454838 3.25228
0  -0.992207  -0.104468  0.0679048 -0.0894773   0.218152  -0.971804  0.0867091  -0.970307  -0.225799 0.00233339   0.352291   0.122562 0.00274484 0.951807 0.247204 4.50571
1  -0.997326 -0.0574438  0.0451704 -0.0590505   0.269373  -0.961224  0.0430487  -0.961321  -0.272045   0.011764   0.345359    0.13855 0.00262234 0.934404 0.268419 2.23879
1  -0.992428  -0.110902  0.0527878 -0.0881023   0.343316  -0.935079  0.0855794  -0.932649  -0.350487 0.00274281   0.333488   0.163611 0.00255779 0.907631 0.434816 4.46331
1  -0.994774 -0.0910596  0.0461748  -0.073258   0.321596  -0.944039  0.0711141  -0.942488  -0.326586 0.00562349   0.337421   0.156162 0.00253901 0.923695 0.224691 4.25724
1  -0.995351 -0.0840969  0.0469487 -0.0704334   0.303076   -0.95036  0.0656933  -0.949248   -0.30759 0.00678865   0.340438   0.150038 0.00260878 0.934404 0.178565 4.03331
1  -0.998285 -0.0441026  0.0384942 -0.0507615   0.324644  -0.944473  0.0291567  -0.944807  -0.326326  0.0157361   0.336457   0.156583 0.00296862 0.903614 0.190284 2.77696
1  -0.992602   -0.10666  0.0580056 -0.0879644   0.302466  -0.949092  0.0836852  -0.947174  -0.309611 0.00275318   0.341061   0.150041 0.00256976 0.953146 0.239856 2.08099
1  -0.995253 -0.0848881  0.0475984 -0.0728229   0.325114  -0.942867  0.0645632  -0.941857  -0.329753 0.00732212   0.336867   0.157093 0.00259671 0.922356 0.194339 2.73053
1  -0.995472 -0.0847773  0.0429995 -0.0669922   0.304755  -0.950072  0.0674403   -0.94865  -0.309054 0.00618082       0.34   0.150616 0.00261609 0.925033 0.194315 3.32711
1  -0.994786 -0.0895981  0.0487044 -0.0754314   0.325069  -0.942677  0.0686298  -0.941436  -0.330133 0.00629568   0.336865   0.157191 0.00260016 0.925033 0.1051 2.14502
1  -0.997244 -0.0626221  0.0397821 -0.0566916    0.29733   -0.95309  0.0478561  -0.952719  -0.300061   0.010149   0.341378   0.147696 0.00262329 0.930388 0.180774 2.57873
1  -0.994151 -0.0957138  0.0500337 -0.0784357   0.321378  -0.943697  0.0742451  -0.942102  -0.327005 0.00502917   0.337486   0.156126 0.00248181 0.925033 0.0642147 2.77274
0  -0.993264  -0.106724  0.0451383 -0.0810721   0.361713  -0.928758  0.0827936  -0.926161  -0.367928 0.00314474   0.330331   0.169435 0.00260801 0.899598 0.464788 4.45956
1  -0.996701 -0.0670814  0.0456935 -0.0649313   0.321202  -0.944782  0.0487004  -0.944632  -0.324498  0.0102938   0.337673   0.155254 0.00254694 0.919679 0.212368 2.11711
1  -0.996892 -0.0616868  0.0490055 -0.0628038   0.246688  -0.967058  0.0475656   -0.96713  -0.249796  0.0105334   0.347935   0.131523 0.00287222 0.919679 0.078398 2.04865
1  -0.994419 -0.0944915  0.0469303 -0.0770049   0.345973  -0.935079  0.0721204  -0.933474  -0.351319 0.00553122   0.333474   0.163877 0.0026327 0.922356 0.143589 2.34275
1  -0.991872  -0.114423  0.0556628 -0.0904139   0.325963  -0.941049  0.0895332  -0.938432  -0.333659 0.00206405   0.336442   0.158157 0.00264393 0.923695 0.24515 4.12526
1  -0.999296 -0.0253396  0.0276488 -0.0341381    0.30933  -0.950342  0.0155287  -0.950617  -0.309978  0.0172325   0.338948   0.151508 0.00291829 0.89826 0.25771 4.7628
1  -0.995234 -0.0823523  0.0522172 -0.0749258   0.303114  -0.950004  0.0624072  -0.949389   -0.30784 0.00782016     0.3405   0.149886 0.0025984 0.935743 0.279547 2.4758
1   -0.99785 -0.0554069  0.0349934 -0.0493461   0.283921  -0.957577   0.043121  -0.957246  -0.286045  0.0113538   0.342963   0.143763 0.00273311 0.921017 0.209834 2.34934
1  -0.994809 -0.0894353  0.0485525 -0.0742125   0.311123  -0.947468  0.0696313  -0.946152  -0.316145 0.00607446   0.339076   0.152748 0.00249701 0.923695 0.117305 4.17886
1    -0.9949 -0.0887272  0.0479668  -0.074227   0.322084  -0.943797  0.0682911  -0.942544  -0.327027 0.00623989   0.337704   0.156096 0.00262822 0.935743 0.288411 1.89837
1  -0.997304 -0.0579241  0.0450469 -0.0577935   0.241779  -0.968609  0.0452144  -0.968601  -0.244475  0.0108543   0.349502   0.129495 0.00263682 0.947791 0.23672 4.97883
1  -0.995413 -0.0838367  0.0460986 -0.0693856    0.30083   -0.95115  0.0658735  -0.949986  -0.305267 0.00658381   0.340767   0.149327 0.00258077 0.931727 0.157285 2.87045
0  -0.993548  0.0963602  0.0598068 -0.0435081   0.163145  -0.985642  -0.104734  -0.981885    -0.1579   0.046571    0.35447  0.0997772 0.00446875 0.809906 -0.311522 3.39955
1  -0.996763 -0.0642104  0.0483784  -0.063387   0.257526   -0.96419  0.0494523  -0.964136  -0.260762 0.00986535   0.347126   0.134593 0.00256947 0.93842 0.133633 4.4337
1  -0.997426 -0.0597625  0.0396143  -0.057134   0.328666  -0.942717  0.0433193  -0.942554  -0.331234  0.0116256   0.336301   0.157752 0.00274358 0.91834 0.218143 3.83793
1  -0.994354 -0.0949847  0.0473105 -0.0761522   0.328248  -0.941517  0.0739001  -0.939804  -0.333628  0.0050309   0.336412   0.158298 0.00251484 0.925033 0.380721 4.34644
1  -0.996527 -0.0690283  0.0465673 -0.0660576   0.314902  -0.946823  0.0506933  -0.946611  -0.318369 0.00974541   0.338711   0.153309 0.00246121 0.919679 0.391655 2.1195
1  -0.994754 -0.0899879   0.048645 -0.0756546   0.327116  -0.941951  0.0688516   -0.94069  -0.332208 0.00630515     0.3366   0.157798 0.00257344 0.925033 0.333391 4.32045
1  -0.996642 -0.0669418  0.0471521 -0.0655154   0.306529  -0.949604  0.0491148  -0.949505  -0.309885  0.0101159   0.340012   0.150621 0.00245651 0.922356 0.165868 1.99589
1  -0.994962 -0.0878523  0.0483004 -0.0744788   0.325212  -0.942704  0.0671108  -0.941551  -0.330117 0.00671473   0.336865   0.157161 0.00258305 0.923695 0.286307 1.81786
1  -0.998789 -0.0290868  0.0396897 -0.0463398   0.284695  -0.957498  0.0165511  -0.958177  -0.285698  0.0174047   0.342982   0.142966 0.00283348 0.922356 0.154665 2.36288
1  -0.995347 -0.0837971   0.047571 -0.0686227   0.269863   -0.96045  0.0676453  -0.959245  -0.274358 0.00608535   0.345189   0.139604 0.00258737 0.930388 0.175413 2.58011
1  -0.998937  -0.025245  0.0385681 -0.0437575   0.256239  -0.965623  0.0144945  -0.966284  -0.257071  0.0179395   0.346992    0.13381 0.00283479 0.927711 0.153095 2.07677
0  -0.953521  0.0456583   0.297847  -0.196388  -0.843845  -0.499356   0.228537   -0.53464   0.813591 -0.0487806   0.247573  -0.248161 0.00622453 0.267738 -0.688553 3.26351
1  -0.996493 -0.0691761  0.0470882 -0.0655078   0.294714  -0.953338  0.0520707  -0.953078  -0.298211 0.00915031   0.341539   0.147015 0.00254772 0.919679 0.443716 4.32551
0  -0.997566 -0.0525155   0.045881 -0.0546791   0.180711  -0.982015  0.0432798  -0.982133  -0.183143  0.0114024   0.356485   0.109721 0.0028787 0.933066 0.252389 3.22099
1  -0.994572 -0.0932483  0.0461588 -0.0742009   0.324665  -0.942914  0.0729391  -0.941221  -0.329821 0.00528792   0.336972   0.157004 0.00252277 0.923695 0.324209 3.81068
1   -0.99662 -0.0679679  0.0461443 -0.0651304   0.311366  -0.948055  0.0500696  -0.947856   -0.31474 0.00982899    0.33928   0.152189 0.00243962 0.919679 0.281679 2.03351
1  -0.994948  -0.087679  0.0488957 -0.0728218   0.295066  -0.952698  0.0691041  -0.951446   -0.29996  0.0057435   0.341132   0.147687 0.00275424 0.919679 0.0299949 2.16663
1  -0.995104 -0.0863885  0.0480104 -0.0737401   0.325529  -0.942652  0.0658056  -0.941577  -0.330306 0.00709334   0.336749   0.157254 0.00262967 0.923695 0.251703 3.5832
1  -0.996354 -0.0720048  0.0457572 -0.0643907   0.282847  -0.957001  0.0559664  -0.956459  -0.286452 0.00859521   0.343421   0.143266 0.00250411 0.926372 0.211949 2.26664
1  -0.997247 -0.0575957  0.0467123 -0.0600877   0.258423  -0.964161  0.0434601  -0.964313  -0.261172  0.0116571   0.346948   0.135047 0.00265083 0.941098 0.0929628 5.28942
1  -0.995213 -0.0854855   0.047372 -0.0725926   0.322025  -0.943944  0.0654385  -0.942864  -0.326689 0.00702518   0.337487   0.156044 0.00258131 0.926372 0.24506 2.55253
1  -0.993795 -0.0974249  0.0536566 -0.0802807   0.294441  -0.952292  0.0769782  -0.950691  -0.300435 0.00416109   0.342105    0.14717 0.00253746 0.94913 0.2491 4.91091
0   -0.999787   0.0160852   0.0129681 -0.00961093    0.193556   -0.981042  -0.0182903   -0.980957    -0.19336   0.0246444    0.352728    0.114669 0.00445014 0.86747 -0.0904364 3.4466
1  -0.993018  -0.105372  0.0530214 -0.0851238   0.328957    -0.9405  0.0816603  -0.938448   -0.33563 0.00352878   0.336164   0.158777 0.00254273 0.925033 0.287547 2.06899
1  -0.994283 -0.0932657  0.0519892 -0.0777623    0.29881  -0.951139  0.0731738  -0.949744  -0.304355 0.00513899    0.34112   0.148612 0.00254023 0.935743 0.194713 3.4438
1  -0.995772 -0.0791376  0.0466384 -0.0688323   0.306627  -0.949338  0.0608277  -0.948534  -0.310777 0.00800313   0.339851   0.151023 0.00262258 0.930388 0.149932 2.51595
1  -0.994137 -0.0954066  0.0508817 -0.0784453   0.312532  -0.946663  0.0744157  -0.945104  -0.318184 0.00503487   0.338882   0.153372 0.00243175 0.925033 0.153954 3.65111
1  -0.996909 -0.0649392  0.0442112 -0.0625573   0.315775   -0.94677  0.0475217  -0.946609  -0.318861  0.0103737   0.338594   0.153506 0.00257774 0.923695 0.295284 4.52078
1  -0.994957 -0.0865415  0.0507007 -0.0759044   0.319251  -0.944626  0.0655631  -0.943711   -0.32421 0.00702181   0.337978   0.155284 0.00260958 0.931727 0.300669 2.70001
1   -0.99654 -0.0667041  0.0495889 -0.0669265   0.290175   -0.95463  0.0492882  -0.954646  -0.293636  0.0101119   0.342444   0.145351 0.00244456 0.925033 0.299589 2.0398
1  -0.995398 -0.0850106   0.044232 -0.0676906   0.297015  -0.952471  0.0678326  -0.951081  -0.301402 0.00603887   0.341143   0.148261 0.00257267 0.923695 0.142961 2.70074
0  -0.997404 -0.0557786  0.0455508 -0.0529778    0.13987  -0.988752    0.04878  -0.988598  -0.142462  0.0100107    0.36043  0.0970358 0.00327317 0.911647 0.248677 5.17728
1  -0.996415 -0.0694193  0.0483569 -0.0666045   0.291234   -0.95433  0.0521658   -0.95413  -0.294814 0.00948233    0.34231   0.145784 0.00247522 0.92905 0.156704 1.9627
1   -0.99459 -0.0935152  0.0452388  -0.075681   0.353955  -0.932195  0.0711619  -0.930576  -0.359117   0.005734   0.331955   0.166526 0.00266688 0.912985 0.236984 1.77208
0   -0.999531   0.0289254   0.0100519 -0.00085059    0.301903   -0.953338  -0.0306103     -0.9529   -0.301737   0.0281914    0.338539    0.149286 0.00378683 0.85676 -0.01562 2.18807
1  -0.995519 -0.0842785  0.0428871 -0.0678648   0.320917  -0.944673  0.0658524   -0.94335  -0.325199 0.00667014   0.337464   0.155889 0.00260702 0.919679 0.228715 5.45425
1  -0.999369 -0.0145744   0.032393 -0.0352473   0.293972  -0.955164 0.00439836  -0.955703    -0.2943  0.0209093   0.339925   0.146879 0.00410413 0.88755 -0.131214 3.815
1  -0.995846 -0.0794637  0.0444456 -0.0680667   0.325538  -0.943076  0.0604716  -0.942184  -0.329594 0.00791453   0.336962   0.157042 0.00262828 0.925033 0.322184 2.57154
1 -0.995256  -0.08633 0.0448641 -0.071067  0.330145 -0.941251 0.0664466 -0.939974 -0.334714 0.0066811  0.335814  0.158861 0.00268681 0.915663 0.352972 4.2151
1  -0.993104  -0.105027  0.0520855 -0.0845451   0.333843  -0.938829  0.0812144  -0.936759  -0.340421 0.00367426   0.335354   0.160287 0.0025477 0.922356 0.266082 1.87399
1    -0.991016     -0.12098    0.0570266   -0.0906269     0.293843    -0.951548    0.0983615    -0.948167    -0.302167 -0.000335529     0.341461     0.148263 0.00263089 0.931727 0.119195 4.29071
1  -0.994458 -0.0930103  0.0490146 -0.0735234   0.281999  -0.956593  0.0751509  -0.954895  -0.287275 0.00437115   0.343667   0.143284 0.00254854 0.941098 0.265705 2.75389
0   -0.99836 -0.0328914  0.0468591 -0.0524623   0.197921  -0.978813  0.0229201  -0.979666  -0.199322  0.0156473   0.354209   0.114784 0.00302579 0.927711 0.157692 2.75337
1  -0.991375  -0.118779  0.0553751  -0.092369   0.333558  -0.938194  0.0929672  -0.935217  -0.341652 0.00137904   0.335149    0.16071 0.0026643 0.919679 0.0723062 1.72915
1  -0.996991 -0.0567068  0.0528449 -0.0669474   0.286344  -0.955785  0.0390677  -0.956447  -0.289279  0.0127259   0.343074   0.143522 0.00276781 0.934404 0.180417 4.41675
1  -0.994258 -0.0962123  0.0468356 -0.0772068   0.341953   -0.93654  0.0740911  -0.934779  -0.347418 0.00497105   0.334061   0.162871 0.00253004 0.917001 0.375557 7.00823
1  -0.998986  -0.034298  0.0291513 -0.0375191   0.276663  -0.960234  0.0248691  -0.960355   -0.27767  0.0143968   0.344033    0.14118 0.00285901 0.914324 0.0835236 4.05063
1  -0.992958  -0.107412  0.0499783 -0.0835958   0.336333  -0.938026   0.083946  -0.935598  -0.342944 0.00313508   0.334636   0.161291 0.00265775 0.914324 0.203501 2.92632
1  -0.997468  -0.061799  0.0352009 -0.0531635   0.319115  -0.946224  0.0472426  -0.945699  -0.321592  0.0102522   0.337936   0.154831 0.00264709 0.91834 0.111086 4.96709
0  -0.997002 -0.0645243  0.0426942 -0.0641141   0.380131  -0.922708  0.0433077  -0.922679  -0.383128  0.0120934   0.327383   0.173999 0.00305572 0.895582 0.255618 4.20327
1  -0.995561 -0.0812121  0.0475786 -0.0703092   0.305598  -0.949561  0.0625759  -0.948691  -0.309952 0.00755011   0.339965   0.150815 0.0025661 0.926372 0.177018 4.40309
1  -0.992046  -0.112915  0.0556246  -0.090228    0.32979  -0.939732  0.0877651  -0.937277  -0.337356 0.00224815   0.335965   0.159219 0.00264379 0.92905 0.396817 4.61846
1  -0.996604 -0.0684646  0.0457514 -0.0651457   0.315717  -0.946614  0.0503651   -0.94638  -0.319105 0.00976425   0.338583   0.153555 0.00248046 0.919679 0.410673 3.98161
1  -0.994703 -0.0913612  0.0470988 -0.0749145   0.330646  -0.940777  0.0703775  -0.939322  -0.335739 0.00593854   0.335948    0.15897 0.0025776 0.922356 0.197986 3.30015
1   -0.99267  -0.108074  0.0541039 -0.0875744   0.334668  -0.938258  0.0832945  -0.936118  -0.341679  0.0031762   0.335264   0.160624 0.00256035 0.925033 0.238107 2.08825
1  -0.991338  -0.118266   0.057117 -0.0927619   0.322627   -0.94197   0.092976  -0.939109  -0.330803 0.00119556   0.336859   0.157269 0.00266516 0.922356 0.229399 4.59886
1  -0.995182 -0.0858933  0.0472724 -0.0724235   0.319043  -0.944969  0.0660846   -0.94384  -0.323726 0.00679395   0.337968   0.155129 0.00257728 0.927711 0.115712 1.82855
1  -0.998005 -0.0603956  0.0183715 -0.0365454   0.315453  -0.948237   0.051474  -0.947017  -0.317031 0.00823229   0.338578   0.153779 0.00292901 0.912985 0.0842967 2.30199
0  -0.998813 -0.0328464  0.0359689 -0.0426659   0.233695  -0.971373  0.0235004  -0.971755  -0.234819   0.015349   0.350448   0.126458 0.00266926 0.92905 0.265481 2.68358
