1   0.986402   -0.16199  0.0277453 -0.0942456  -0.695837   -0.71199   0.134641   0.699693  -0.701642  -0.144854  -0.738548    1.03252 0.00211288 0.897331 0.185453 2.14555 0.100199
1   0.985423   -0.16863  0.0224685 -0.0991077    -0.6764  -0.729837    0.13827   0.716971  -0.683252  -0.148684  -0.764899    1.01218 0.00193407 0.864476 0.202127 1.15329 0.117348
1  0.990424 -0.137133  0.015987 -0.083105 -0.684636 -0.724132  0.110247  0.715869 -0.689476  -0.11365 -0.761487   1.01903 0.00200213 0.864476 0.256351 1.5434 0.149695
1   0.985413  -0.168528  0.0236333 -0.0984516  -0.677837  -0.728591   0.138808   0.715637  -0.684541  -0.149542   -0.76291    1.01363 0.00196992 0.868583 0.146598 1.24011 0.114725
1   0.985408  -0.168535  0.0238067 -0.0982785   -0.67758  -0.728853   0.138968   0.715878  -0.684256  -0.149805  -0.763274    1.01331 0.00193607 0.86653 0.276827 2.15917 0.114953
1   0.985415  -0.168514  0.0236558 -0.0983871  -0.677642  -0.728781    0.13884   0.715825  -0.684338  -0.149597  -0.763189    1.01341 0.0019389 0.86653 0.179639 2.4146 0.114994
0   0.991087  -0.132638  0.0124032 -0.0813514  -0.676329  -0.732094   0.105492    0.72456  -0.681091  -0.107663  -0.774386     1.0097 0.00201608 0.852156 0.365922 2.63126 0.166224
1   0.990639  -0.135424  0.0171741 -0.0817354    -0.6892  -0.719946   0.109335   0.711803  -0.693818  -0.112745  -0.755176    1.02385 0.00209296 0.876797 0.170476 1.2395 0.146835
1   0.985606  -0.167749  0.0210081 -0.0991555  -0.674238  -0.731827   0.136928    0.71921  -0.681166  -0.146875  -0.768198    1.00985 0.0019172 0.86037 0.229474 1.32066 0.122265
1     0.9903  -0.138246  0.0139138 -0.0849578  -0.681716  -0.726667   0.109944   0.718436  -0.686849  -0.112845  -0.765378     1.0161 0.0020397 0.862423 0.0643568 1.131 0.152844
1   0.985476  -0.168111  0.0240001 -0.0979329  -0.678081  -0.728433   0.138732   0.715503  -0.684697  -0.149583  -0.762689     1.0138 0.00192532 0.86653 0.180568 1.35391 0.114597
1   0.985857  -0.165914  0.0236243 -0.0966877   -0.67824  -0.728452   0.136883   0.715866  -0.684689  -0.147191  -0.763095     1.0138 0.00199667 0.868583 0.18078 1.30871 0.117128
1   0.985434  -0.168382  0.0238106 -0.0980608  -0.677032  -0.729392   0.138937   0.716433  -0.683682  -0.149822  -0.764106    1.01266 0.00191214 0.864476 0.420594 2.19476 0.115878
1   0.990813  -0.134289  0.0159838 -0.0812536  -0.685612  -0.723418   0.108106   0.715473  -0.690225  -0.111225  -0.760668    1.01985 0.00202652 0.868583 0.315924 2.25274 0.152188
1   0.990424  -0.137275  0.0146776 -0.0839404  -0.683182  -0.725407   0.109608   0.717229  -0.688163  -0.112653  -0.763536    1.01755 0.00203487 0.864476 0.219647 1.75711 0.151944
1   0.985657  -0.167462  0.0209181 -0.0989781  -0.674014  -0.732058   0.136691   0.719487  -0.680921  -0.146607  -0.768598    1.00959 0.00192099 0.86037 0.302758 1.37894 0.122939
0   0.993264  -0.115243  0.0120789 -0.0712752  -0.689823  -0.720461  0.0913606   0.714747   -0.69339 -0.0904213  -0.758575    1.02335 0.00205955 0.86653 0.153902 1.14996 0.175811
1   0.986333  -0.162362  0.0280381 -0.0943246  -0.695945  -0.711873   0.135094   0.699499  -0.701748   -0.14546  -0.738283    1.03264 0.00210681 0.897331 0.14939 1.362 0.0994221
1   0.990482  -0.136801  0.0151895 -0.0833773  -0.684131  -0.724578   0.109515   0.716415  -0.689025  -0.112638  -0.762291    1.01852 0.00201707 0.864476 0.242804 1.30525 0.151206
1   0.986402   -0.16199  0.0277453 -0.0942456  -0.695837   -0.71199   0.134641   0.699693  -0.701642  -0.144854  -0.738548    1.03252 0.00211288 0.897331 0.08382 1.18461 0.100199
1   0.985415  -0.168514  0.0236558 -0.0983871  -0.677642  -0.728781    0.13884   0.715825  -0.684338  -0.149597  -0.763189    1.01341 0.00193891 0.86653 0.290076 1.56111 0.114994
0   0.993564  -0.112592  0.0124289 -0.0697016  -0.694168  -0.716431  0.0892918   0.710953  -0.697548 -0.0878476  -0.752841    1.02792 0.00211673 0.870637 0.024176 1.24766 0.176183
1   0.990519  -0.136505  0.0154499 -0.0829485  -0.683936  -0.724811   0.109507   0.716658  -0.688774  -0.112711  -0.762625    1.01826 0.00201151 0.864476 0.0676242 1.15753 0.151516
0   0.991066  -0.132788  0.0124569 -0.0814662   -0.67667  -0.731766   0.105599   0.724214  -0.681442   -0.10778  -0.773871    1.01009 0.00200949 0.852156 0.124335 1.78101 0.165642
1   0.985611  -0.167714  0.0210484 -0.0990896  -0.674178  -0.731891   0.136939   0.719274  -0.681096  -0.146903   -0.76829    1.00978 0.00191671 0.86037 0.307056 1.18947 0.122359
1  0.980594 -0.192797 0.0355604 -0.108972 -0.686799 -0.718633  0.162973  0.700812  -0.69448 -0.180769 -0.742286   1.02455 0.00204152 0.882957 0.276096 1.76735 0.0694143
1   0.986333  -0.162362  0.0280381 -0.0943247  -0.695945  -0.711873   0.135094   0.699499  -0.701748   -0.14546  -0.738283    1.03264 0.0021068 0.897331 0.113234 1.39541 0.0994221
1   0.985415  -0.168514  0.0236558 -0.0983871  -0.677642  -0.728781    0.13884   0.715825  -0.684338  -0.149597  -0.763189    1.01341 0.00193892 0.86653 0.223337 1.40728 0.114993
1   0.985842  -0.166325  0.0212537 -0.0977849  -0.673247  -0.732924   0.136213   0.720468  -0.679979  -0.146224  -0.770048    1.00852 0.00190924 0.858316 0.182942 1.27362 0.125064
1    0.98584  -0.166361  0.0210428 -0.0979187  -0.672992   -0.73314   0.136127   0.720698  -0.679752  -0.146077  -0.770385    1.00827 0.00191178 0.858316 0.293024 2.02734 0.125519
1   0.990107   -0.13942  0.0157967 -0.0847299  -0.683829  -0.724706   0.111841   0.716199  -0.688877  -0.115422  -0.762045    1.01838 0.00203431 0.86653 0.242601 1.26801 0.14785
1  0.980874 -0.191469 0.0350167 -0.108299 -0.686329 -0.719183  0.161734  0.701635 -0.693938 -0.179213 -0.743408   1.02396 0.00208472 0.88501 0.147191 2.18222 0.0716498
0   0.994634  -0.103247 0.00662215  -0.065014  -0.673536  -0.736289  0.0804803   0.731908  -0.676634 -0.0771198  -0.784072    1.00471 0.00218037 0.843943 -0.0647322 1.21568 0.208797
1  0.981059 -0.190127 0.0370791 -0.106866 -0.690875 -0.715032  0.161564  0.697526 -0.698107 -0.179247 -0.737181   1.02857 0.0021708 0.897331 0.0428117 1.51139 0.0657488
1   0.990894  -0.133692  0.0159582 -0.0808702  -0.685736  -0.723344   0.107648   0.715467  -0.690304  -0.110706  -0.760634    1.01994 0.00202363 0.868583 0.238965 1.52405 0.152816
1   0.985414  -0.168648  0.0227556 -0.0988968  -0.676343  -0.729918    0.13849    0.71702  -0.683156   -0.14903  -0.764972    1.01208 0.00192879 0.864476 0.240466 2.15878 0.117214
1  0.985387 -0.168657 0.0238141 -0.098363 -0.677598 -0.728825  0.139058  0.715832 -0.684286 -0.149914 -0.763216   1.01334 0.00193501 0.86653 0.297068 1.29346 0.114789
1   0.990115  -0.138976  0.0189382 -0.0837862  -0.694325  -0.714768   0.112485   0.706115  -0.699105   -0.11644  -0.746799    1.02972 0.00215664 0.887064 0.254622 1.80636 0.137397
0   0.991162  -0.132064  0.0125018 -0.0809548   -0.67684  -0.731665   0.105089   0.724187  -0.681549  -0.107135  -0.773798     1.0102 0.00198048 0.850103 0.0781998 1.49863 0.166322
1   0.990948  -0.133664  0.0124547 -0.0820122  -0.676232  -0.732109   0.106279   0.724461  -0.681073   -0.10855  -0.774325    1.00968 0.00203325 0.852156 0.173553 2.18995 0.165115
1   0.985657  -0.167462  0.0209181 -0.0989781  -0.674014  -0.732058   0.136691   0.719487  -0.680922  -0.146607  -0.768598    1.00959 0.00192097 0.86037 0.216939 1.15866 0.122939
1   0.990324  -0.138001  0.0146369 -0.0846658   -0.68439  -0.724184   0.109955   0.715938  -0.689451  -0.112913  -0.761606    1.01898 0.00202849 0.864476 0.164886 1.77848 0.150025
1  0.980704 -0.192299   0.03522 -0.108634 -0.685819 -0.719618  0.162537  0.701907 -0.693476 -0.180229 -0.743887   1.02345 0.00206345 0.882957 0.292997 1.47558 0.0715062
0   0.991072  -0.132741  0.0124851 -0.0814262  -0.676764  -0.731683   0.105574   0.724134  -0.681531  -0.107754  -0.773746    1.01018 0.00200683 0.852156 0.230591 2.37926 0.165573
1   0.986065  -0.164875  0.0221863 -0.0963892  -0.674918   -0.73157   0.135591   0.719237  -0.681405  -0.145703  -0.768128    1.01013 0.00191166 0.86037 0.228767 2.08122 0.123662
1   0.990055  -0.139938  0.0144509 -0.0859979  -0.683304  -0.725052   0.111337   0.716599  -0.688542  -0.114436  -0.762676    1.01799 0.00204798 0.864476 0.159892 1.0924 0.148888
1   0.985476  -0.168111  0.0240001 -0.0979329  -0.678081  -0.728433   0.138732   0.715503  -0.684696  -0.149583  -0.762689     1.0138 0.00192535 0.86653 0.323336 1.3469 0.114597
1   0.985408  -0.168535  0.0238067 -0.0982785   -0.67758  -0.728853   0.138968   0.715878  -0.684256  -0.149805  -0.763274    1.01331 0.00193606 0.86653 0.216027 1.44247 0.114953
1   0.985567  -0.167931  0.0213581 -0.0990248  -0.674244  -0.731839   0.137299   0.719162  -0.681143  -0.147414  -0.768132    1.00982 0.00191027 0.86037 0.353078 2.11128 0.121831
1   0.990897  -0.133668  0.0160026 -0.0808258  -0.685766   -0.72332   0.107659   0.715442  -0.690327  -0.110736  -0.760596    1.01997 0.00202139 0.868583 0.135698 1.23965 0.152776
1   0.986031  -0.164224  0.0278101 -0.0951806   -0.69257  -0.715044   0.136688   0.702408  -0.698526  -0.147442  -0.742718    1.02909 0.00211255 0.895277 0.166664 1.13386 0.0999439
1   0.985476  -0.168111  0.0240001 -0.0979329  -0.678082  -0.728433   0.138732   0.715503  -0.684697  -0.149583  -0.762689     1.0138 0.00192533 0.86653 0.105695 1.25562 0.114597
1   0.985398  -0.168881   0.021692 -0.0994861  -0.674458   -0.73158    0.13818   0.718739   -0.68141  -0.148476  -0.767554    1.01011 0.00190551 0.86037 0.280304 1.4459 0.120316
1  0.985371 -0.168819 0.0233122 -0.098484 -0.675719 -0.730551  0.139083  0.717568  -0.68246 -0.149916 -0.765817    1.0113 0.00189996 0.862423 0.185143 1.41845 0.117561
1   0.985442  -0.168323   0.023912 -0.0981165  -0.677921  -0.728558   0.138843   0.715605  -0.684567  -0.149692  -0.762859    1.01366 0.00192911 0.86653 0.159393 1.31711 0.114644
1   0.985408  -0.168535  0.0238067 -0.0982785   -0.67758  -0.728853   0.138968   0.715878  -0.684256  -0.149805  -0.763274    1.01331 0.00193606 0.86653 0.224062 1.28522 0.114953
1   0.985415  -0.168514  0.0236558 -0.0983871  -0.677642  -0.728781    0.13884   0.715824  -0.684338  -0.149597  -0.763189    1.01341 0.00193891 0.86653 0.23298 2.30959 0.114993
1   0.985476  -0.168111  0.0240001 -0.0979329  -0.678081  -0.728433   0.138732   0.715503  -0.684696  -0.149583  -0.762689     1.0138 0.00192532 0.86653 0.166176 1.86468 0.114597
1   0.990452  -0.136976  0.0155702 -0.0832346  -0.684214  -0.724516   0.109894   0.716302  -0.689082  -0.113176  -0.762121     1.0186 0.00200574 0.864476 0.271281 1.16493 0.150595
1   0.985415  -0.168514  0.0236558 -0.0983871  -0.677642  -0.728781    0.13884   0.715825  -0.684338  -0.149597  -0.763189    1.01341 0.00193891 0.86653 0.197677 2.50831 0.114993
0   0.991018  -0.133136  0.0125465 -0.0815733  -0.676205  -0.732183   0.105964   0.724584  -0.680992  -0.108226   -0.77446    1.00959 0.0020237 0.852156 0.210501 1.40991 0.165677
1   0.985415  -0.168514  0.0236558 -0.0983871  -0.677642  -0.728781    0.13884   0.715824  -0.684338  -0.149597  -0.763189    1.01341 0.00193891 0.86653 0.207971 2.37246 0.114993
1   0.990115  -0.138976  0.0189381 -0.0837862  -0.694325  -0.714768   0.112485   0.706115  -0.699105   -0.11644  -0.746798    1.02972 0.00215662 0.887064 0.177908 1.86212 0.137397
1  0.985387 -0.168657 0.0238141 -0.098363 -0.677598 -0.728825  0.139058  0.715832 -0.684286 -0.149914 -0.763216   1.01334 0.00193502 0.86653 0.353712 2.1784 0.114789
0   0.993585  -0.112481   0.011661  -0.070061  -0.693238  -0.717295  0.0887658   0.711877  -0.696672 -0.0870559  -0.754206    1.02694 0.00211068 0.868583 0.195176 1.46341 0.177561
1   0.985415  -0.168514  0.0236558 -0.0983872  -0.677642  -0.728781    0.13884   0.715825  -0.684338  -0.149597  -0.763189    1.01341 0.0019389 0.86653 0.179433 1.40047 0.114993
1   0.990813  -0.134289  0.0159838 -0.0812536  -0.685612  -0.723418   0.108106   0.715473  -0.690225  -0.111225  -0.760668    1.01985 0.00202652 0.868583 0.150797 2.1969 0.152188
1   0.985415  -0.168514  0.0236558 -0.0983872  -0.677642  -0.728781    0.13884   0.715824  -0.684338  -0.149597  -0.763189    1.01341 0.0019389 0.86653 0.285945 1.7556 0.114993
1   0.990948  -0.133664  0.0124547 -0.0820122  -0.676232  -0.732109   0.106279   0.724461  -0.681073   -0.10855  -0.774326    1.00968 0.00203328 0.852156 0.214598 1.1726 0.165115
1   0.990466  -0.136818  0.0160761 -0.0828505  -0.684844  -0.723964   0.110061    0.71573   -0.68965  -0.113462  -0.761248    1.01922 0.00202724 0.86653 0.231811 2.23524 0.149799
1  0.990185 -0.138817 0.0162083 -0.084211 -0.685156 -0.723512  0.111541  0.715046 -0.690122 -0.115134 -0.760276   1.01976 0.00204213 0.868583 0.153743 2.18661 0.147003
1   0.985415  -0.168514  0.0236559 -0.0983871  -0.677642  -0.728781    0.13884   0.715824  -0.684338  -0.149597  -0.763189    1.01341 0.00193891 0.86653 0.0824091 2.01217 0.114993
1   0.985415  -0.168514  0.0236558 -0.0983871  -0.677642  -0.728781    0.13884   0.715825  -0.684338  -0.149597  -0.763189    1.01341 0.00193891 0.86653 0.183176 1.18189 0.114993
1   0.985408  -0.168535  0.0238067 -0.0982785   -0.67758  -0.728853   0.138968   0.715878  -0.684256  -0.149805  -0.763274    1.01331 0.00193605 0.86653 0.136416 1.6485 0.114953
1   0.985476  -0.168111  0.0240001 -0.0979329  -0.678081  -0.728433   0.138732   0.715503  -0.684697  -0.149583  -0.762689     1.0138 0.00192533 0.86653 0.294181 1.29358 0.114597
1   0.986402   -0.16199  0.0277453 -0.0942456  -0.695837   -0.71199   0.134641   0.699693  -0.701642  -0.144854  -0.738548    1.03252 0.00211288 0.897331 0.24641 1.25901 0.100198
1   0.990897  -0.133668  0.0160025 -0.0808259  -0.685766   -0.72332   0.107659   0.715442  -0.690327  -0.110736  -0.760596    1.01997 0.00202139 0.868583 0.0448988 1.17974 0.152776
1   0.985415  -0.168514  0.0236558 -0.0983872  -0.677642  -0.728781    0.13884   0.715825  -0.684338  -0.149597  -0.763189    1.01341 0.0019389 0.86653 0.15438 1.2423 0.114993
1   0.990424  -0.137132   0.015987 -0.0831049  -0.684636  -0.724132   0.110247   0.715869  -0.689476   -0.11365  -0.761487    1.01903 0.00200214 0.864476 0.141062 1.6599 0.149695
1   0.985415  -0.168514  0.0236558 -0.0983872  -0.677642  -0.728781    0.13884   0.715824  -0.684338  -0.149597  -0.763189    1.01341 0.0019389 0.86653 0.35511 1.52775 0.114993
1   0.985442  -0.168323   0.023912 -0.0981165  -0.677921  -0.728558   0.138843   0.715605  -0.684567  -0.149692  -0.762859    1.01366 0.00192912 0.86653 0.278236 1.29557 0.114644
1   0.985442  -0.168323   0.023912 -0.0981165  -0.677921  -0.728558   0.138843   0.715605  -0.684567  -0.149692  -0.762859    1.01366 0.0019291 0.86653 0.342112 1.77198 0.114644
1   0.985374  -0.168432  0.0258713 -0.0982954  -0.685816  -0.721106   0.139201   0.708016  -0.692341  -0.149976  -0.751374    1.02231 0.00211455 0.887064 0.0291005 1.20318 0.103307
1   0.985415  -0.168514  0.0236558 -0.0983872  -0.677642  -0.728781    0.13884   0.715824  -0.684338  -0.149597  -0.763189    1.01341 0.00193892 0.86653 0.240458 1.60845 0.114993
1   0.991051  -0.132897  0.0125268 -0.0815391  -0.677006  -0.731447   0.105688   0.723879  -0.681784  -0.107882  -0.773368    1.01047 0.00200166 0.852156 0.293767 2.21495 0.1651
1   0.985415  -0.168514  0.0236558 -0.0983871  -0.677642  -0.728781    0.13884   0.715825  -0.684338  -0.149597  -0.763189    1.01341 0.00193891 0.86653 0.180419 1.44598 0.114993
1   0.985376  -0.168861  0.0227979 -0.0986945  -0.674683   -0.73148   0.138899   0.718533  -0.681482   -0.14962  -0.767262    1.01019 0.00189076 0.86037 0.181322 1.88579 0.119323
1   0.985415  -0.168514  0.0236558 -0.0983872  -0.677642  -0.728781    0.13884   0.715824  -0.684338  -0.149597  -0.763189    1.01341 0.00193892 0.86653 0.170439 1.44043 0.114993
1   0.985544  -0.168056  0.0214681 -0.0990282  -0.674227  -0.731855   0.137467   0.719149  -0.681122  -0.147641  -0.768118     1.0098 0.00190839 0.86037 0.360673 2.67553 0.12165
1   0.985476  -0.168111  0.0240001 -0.0979329  -0.678081  -0.728433   0.138732   0.715503  -0.684697  -0.149583  -0.762689     1.0138 0.00192534 0.86653 0.354972 2.39026 0.114597
0   0.994142  -0.108034 0.00332677 -0.0703132  -0.669792  -0.739212  0.0820885   0.734648  -0.673464 -0.0779899  -0.788408    1.00114 0.00225319 0.839836 0.291518 2.5914 0.209702
1   0.990813  -0.134289  0.0159838 -0.0812536  -0.685612  -0.723418   0.108106   0.715473  -0.690225  -0.111225  -0.760668    1.01985 0.00202654 0.868583 0.0599864 1.51044 0.152188
0    0.99463  -0.103298 0.00643389 -0.0651657  -0.673337  -0.736459  0.0804065   0.732084  -0.676452 -0.0769915  -0.784336     1.0045 0.00218421 0.843943 0.10894 1.23252 0.209082
1    0.99084  -0.134109  0.0158388 -0.0811803  -0.685266  -0.723754   0.107915   0.715839  -0.689876  -0.110991  -0.761222    1.01947 0.00197002 0.864476 0.275083 2.13212 0.152831
0   0.994641  -0.103177 0.00667362  -0.064929  -0.673546  -0.736288  0.0804632   0.731908  -0.676636  -0.077111  -0.784069    1.00471 0.00218017 0.843943 0.132568 1.23736 0.20883
1   0.985415  -0.168514  0.0236558 -0.0983872  -0.677642  -0.728781    0.13884   0.715824  -0.684338  -0.149597  -0.763189    1.01341 0.00193891 0.86653 0.147895 1.32714 0.114993
1   0.990343  -0.137872  0.0145866 -0.0842725  -0.682179  -0.726313   0.110089   0.718069   -0.68721  -0.113212  -0.764815    1.01651 0.00204633 0.864476 0.298555 2.13152 0.152264
1   0.986402   -0.16199  0.0277453 -0.0942456  -0.695837   -0.71199   0.134641   0.699693  -0.701642  -0.144854  -0.738548    1.03252 0.0021129 0.897331 0.225537 2.23154 0.100199
1   0.990307  -0.138187  0.0139815 -0.0848117  -0.681356  -0.727022   0.109991    0.71879  -0.686472  -0.112937  -0.765892    1.01569 0.00207047 0.864476 0.0614 2.52369 0.153202
1    0.99045  -0.136993  0.0155707 -0.0832431  -0.684193  -0.724535    0.10991   0.716319  -0.689062  -0.113188  -0.762147    1.01857 0.00200713 0.864476 0.178198 2.27242 0.150597
1   0.985415  -0.168514  0.0236558 -0.0983872  -0.677642  -0.728781    0.13884   0.715824  -0.684338  -0.149597  -0.763189    1.01341 0.00193891 0.86653 0.285946 2.28591 0.114993
1   0.985415  -0.168514  0.0236559 -0.0983871  -0.677642  -0.728781    0.13884   0.715824  -0.684338  -0.149597  -0.763189    1.01341 0.00193891 0.86653 0.273408 1.25376 0.114993
1   0.990639  -0.135424   0.017174 -0.0817354    -0.6892  -0.719946   0.109335   0.711803  -0.693818  -0.112745  -0.755176    1.02385 0.00209295 0.876797 0.210102 1.64996 0.146835
1   0.985415  -0.168514  0.0236558 -0.0983871  -0.677642  -0.728781    0.13884   0.715825  -0.684338  -0.149597  -0.763189    1.01341 0.00193891 0.86653 0.178612 1.17663 0.114993
1   0.985413  -0.168528  0.0236334 -0.0984516  -0.677837  -0.728591   0.138808   0.715636  -0.684541  -0.149542   -0.76291    1.01363 0.00196993 0.868583 0.0859649 1.35134 0.114724
1   0.985441   -0.16852  0.0225308 -0.0989834  -0.676397  -0.729855   0.138235   0.716999   -0.68323  -0.148658  -0.764938    1.01215 0.00193592 0.864476 0.12589 2.19211 0.117436
1   0.985657  -0.167462  0.0209182 -0.0989781  -0.674014  -0.732058   0.136691   0.719487  -0.680922  -0.146607  -0.768598    1.00959 0.00192099 0.86037 0.222843 2.41537 0.122939
1   0.985408  -0.168535  0.0238067 -0.0982785   -0.67758  -0.728853   0.138968   0.715878  -0.684256  -0.149805  -0.763274    1.01331 0.00193606 0.86653 0.0595419 1.49456 0.114953
1   0.991007  -0.133217  0.0125776 -0.0817048  -0.676877  -0.731548   0.105968   0.723941  -0.681674  -0.108212  -0.773489    1.01035 0.00200865 0.852156 0.284835 2.23611 0.164832
1   0.985476  -0.168111  0.0240002 -0.0979329  -0.678082  -0.728433   0.138732   0.715503  -0.684697  -0.149583  -0.762689     1.0138 0.00192532 0.86653 0.305467 1.94305 0.114596
1   0.986402   -0.16199  0.0277453 -0.0942456  -0.695836   -0.71199   0.134641   0.699693  -0.701642  -0.144854  -0.738548    1.03252 0.00211287 0.897331 0.259425 1.93029 0.100199
1   0.986031  -0.164224  0.0278101 -0.0951806   -0.69257  -0.715044   0.136688   0.702408  -0.698526  -0.147442  -0.742718    1.02909 0.00211256 0.895277 0.254867 1.30833 0.0999439
1   0.990446  -0.136902  0.0165804 -0.0830221   -0.68796  -0.720984   0.110111   0.712719  -0.692753  -0.113519  -0.756671    1.02267 0.00203218 0.870637 0.103458 1.86591 0.146554
1   0.990632  -0.135944  0.0129284 -0.0835334  -0.678154  -0.730157   0.108028   0.722238  -0.683157   -0.11052  -0.771012    1.01198 0.00204608 0.856263 0.149188 1.25468 0.160024
1   0.990948  -0.133664  0.0124547 -0.0820122  -0.676232  -0.732109   0.106279   0.724461  -0.681073   -0.10855  -0.774326    1.00968 0.00203327 0.852156 0.144023 1.4234 0.165115
1   0.985611  -0.167714  0.0210484 -0.0990896  -0.674178  -0.731891   0.136939   0.719274  -0.681096  -0.146903   -0.76829    1.00978 0.0019167 0.86037 0.251101 1.35559 0.122359
1   0.985415  -0.168514  0.0236558 -0.0983871  -0.677642  -0.728781    0.13884   0.715825  -0.684338  -0.149597  -0.763189    1.01341 0.00193892 0.86653 0.113426 1.45788 0.114993
1   0.985415  -0.168514  0.0236558 -0.0983871  -0.677642  -0.728781    0.13884   0.715824  -0.684338  -0.149597  -0.763189    1.01341 0.00193891 0.86653 0.313035 1.26094 0.114993
1   0.985415  -0.168514  0.0236558 -0.0983871  -0.677642  -0.728781    0.13884   0.715825  -0.684338  -0.149597  -0.763189    1.01341 0.0019389 0.86653 0.335926 2.72469 0.114993
1   0.986402   -0.16199  0.0277452 -0.0942457  -0.695836   -0.71199   0.134641   0.699694  -0.701641  -0.144854  -0.738548    1.03252 0.0021129 0.897331 0.108345 1.12615 0.100199
