0   0.993878  -0.110465 0.00193766 -0.0731758  -0.671319  -0.737548  0.0827737   0.732891  -0.675292 -0.0782429  -0.785814    1.00317 0.00223576 0.839836 0.13808 0.0958174 0.206445
1  0.981372 -0.189195 0.0333785 -0.107657 -0.685468 -0.720099  0.159119  0.703092 -0.693068 -0.175755 -0.745405   1.02303 0.00204484 0.880903 0.156433 0.18287 0.0759745
0    0.99365  -0.111941  0.0113655 -0.0697836  -0.692353  -0.718177  0.0882627   0.712823  -0.695768 -0.0864636  -0.755612    1.02593 0.00212897 0.868583 0.209237 0.16422 0.179007
1  0.981587 -0.188958 0.0279609 -0.110311 -0.680261 -0.724621  0.155943  0.708194  -0.68858 -0.170638 -0.752846    1.0181 0.00196479 0.870637 0.148822 0.0397981 0.0869171
1   0.985415  -0.168514  0.0236558 -0.0983872  -0.677642  -0.728781    0.13884   0.715825  -0.684338  -0.149596  -0.763189    1.01341 0.00193892 0.86653 0.359746 0.242326 0.114994
0    0.99365  -0.111941  0.0113655 -0.0697836  -0.692353  -0.718177  0.0882627   0.712823  -0.695768 -0.0864636  -0.755612    1.02593 0.00212899 0.868583 0.0992139 0.147774 0.179007
0    0.99365  -0.111941  0.0113655 -0.0697837  -0.692353  -0.718177  0.0882627   0.712823  -0.695768 -0.0864636  -0.755612    1.02593 0.00212899 0.868583 0.330411 0.280626 0.179007
1  0.980569 -0.192946 0.0354384 -0.109092 -0.686463 -0.718935  0.163043  0.701099 -0.694174 -0.180819 -0.742715   1.02422 0.00204674 0.882957 0.188792 0.032964 0.0698184
1   0.990813  -0.134289  0.0159838 -0.0812536  -0.685612  -0.723418   0.108106   0.715473  -0.690225  -0.111225  -0.760668    1.01985 0.00202655 0.868583 0.185527 0.126492 0.152188
1   0.990948  -0.133664  0.0124547 -0.0820121  -0.676232  -0.732109   0.106279   0.724461  -0.681073   -0.10855  -0.774326    1.00968 0.00203328 0.852156 0.0672994 0.0822308 0.165115
1  0.975578 -0.215941 0.0402215 -0.121786 -0.684146 -0.719105  0.182802  0.696644 -0.693736 -0.205212 -0.737609   1.02374 0.00219932 0.887064 0.063951 0.0619291 0.0554381
1   0.990865  -0.133981  0.0153388 -0.0814349  -0.685128  -0.723856   0.107492   0.715995   -0.68978  -0.110391  -0.761451    1.01935 0.00197599 0.864476 0.189264 0.102023 0.153517
0    0.997567  -0.0697166 0.000649747  -0.0474112   -0.685175   -0.726834   0.0511175    0.725034   -0.686813  -0.0407691    -0.77255      1.0158 0.00235375 0.841889 0.286777 0.179727 0.245697
0   0.994523  -0.104491  0.0024493 -0.0685919  -0.670168  -0.739034  0.0788637   0.734818  -0.673664 -0.0740588  -0.788432    1.00136 0.0023275 0.843943 0.0771353 0.175049 0.214155
0    0.99365  -0.111941  0.0113655 -0.0697836  -0.692353  -0.718177  0.0882626   0.712823  -0.695768 -0.0864635  -0.755612    1.02593 0.002129 0.868583 0.183552 0.194051 0.179007
0    0.997567  -0.0697167 0.000649736  -0.0474113   -0.685175   -0.726833   0.0511176    0.725034   -0.686813  -0.0407692    -0.77255      1.0158 0.00235377 0.841889 0.145678 0.0553268 0.245697
0   0.991162  -0.132065  0.0125018 -0.0809549   -0.67684  -0.731665   0.105089   0.724187  -0.681549  -0.107135  -0.773798     1.0102 0.0019805 0.850103 0.186377 0.144475 0.166322
1  0.974081 -0.221678 0.0449891  -0.12501 -0.693339 -0.709685  0.188515  0.685667 -0.703081 -0.212237 -0.721543     1.034 0.00220721 0.897331 0.108853 0.0685779 0.039405
1   0.990115  -0.138976  0.0189382 -0.0837862  -0.694325  -0.714768   0.112485   0.706115  -0.699105   -0.11644  -0.746799    1.02972 0.00215664 0.887064 0.19041 0.0834404 0.137397
1  0.981274  -0.18893 0.0375114 -0.105878 -0.691743  -0.71434  0.160908  0.696991 -0.698793 -0.178622   -0.7363   1.02932 0.00216881 0.899384 0.0595678 0.0595357 0.0656615
1   0.985488  -0.168173  0.0230564 -0.0984356  -0.676844  -0.729515   0.138291   0.716659  -0.683576  -0.148833  -0.764409    1.01255 0.00192614 0.864476 0.294752 0.134236 0.116856
1   0.990681  -0.135207  0.0164339 -0.0819012  -0.687771  -0.721293   0.108827   0.713225  -0.692435  -0.112074  -0.757357    1.02232 0.00202668 0.870637 0.0656909 0.0687616 0.148863
1  0.981274  -0.18893 0.0375114 -0.105878 -0.691743  -0.71434  0.160908  0.696991 -0.698793 -0.178622   -0.7363   1.02932 0.00216879 0.899384 -0.00527698 0.0522029 0.0656615
1   0.990948  -0.133664  0.0124547 -0.0820121  -0.676232  -0.732109   0.106279   0.724461  -0.681073   -0.10855  -0.774325    1.00968 0.00203326 0.852156 0.11398 0.0952266 0.165115
1   0.985842  -0.166325  0.0212537 -0.0977849  -0.673247  -0.732924   0.136213   0.720468  -0.679979  -0.146224  -0.770048    1.00852 0.00190923 0.858316 0.30976 0.0705282 0.125064
0   0.993661  -0.111753  0.0122352 -0.0692126  -0.693884  -0.716752  0.0885888   0.711362   -0.69722  -0.087005  -0.753435    1.02756 0.00213359 0.870637 0.243448 0.0921485 0.177563
1   0.986402   -0.16199  0.0277453 -0.0942456  -0.695837   -0.71199   0.134641   0.699693  -0.701642  -0.144854  -0.738548    1.03252 0.00211289 0.897331 0.110671 0.0974676 0.100199
1  0.981336 -0.189254 0.0340826 -0.107602 -0.687312 -0.718349  0.159376  0.701274 -0.694848 -0.176098 -0.742688   1.02499 0.00206783 0.88501 0.171701 0.0941093 0.0729445
1   0.985415  -0.168514  0.0236558 -0.0983871  -0.677642  -0.728781    0.13884   0.715824  -0.684338  -0.149597  -0.763189    1.01341 0.0019389 0.86653 0.170247 0.112686 0.114993
1   0.985657  -0.167462  0.0209181 -0.0989781  -0.674014  -0.732058   0.136691   0.719487  -0.680921  -0.146607  -0.768598    1.00959 0.00192098 0.86037 0.289622 0.275956 0.122939
0   0.991162  -0.132065  0.0125018 -0.0809549   -0.67684  -0.731665   0.105089   0.724187  -0.681549  -0.107135  -0.773798     1.0102 0.00198047 0.850103 0.262647 0.19936 0.166322
1   0.985408  -0.168535  0.0238066 -0.0982786   -0.67758  -0.728853   0.138968   0.715878  -0.684256  -0.149805  -0.763274    1.01331 0.00193607 0.86653 0.208001 0.227841 0.114953
0   0.994157  -0.107552 0.00916627 -0.0667272  -0.679093  -0.731013  0.0848467    0.72613  -0.682302 -0.0826884  -0.775519    1.01106 0.00213061 0.852156 -0.0404346 0.0294099 0.196244
1  0.981281 -0.188889  0.037523 -0.105814 -0.691632 -0.714457  0.160905  0.697112 -0.698673 -0.178628 -0.736476   1.02919 0.00217025 0.899384 0.0430519 0.0685615 0.0658332
0   0.993564  -0.112592  0.0124289 -0.0697017  -0.694168  -0.716431  0.0892918   0.710953  -0.697548 -0.0878475  -0.752841    1.02792 0.00211673 0.870637 0.203956 0.0677664 0.176183
0   0.993543  -0.112769   0.012456 -0.0698238  -0.694297  -0.716293  0.0894238   0.710798  -0.697688 -0.0879938  -0.752628    1.02808 0.0021191 0.870637 0.165526 0.169598 0.175874
1   0.990948  -0.133664  0.0124547 -0.0820122  -0.676232  -0.732109   0.106279   0.724461  -0.681073   -0.10855  -0.774325    1.00968 0.00203326 0.852156 0.261379 0.0809651 0.165115
0   0.991162  -0.132065  0.0125018 -0.0809549   -0.67684  -0.731665   0.105089   0.724187  -0.681549  -0.107135  -0.773798     1.0102 0.0019805 0.850103 0.315501 0.380359 0.166322
1   0.990948  -0.133664  0.0124547 -0.0820122  -0.676232  -0.732109   0.106279   0.724461  -0.681073   -0.10855  -0.774326    1.00968 0.00203329 0.852156 0.0536203 0.0874987 0.165115
1   0.990618  -0.136073  0.0126634 -0.0837209  -0.677497  -0.730745   0.108014   0.722829  -0.682533  -0.110459  -0.771913     1.0113 0.00202886 0.854209 0.17534 0.169841 0.160775
1   0.990466  -0.136818  0.0160761 -0.0828505  -0.684844  -0.723964   0.110061    0.71573   -0.68965  -0.113462  -0.761248    1.01922 0.00202724 0.86653 0.173617 0.0779993 0.149799
0   0.993518  -0.112985   0.012468 -0.0699867  -0.694443  -0.716136  0.0895711   0.710622  -0.697849 -0.0881485  -0.752366    1.02825 0.00211581 0.870637 0.128938 0.245644 0.175521
1  0.981062 -0.190061 0.0373478  -0.10653 -0.690478 -0.715466   0.16177  0.697938 -0.697649 -0.179733  -0.73782   1.02805 0.00201416 0.887064 0.309888 0.104109 0.0661444
1   0.990761  -0.134612  0.0164812 -0.0812036  -0.686176  -0.722889   0.108619   0.714872  -0.690767  -0.111932  -0.759805    1.02045 0.0020175 0.868583 0.265934 0.138298 0.150892
1   0.986333  -0.162362  0.0280381 -0.0943247  -0.695945  -0.711873   0.135094   0.699499  -0.701748   -0.14546  -0.738283    1.03264 0.00210678 0.897331 0.150049 0.0715644 0.0994221
1   0.990639  -0.135425   0.017174 -0.0817354    -0.6892  -0.719946   0.109335   0.711803  -0.693818  -0.112745  -0.755176    1.02385 0.00209296 0.876797 0.14144 0.0560939 0.146835
0   0.993878  -0.110465  0.0019377 -0.0731757  -0.671319  -0.737548  0.0827737   0.732891  -0.675292 -0.0782429  -0.785814    1.00317 0.00223572 0.839836 0.214255 0.0879772 0.206445
0   0.994608  -0.103542 0.00578807 -0.0657506  -0.672785  -0.736911  0.0801951   0.732557  -0.675965 -0.0765363  -0.785034    1.00396 0.00221005 0.843943 0.105082 0.0967496 0.20988
1   0.985484  -0.168407  0.0214366 -0.0992689  -0.674073  -0.731964   0.137718   0.719211  -0.681006  -0.147927  -0.768238    1.00967 0.00191366 0.86037 0.351933 0.1953 0.121517
0   0.994207  -0.106989  0.0102982 -0.0656133  -0.680008  -0.730263  0.0851332   0.725357  -0.683088 -0.0833601  -0.774328    1.01193 0.00210029 0.852156 0.101962 0.0456991 0.195132
1  0.981327 -0.188725 0.0371445 -0.105745 -0.690658 -0.715409   0.16067  0.698123 -0.697718 -0.178258 -0.737942   1.02815 0.00218492 0.899384 0.138116 0.0680178 0.0674189
1   0.985415  -0.168514  0.0236558 -0.0983872  -0.677642  -0.728781    0.13884   0.715824  -0.684338  -0.149597  -0.763189    1.01341 0.00193891 0.86653 0.0993859 0.209885 0.114993
1   0.986333  -0.162362  0.0280381 -0.0943246  -0.695945  -0.711873   0.135094   0.699499  -0.701748   -0.14546  -0.738283    1.03264 0.00210679 0.897331 0.204285 0.0779344 0.0994221
1   0.986402   -0.16199  0.0277453 -0.0942457  -0.695836   -0.71199   0.134641   0.699693  -0.701642  -0.144854  -0.738548    1.03252 0.0021129 0.897331 0.0938198 0.0617418 0.100199
1   0.985441  -0.168333  0.0238845 -0.0981277  -0.677834  -0.728637   0.138844   0.715685  -0.684484   -0.14969  -0.762978    1.01356 0.00193049 0.86653 0.158795 0.0969531 0.114768
1   0.986065  -0.164875  0.0221863 -0.0963892  -0.674918   -0.73157   0.135591   0.719237  -0.681405  -0.145703  -0.768128    1.01013 0.00191166 0.86037 0.233843 0.0776389 0.123662
1  0.981065 -0.190123 0.0369326 -0.106941 -0.690752  -0.71514  0.161476   0.69765 -0.698005 -0.179106 -0.737363   1.02845 0.0021737 0.897331 0.140096 0.172667 0.0659896
1   0.990948  -0.133664  0.0124547 -0.0820121  -0.676232  -0.732109   0.106279   0.724461  -0.681073   -0.10855  -0.774326    1.00968 0.00203328 0.852156 0.119422 0.140403 0.165115
1   0.990948  -0.133664  0.0124547 -0.0820121  -0.676232  -0.732109   0.106279   0.724461  -0.681073   -0.10855  -0.774326    1.00968 0.00203328 0.852156 0.261274 0.0848333 0.165115
0    0.99415  -0.107991 0.00164541 -0.0715517  -0.669953  -0.738947  0.0809021   0.734507  -0.673762  -0.076075  -0.788185    1.00144 0.00223524 0.835729 0.075055 0.131926 0.211009
0   0.994523  -0.104491 0.00244926  -0.068592  -0.670168  -0.739033  0.0788636   0.734818  -0.673664 -0.0740587  -0.788432    1.00136 0.0023275 0.843943 0.0919781 0.140757 0.214155
1   0.985408  -0.168535  0.0238067 -0.0982786   -0.67758  -0.728853   0.138968   0.715878  -0.684256  -0.149805  -0.763274    1.01331 0.00193606 0.86653 0.209136 0.224946 0.114953
0   0.993564  -0.112592  0.0124289 -0.0697017  -0.694168  -0.716431  0.0892918   0.710953  -0.697548 -0.0878476  -0.752841    1.02792 0.00211675 0.870637 0.193105 0.0781438 0.176183
0   0.993887  -0.110387 0.00177118 -0.0732354  -0.671224  -0.737628  0.0826132   0.732989  -0.675205 -0.0779968  -0.785951    1.00307 0.00221135 0.837782 0.14761 0.112397 0.206781
0     0.99759  -0.0693783 0.000829018  -0.0471446   -0.686561   -0.725542    0.050906    0.723754   -0.688177  -0.0405496    -0.77065     1.01731 0.00237096 0.843943 0.0959269 0.0883725 0.245064
1   0.985408  -0.168535  0.0238067 -0.0982785   -0.67758  -0.728853   0.138968   0.715878  -0.684256  -0.149805  -0.763274    1.01331 0.00193607 0.86653 0.180631 0.141939 0.114953
0   0.993904  -0.110238 0.00176963 -0.0730398  -0.670377  -0.738418  0.0825883   0.733787  -0.674341 -0.0780314  -0.787155     1.0021 0.00222013 0.837782 0.0696682 0.137627 0.207806
1  0.982729 -0.182882 0.0282302 -0.105317 -0.678195 -0.727296  0.152155  0.711763 -0.685743 -0.166744 -0.757984   1.01493 0.00195566 0.86653 0.279774 0.108299 0.0960202
0   0.992603  -0.121282 0.00538107 -0.0799835  -0.686664  -0.722561  0.0913288   0.716787  -0.691286 -0.0880679  -0.762003     1.0209 0.00220421 0.854209 0.148571 0.0647578 0.177178
0   0.993641  -0.111933  0.0121589 -0.0690363  -0.691004  -0.719546  0.0889428   0.714132  -0.694338 -0.0875368  -0.757522     1.0244 0.00214948 0.870637 0.18549 0.203594 0.17911
1  0.990619 -0.136072 0.0125611 -0.083785 -0.677426 -0.730803  0.107951  0.722896 -0.682472  -0.11036 -0.772013   1.01123 0.00203147 0.854209 0.158157 0.14075 0.160934
1   0.985657  -0.167462  0.0209181 -0.0989781  -0.674014  -0.732058   0.136691   0.719487  -0.680922  -0.146607  -0.768598    1.00959 0.001921 0.86037 0.0908867 0.157008 0.122939
1   0.985408  -0.168535  0.0238067 -0.0982785   -0.67758  -0.728853   0.138968   0.715878  -0.684256  -0.149805  -0.763274    1.01331 0.00193605 0.86653 0.184381 0.153225 0.114953
1  0.980314 -0.194207 0.0356124 -0.109538 -0.684998 -0.720263  0.164275  0.702183 -0.692786 -0.182366 -0.744429   1.02269 0.00204762 0.880903 0.0866507 0.0648173 0.0707873
1   0.986402   -0.16199  0.0277453 -0.0942456  -0.695836   -0.71199   0.134641   0.699693  -0.701642  -0.144854  -0.738548    1.03252 0.00211289 0.897331 0.225422 0.0775524 0.100199
1   0.985744  -0.166682    0.02295 -0.0967093  -0.672909  -0.733376   0.137684   0.720702  -0.679435  -0.148485   -0.77044    1.00792 0.00186279 0.856263 0.335605 0.0485224 0.124112
0   0.993543  -0.112769  0.0124561 -0.0698238  -0.694297  -0.716293  0.0894239   0.710798  -0.697688 -0.0879939  -0.752627    1.02808 0.00211908 0.870637 -0.00125869 0.0421278 0.175874
1   0.985657  -0.167462  0.0209181 -0.0989781  -0.674014  -0.732058   0.136691   0.719487  -0.680922  -0.146607  -0.768598    1.00959 0.00192098 0.86037 0.162196 0.0820448 0.122939
1  0.990865 -0.133981 0.0153388 -0.081435 -0.685128 -0.723856  0.107492  0.715995  -0.68978 -0.110391 -0.761451   1.01935 0.00197602 0.864476 0.152265 0.0384135 0.153517
0    0.999739  -0.0106687  -0.0202078  -0.0221567   -0.668933   -0.742992 -0.00559085    0.743246   -0.668995   0.0319044   -0.798058    0.995649 0.00279946 0.784394 0.0688857 0.0612077 0.348982
1     0.9853  -0.169312  0.0227425 -0.0990127  -0.674471  -0.731632   0.139213   0.718625  -0.681321  -0.149977  -0.767415    1.01002 0.00188767 0.86037 0.293742 0.0582262 0.119168
1  0.981327 -0.188725 0.0371445 -0.105745 -0.690657 -0.715409   0.16067  0.698123 -0.697718 -0.178258 -0.737942   1.02815 0.0021849 0.899384 0.254878 0.0938433 0.0674189
1   0.985426  -0.168435  0.0237744 -0.0982522  -0.677685  -0.728759    0.13886   0.715802  -0.684357   -0.14969  -0.763168    1.01342 0.00193521 0.86653 0.111443 0.0520597 0.114935
0   0.991164  -0.132103  0.0119655 -0.0812457  -0.675928  -0.732476    0.10485   0.725031  -0.680688  -0.106752  -0.775068    1.00923 0.00200055 0.850103 0.216316 0.0549072 0.167679
1  0.981336 -0.189254 0.0340825 -0.107602 -0.687312 -0.718349  0.159376  0.701274 -0.694848 -0.176098 -0.742688   1.02499 0.00206778 0.88501 0.176236 0.178087 0.0729446
0   0.991162  -0.132065  0.0125018 -0.0809548   -0.67684  -0.731665   0.105089   0.724187  -0.681549  -0.107135  -0.773799     1.0102 0.0019805 0.850103 0.162836 0.0937279 0.166322
0   0.991087  -0.132638  0.0124033 -0.0813513  -0.676329  -0.732094   0.105492    0.72456  -0.681091  -0.107663  -0.774386     1.0097 0.0020161 0.852156 0.127051 0.175824 0.166224
1    0.99061  -0.135638  0.0171468 -0.0818904  -0.689098  -0.720026   0.109478   0.711861  -0.693735  -0.112912  -0.755271    1.02376 0.00206021 0.874743 0.118544 0.0655156 0.146674
1   0.985385   -0.16879  0.0229428 -0.0985317  -0.674654  -0.731528   0.138953   0.718576  -0.681425  -0.149733   -0.76732    1.01013 0.00188643 0.86037 0.195498 0.170399 0.119343
1   0.990813  -0.134289  0.0159838 -0.0812536  -0.685612  -0.723418   0.108106   0.715473  -0.690225  -0.111225  -0.760668    1.01985 0.00202652 0.868583 0.321076 0.167898 0.152188
1    0.9755 -0.215975 0.0418878 -0.121623 -0.688081 -0.715368  0.183324  0.692747 -0.697491 -0.205947 -0.731755   1.02788 0.00220402 0.893224 0.152168 0.242585 0.0484406
1  0.981062 -0.190061 0.0373479  -0.10653 -0.690478 -0.715466   0.16177  0.697937 -0.697649 -0.179733  -0.73782   1.02805 0.00201416 0.887064 0.0657266 0.0776496 0.0661443
0    0.99365  -0.111941  0.0113655 -0.0697836  -0.692353  -0.718177  0.0882626   0.712823  -0.695768 -0.0864635  -0.755612    1.02593 0.00212897 0.868583 0.131473 0.156907 0.179007
1   0.990115  -0.138976  0.0189381 -0.0837863  -0.694325  -0.714768   0.112485   0.706115  -0.699105   -0.11644  -0.746799    1.02972 0.00215665 0.887064 0.206405 0.127147 0.137397
0    0.99365  -0.111941  0.0113655 -0.0697837  -0.692353  -0.718177  0.0882627   0.712823  -0.695768 -0.0864636  -0.755612    1.02593 0.00212896 0.868583 0.152947 0.0761734 0.179007
1   0.990948  -0.133664  0.0124547 -0.0820122  -0.676232  -0.732109   0.106279   0.724461  -0.681074   -0.10855  -0.774325    1.00968 0.00203327 0.852156 0.106428 0.0749307 0.165115
1   0.985415  -0.168514  0.0236558 -0.0983872  -0.677642  -0.728781    0.13884   0.715825  -0.684338  -0.149597  -0.763189    1.01341 0.0019389 0.86653 0.116506 0.234355 0.114993
1   0.986402   -0.16199  0.0277453 -0.0942457  -0.695836   -0.71199   0.134641   0.699693  -0.701642  -0.144854  -0.738548    1.03252 0.00211288 0.897331 0.225541 0.130996 0.100199
1   0.985657  -0.167462  0.0209182 -0.0989781  -0.674014  -0.732058   0.136691   0.719487  -0.680922  -0.146607  -0.768598    1.00959 0.00192098 0.86037 0.129167 0.187702 0.122939
1   0.990948  -0.133664  0.0124547 -0.0820122  -0.676232  -0.732109   0.106279   0.724461  -0.681073   -0.10855  -0.774326    1.00968 0.00203327 0.852156 0.167496 0.104738 0.165115
1   0.985415  -0.168514  0.0236558 -0.0983872  -0.677642  -0.728781    0.13884   0.715824  -0.684338  -0.149597  -0.763189    1.01341 0.00193891 0.86653 0.285943 0.169951 0.114993
1   0.986333  -0.162362  0.0280381 -0.0943247  -0.695945  -0.711873   0.135094   0.699499  -0.701748   -0.14546  -0.738283    1.03264 0.00210679 0.897331 0.210493 0.0647738 0.0994221
1   0.991051  -0.132897  0.0125268 -0.0815391  -0.677006  -0.731447   0.105688   0.723879  -0.681784  -0.107882  -0.773368    1.01047 0.00200167 0.852156 0.244551 0.0646769 0.1651
1   0.990639  -0.135424   0.017174 -0.0817354    -0.6892  -0.719946   0.109335   0.711803  -0.693818  -0.112745  -0.755176    1.02385 0.00209297 0.876797 0.113345 0.0694049 0.146835
1   0.990894  -0.133692  0.0159583 -0.0808701  -0.685736  -0.723344   0.107648   0.715467  -0.690304  -0.110706  -0.760634    1.01994 0.00202364 0.868583 0.061043 0.0519116 0.152816
1  0.981397 -0.189351 0.0317258 -0.108845 -0.684857 -0.720502  0.158156  0.703645 -0.692726 -0.174206 -0.746231   1.02263 0.00206744 0.880903 0.0665046 0.176945 0.0775935
1   0.985657  -0.167462  0.0209181 -0.0989781  -0.674014  -0.732058   0.136691   0.719487  -0.680922  -0.146607  -0.768598    1.00959 0.00192097 0.86037 0.222854 0.178509 0.122939
1   0.985408  -0.168535  0.0238067 -0.0982785   -0.67758  -0.728853   0.138968   0.715878  -0.684256  -0.149805  -0.763274    1.01331 0.00193605 0.86653 0.0595485 0.227754 0.114953
0    0.99365  -0.111941  0.0113655 -0.0697836  -0.692353  -0.718177  0.0882627   0.712823  -0.695768 -0.0864636  -0.755612    1.02593 0.00212896 0.868583 0.242003 0.27807 0.179007
1   0.990948  -0.133664  0.0124547 -0.0820122  -0.676232  -0.732109   0.106279   0.724461  -0.681073   -0.10855  -0.774325    1.00968 0.00203325 0.852156 0.266532 0.173501 0.165115
1  0.981283 -0.189007 0.0368849 -0.106054 -0.690281 -0.715727  0.160739  0.698419 -0.697405 -0.178286 -0.738407   1.02781 0.00219734 0.899384 0.229818 0.106589 0.0677414
1   0.985374  -0.168432  0.0258714 -0.0982954  -0.685816  -0.721106   0.139201   0.708016  -0.692341  -0.149976  -0.751374    1.02231 0.00211456 0.887064 0.254161 0.0840727 0.103307
1   0.986402   -0.16199  0.0277453 -0.0942456  -0.695836   -0.71199   0.134641   0.699693  -0.701641  -0.144854  -0.738548    1.03252 0.00211289 0.897331 0.0678501 0.138041 0.100199
1   0.990948  -0.133664  0.0124547 -0.0820122  -0.676232  -0.732109   0.106279   0.724461  -0.681073   -0.10855  -0.774325    1.00968 0.00203327 0.852156 0.154518 0.0838385 0.165115
1   0.985657  -0.167462  0.0209181 -0.0989781  -0.674014  -0.732058   0.136691   0.719487  -0.680922  -0.146607  -0.768598    1.00959 0.00192097 0.86037 0.191298 0.104207 0.122939
1   0.990307  -0.138338  0.0124687 -0.0857566  -0.679567  -0.728583   0.109264   0.720452  -0.684844   -0.11169  -0.768391    1.01388 0.00207967 0.86037 0.187428 0.08099 0.156104
1   0.985657  -0.167462  0.0209181 -0.0989781  -0.674014  -0.732058   0.136691   0.719487  -0.680922  -0.146607  -0.768598    1.00959 0.00192099 0.86037 0.121621 0.0900182 0.122939
0   0.991162  -0.132064  0.0125018 -0.0809548   -0.67684  -0.731665   0.105089   0.724187  -0.681549  -0.107135  -0.773799     1.0102 0.00198047 0.850103 0.298309 0.182577 0.166322
1   0.96914 -0.240284 0.0550534 -0.131625 -0.693237 -0.708589  0.208428  0.679475 -0.703471 -0.238712 -0.713739   1.03432 0.0024541 0.897331 0.159471 0.128937 0.0536805
1   0.986021  -0.164258  0.0279646 -0.0952061  -0.693148   -0.71448   0.136743    0.70183  -0.699097  -0.147506  -0.741865    1.02973 0.00210687 0.895277 0.110887 0.0328426 0.0993012
