1   0.986549  -0.160888  0.0289032 -0.0928775  -0.697214  -0.710821   0.134514   0.698575  -0.702779  -0.144938  -0.736805    1.03378 0.00208136 0.897331 0.197601 2.12106 0.0996649
1  0.985342 -0.169416  0.020003 -0.101912 -0.678612 -0.727392  0.136806  0.714691  -0.68593 -0.146255 -0.761583   1.01513 0.00204157 0.870637 0.15778 1.12243 0.11518
1   0.990398  -0.137238  0.0166483 -0.0827211    -0.6848  -0.724021   0.110764   0.715692  -0.689577  -0.114355  -0.761224    1.01916 0.00200356 0.864476 0.255818 1.52905 0.148904
1  0.985429 -0.168361 0.0241605 -0.098229 -0.679305 -0.727252  0.138853  0.714282 -0.685945 -0.149638  -0.76092   1.01521 0.00202672 0.87269 0.12199 1.21958 0.112611
1  0.985083  -0.17025  0.025035  -0.10012 -0.685365 -0.721284  0.139957  0.708018 -0.692187 -0.150627 -0.751506   1.02222 0.00213088 0.887064 0.204058 2.06998 0.102328
1  0.986445 -0.161397 0.0296151 -0.093159 -0.699408 -0.708625  0.135083  0.696261 -0.704963 -0.145688 -0.733566   1.03612 0.00210115 0.897331 0.110992 2.25116 0.0972319
0   0.991238  -0.131335  0.0140568 -0.0788952  -0.674065  -0.734447   0.105933   0.726903   -0.67852  -0.108644  -0.777784    1.00687 0.00203629 0.852156 0.359568 2.61146 0.169004
1   0.990294   -0.13778  0.0182844 -0.0831451  -0.692684  -0.716433   0.111375   0.707959  -0.697416  -0.115108  -0.749492    1.02782 0.00212832 0.882957 0.156459 1.20496 0.140502
1  0.985684  -0.16726 0.0212421  -0.09907 -0.676508 -0.729741  0.136427  0.717189 -0.683394 -0.146094 -0.765165   1.01231 0.00191322 0.86037 0.231072 1.29308 0.119586
1   0.990119  -0.139634    0.01295 -0.0856647  -0.675367   -0.73249   0.111026   0.724142  -0.680655  -0.114091  -0.773821    1.00924 0.00206144 0.86037 0.0543816 1.09989 0.158607
1   0.985507  -0.167839  0.0246147 -0.0977884  -0.680665  -0.726039   0.138612    0.71311  -0.687213  -0.149413  -0.759168    1.01657 0.00201456 0.87269 0.142586 1.32592 0.111144
1   0.986364  -0.162733  0.0245585 -0.0939309  -0.679191  -0.727926   0.135138   0.715694  -0.685216  -0.145381    -0.7626     1.0144 0.00217358 0.880903 0.108196 1.27817 0.118796
1     0.9853  -0.169114   0.024163 -0.0983361  -0.677126  -0.729267   0.139691   0.716171  -0.683803  -0.150767  -0.763778    1.01277 0.00191425 0.864476 0.419954 2.1738 0.114754
1   0.990951   -0.13327  0.0159825 -0.0812359  -0.690268  -0.718979    0.10685   0.711174  -0.694848   -0.10966  -0.754284    1.02497 0.00202165 0.870637 0.317568 2.21543 0.149663
1   0.990478  -0.136887  0.0147016 -0.0839468  -0.685128  -0.723569    0.10912   0.715445  -0.690095  -0.112026  -0.760937    1.01966 0.00204152 0.864476 0.217096 1.74214 0.150648
1  0.985492 -0.168796  0.017682  -0.10118 -0.667959 -0.737288  0.136262  0.724803 -0.675347  -0.14563 -0.776551    1.0034 0.00187084 0.852156 0.32096 1.33438 0.132356
0   0.993278  -0.115008  0.0131238  -0.070354   -0.68984  -0.720536  0.0919209   0.714769  -0.693294 -0.0913025  -0.758606    1.02323 0.00206093 0.86653 0.153333 1.12581 0.175208
1  0.984919 -0.169179 0.0362381 -0.105135  -0.75156 -0.651233   0.13741  0.637602 -0.758012  -0.14623 -0.648492   1.09319 0.00264155 0.907598 -0.0665086 1.29217 0.134304
1    0.99048   -0.13676  0.0156791 -0.0833275  -0.686329  -0.722502    0.10957   0.714318  -0.691191  -0.112706  -0.759253    1.02086 0.00202826 0.864476 0.238604 1.28433 0.148969
1   0.987051  -0.156629  0.0345931 -0.0899417  -0.719006   -0.68916   0.132815   0.677125  -0.723783  -0.143304  -0.705585     1.0566 0.00229949 0.907598 0.0029018 1.14136 0.0986449
1  0.986211 -0.162965  0.028826 -0.093979 -0.694846 -0.712992  0.136223  0.700451  -0.70058 -0.146997 -0.740091   1.03132 0.00211367 0.889117 0.226089 1.46193 0.0989938
0   0.993596  -0.112189  0.0134651 -0.0689655   -0.69651  -0.714225   0.089507   0.708723  -0.699786 -0.0882694  -0.749558    1.03039 0.00212988 0.87269 0.0181164 1.2203 0.174521
1   0.990707  -0.135316  0.0137899 -0.0834666  -0.684866  -0.723873   0.107395   0.715995  -0.689796  -0.109899  -0.761579    1.01936 0.00201507 0.864476 0.0659756 1.13017 0.153443
0    0.99106  -0.132892  0.0118132 -0.0819173   -0.67601  -0.732325   0.105306    0.72481  -0.680853    -0.1073  -0.774743    1.00944 0.00198087 0.850103 0.136808 1.76315 0.166717
1   0.985711  -0.167296  0.0196347 -0.0994579  -0.672122  -0.733731   0.135947   0.721294  -0.679157   -0.14555  -0.771162    1.00766 0.00191649 0.86037 0.307135 1.17153 0.126534
1  0.979256 -0.199081 0.0377495 -0.112814 -0.690411 -0.714566   0.16832  0.695485 -0.698548 -0.186908  -0.73475   1.02908 0.00222735 0.895277 0.210201 1.7227 0.0574547
1   0.987197  -0.156163  0.0324777 -0.0894977  -0.710852  -0.697624    0.13203   0.685786  -0.715728  -0.142527  -0.717932    1.04804 0.00220531 0.909651 0.0717722 1.34623 0.0983197
1  0.985576 -0.168036 0.0201023 -0.100332  -0.67583 -0.730197  0.136285  0.717648 -0.682941  -0.14574 -0.765621   1.01187 0.0020711 0.874743 0.170392 1.34062 0.120209
1   0.985919  -0.165707  0.0224553 -0.0965073  -0.673506  -0.732855   0.136563   0.720369  -0.680014  -0.146971  -0.769948    1.00855 0.00186104 0.854209 0.203569 1.22894 0.124655
1   0.986058  -0.165305  0.0190874 -0.0977839  -0.668425  -0.737324   0.134642   0.725177   -0.67527  -0.144142  -0.776942    1.00336 0.00186506 0.852156 0.310301 2.00294 0.134439
1   0.989822  -0.141479  0.0153431 -0.0862089  -0.681908   -0.72634   0.113225   0.717625  -0.687164  -0.117017  -0.764241    1.01648 0.00204361 0.86653 0.239141 1.24415 0.147573
1  0.980886 -0.191599 0.0339326 -0.108819 -0.684722 -0.720634  0.161307  0.703168 -0.692485 -0.178559 -0.745613   1.02238 0.00211758 0.887064 0.133751 2.16492 0.0743518
0   0.994113  -0.108079 0.00763995 -0.0677638  -0.675215  -0.734502  0.0845428    0.72966  -0.678563 -0.0820449  -0.780814    1.00687 0.00205933 0.843943 -0.00562537 1.14289 0.2005
1  0.980615 -0.191705 0.0405367 -0.110188 -0.710583 -0.694932  0.162027  0.676994 -0.717932 -0.179237 -0.706742   1.05029 0.00212831 0.913758 0.0615459 1.44225 0.0528057
1   0.991236  -0.131274  0.0147705 -0.0812701  -0.694139  -0.715238   0.104145    0.70777  -0.698725  -0.106125  -0.749306    1.02916 0.00210008 0.87269 0.210215 1.49678 0.150663
1  0.985467 -0.168423 0.0220916 -0.098995 -0.675122 -0.731034  0.138037  0.718223 -0.681983 -0.148451 -0.766714   1.01078 0.00189894 0.862423 0.252224 2.14443 0.119541
1   0.985296  -0.169212  0.0236603 -0.0987997  -0.677244  -0.729095   0.139395   0.716037  -0.684003  -0.150265  -0.763533    1.01303 0.00193501 0.86653 0.297068 1.27917 0.114768
1   0.990039  -0.139083  0.0218852 -0.0839146  -0.707716  -0.701496   0.113054   0.692672  -0.712338  -0.117115  -0.727183     1.0442 0.00221991 0.895277 0.232754 1.7693 0.129638
0   0.991425   -0.13016  0.0116207 -0.0803104  -0.677035  -0.731556   0.103087    0.72435  -0.681682  -0.104669  -0.773967    1.01034 0.00201721 0.852156 0.0611029 1.45808 0.169023
0   0.990557  -0.136959 0.00625822 -0.0864661  -0.659487  -0.746726   0.106398   0.739134  -0.665102  -0.107744  -0.796067   0.991935 0.00205469 0.841889 0.164842 2.13977 0.18624
1   0.98568 -0.167668 0.0179562 -0.100203 -0.668035 -0.737352  0.135626  0.724994  -0.67527 -0.145011 -0.776659    1.0033 0.00183076 0.852156 0.253712 1.13447 0.133169
1    0.99037  -0.137711   0.014221 -0.0852411  -0.687499  -0.721166   0.109089   0.713009  -0.692617  -0.111723  -0.757279    1.02251 0.0021071 0.870637 0.132524 1.75134 0.148035
1  0.980748 -0.192317 0.0338686 -0.109003 -0.683058 -0.722184  0.162023  0.704589 -0.690871 -0.179518 -0.747841   1.02056 0.00196738 0.874743 0.325915 1.45092 0.0763089
0    0.99113  -0.132365  0.0118702 -0.0815301  -0.676153  -0.732236   0.104948   0.724773  -0.680947  -0.106949  -0.774663    1.00954 0.00200709 0.852156 0.230488 2.36499 0.167109
1   0.986493  -0.162287   0.022254 -0.0952365  -0.678763  -0.728156   0.133276   0.716201   -0.68505  -0.142904  -0.763519    1.01416 0.00188799 0.86037 0.238317 2.03731 0.121355
1   0.989839  -0.141538  0.0136603 -0.0876174  -0.682754  -0.725375   0.111995   0.716808  -0.688218  -0.114978  -0.763055    1.01762 0.00207004 0.864476 0.150841 1.0749 0.148168
1   0.985509  -0.167692  0.0255269 -0.0973171  -0.682231  -0.724631    0.13893   0.711646  -0.688664   -0.14994  -0.757026    1.01813 0.00200502 0.87269 0.295333 1.33272 0.108753
1   0.985376  -0.168676  0.0241454 -0.0989813  -0.681963  -0.724658   0.138699   0.711671  -0.688685   -0.14932  -0.757079    1.01822 0.00203011 0.874743 0.177944 1.40578 0.108871
1  0.985721 -0.167382  0.018353 -0.100228 -0.670817 -0.734819  0.135307  0.722487 -0.678015 -0.144665 -0.773008   1.00639 0.00188605 0.856263 0.361282 2.08423 0.129105
1   0.990992  -0.132821  0.0171414 -0.0796993  -0.687767  -0.721544   0.107625   0.713678  -0.692157  -0.110897  -0.757965      1.022 0.00203727 0.870637 0.128909 1.21867 0.151198
1   0.984774  -0.171023  0.0311536 -0.0986222  -0.697222  -0.710039   0.143154   0.696156  -0.703473  -0.155027  -0.733632     1.0346 0.0021746 0.903491 0.142188 1.09065 0.0858085
1   0.985441  -0.168318   0.023973 -0.0979904  -0.677519  -0.728948   0.138938   0.715987  -0.684149  -0.149852  -0.763377    1.01321 0.00198296 0.870637 0.0789292 1.24154 0.115121
1  0.985328 -0.169689 0.0182945 -0.102169 -0.672307 -0.733188  0.136714  0.720561  -0.67978 -0.145988 -0.770231   1.00832 0.00184225 0.854209 0.304199 1.40885 0.124637
1   0.985341  -0.168967  0.0235388 -0.0985738  -0.676508  -0.729808   0.139238   0.716789  -0.683247  -0.150077  -0.764697    1.01216 0.00190361 0.862423 0.183578 1.40741 0.116189
1  0.983187 -0.180464 0.0278413 -0.103927 -0.678409 -0.727297  0.150139  0.712176 -0.685758 -0.163304 -0.758402   1.01497 0.00199394 0.868583 0.131144 1.24797 0.0987999
1   0.985346  -0.167525  0.0320804 -0.0954281  -0.697323  -0.710376   0.141376   0.696905   -0.70309  -0.153329   -0.73513    1.03407 0.00217436 0.893224 0.128559 1.1762 0.0893569
1     0.9852  -0.169798  0.0234258 -0.0994951  -0.677795  -0.728488   0.139574   0.715376  -0.684658  -0.150337  -0.762472     1.0138 0.00203191 0.874743 0.196188 2.26613 0.113465
1   0.985447  -0.168039  0.0256473 -0.0976779  -0.683264  -0.723609   0.139118   0.710572  -0.689734  -0.150099  -0.755423    1.01936 0.00201423 0.874743 0.127672 1.84074 0.106987
1   0.990913  -0.133307  0.0178783 -0.0802754  -0.692822  -0.716627   0.107918    0.70868  -0.697228  -0.111237  -0.751034    1.02759 0.00210297 0.86653 0.235953 1.13073 0.146349
1   0.986286  -0.163223  0.0244677 -0.0946375   -0.68074  -0.726386   0.135219   0.714109  -0.686851  -0.145465  -0.760386    1.01619 0.0021051 0.876797 0.128907 2.42754 0.116342
0   0.991096   -0.13261   0.011967 -0.0814724  -0.675075  -0.733237   0.105313   0.725733  -0.679868  -0.107375  -0.776129    1.00833 0.00200328 0.850103 0.218467 1.38918 0.167965
1  0.985464 -0.168351 0.0227758 -0.099189 -0.679022 -0.727386  0.137921  0.714554  -0.68585 -0.148266 -0.761335   1.01505 0.00197479 0.868583 0.193313 2.3447 0.113915
1   0.989715  -0.141504  0.0209918 -0.0872066  -0.713131  -0.695585   0.113398     0.6866  -0.718137  -0.117018   -0.71833    1.05053 0.00221102 0.897331 0.157172 1.815 0.127683
1  0.985152 -0.170355  0.021322 -0.100795 -0.674436 -0.731421  0.138981  0.718412 -0.681593  -0.14935 -0.767051   1.01036 0.00192949 0.864476 0.355561 2.1511 0.118896
0   0.993725  -0.111243  0.0116233 -0.0701307  -0.700661   -0.71004   0.087131   0.704769  -0.704066 -0.0845414  -0.743596    1.03515 0.00234074 0.882957 0.107451 1.3951 0.175836
1   0.985859  -0.165396  0.0269524 -0.0963603  -0.691095  -0.716312   0.137101   0.703585  -0.697259  -0.147707  -0.744827    1.02766 0.00213568 0.889117 0.0961527 1.30578 0.100683
1   0.990958  -0.133017  0.0175595 -0.0811025  -0.698112   -0.71138   0.106884   0.703524  -0.702588  -0.109535  -0.742941     1.0335 0.00220948 0.88501 0.0741319 2.1209 0.143962
1  0.985291 -0.169467 0.0219634 -0.101144  -0.68194 -0.724381  0.137737  0.711504  -0.68905 -0.147691 -0.756799   1.01869 0.00211982 0.880903 0.219318 1.7084 0.109451
0   0.990863    -0.1343  0.0124455 -0.0817387   -0.67133  -0.736637   0.107285   0.728889  -0.676174  -0.109854   -0.78093    1.00423 0.00199608 0.845996 0.228968 1.13846 0.169962
1   0.990614  -0.135648  0.0168408 -0.0816254  -0.685871  -0.723131   0.109642   0.714969  -0.690506  -0.113135  -0.760042    1.02018 0.00204299 0.868583 0.22584 2.21431 0.149666
1   0.989832  -0.141213   0.017085 -0.0858485  -0.688843  -0.719809   0.113415   0.711023  -0.693962   -0.11722  -0.754295      1.024 0.0020981 0.874743 0.130547 2.13994 0.140266
1   0.985699   -0.16683  0.0237628 -0.0973494  -0.678845    -0.7278    0.13755   0.715079  -0.685378  -0.148082  -0.762002    1.01454 0.00197145 0.868583 0.0670098 1.96515 0.11518
1   0.985186  -0.169286  0.0274057 -0.0982841   -0.68833  -0.718709   0.140532   0.705368  -0.694771   -0.15168  -0.747832    1.02492 0.00209583 0.880903 0.117069 1.12219 0.0986874
1   0.984949  -0.170838  0.0262613 -0.0995066  -0.684684  -0.722016   0.141328   0.708536  -0.691378  -0.152645  -0.752428    1.02126 0.00207975 0.882957 0.0723197 1.56219 0.101618
1    0.98578  -0.166092  0.0255302 -0.0957375  -0.679958  -0.726974   0.138104   0.714192   -0.68619  -0.149203  -0.760663    1.01549 0.00207074 0.876797 0.240875 1.2763 0.113339
1   0.986557   -0.16076  0.0293578 -0.0930469   -0.70027  -0.707789   0.134342   0.695542  -0.705814  -0.144677  -0.732435    1.03714 0.00215497 0.901437 0.231395 1.23487 0.0977888
1  0.990897 -0.133564 0.0168603 -0.080526 -0.688408  -0.72084  0.107885   0.71292 -0.692897 -0.111074   -0.7569   1.02278 0.0020439 0.870637 0.0342615 1.15907 0.150041
1   0.985359  -0.168017  0.0289522 -0.0969907  -0.692071  -0.715283   0.140217   0.702003  -0.698234  -0.151437  -0.742756    1.02874 0.00212959 0.88501 0.0712113 1.1633 0.095392
1   0.990227  -0.138572  0.0157734 -0.0839384  -0.682465  -0.726083    0.11138   0.717663  -0.687426  -0.114953  -0.764089     1.0168 0.00202241 0.86653 0.132363 1.62639 0.150138
1   0.986203  -0.163692  0.0246833 -0.0955535  -0.684644  -0.722587   0.135181   0.710259  -0.690839  -0.145264  -0.754314    1.02065 0.00210505 0.887064 0.29985 1.42156 0.110816
1   0.985497  -0.167524  0.0270285 -0.0958236  -0.680857  -0.726121   0.140045   0.713001  -0.687035  -0.151756  -0.759032    1.01635 0.00197784 0.870637 0.260005 1.27181 0.109686
1   0.985307  -0.168943  0.0250847 -0.0980778  -0.679909  -0.726708   0.139828    0.71357  -0.686489  -0.150936  -0.759888    1.01579 0.00201171 0.87269 0.313941 1.75117 0.110591
1  0.985319 -0.168959 0.0244869  -0.10178 -0.696492  -0.71031  0.137068  0.697389 -0.703463 -0.146493 -0.735888   1.03446 0.00214718 0.889117 0.0141165 1.16632 0.0945551
1    0.98562  -0.167292  0.0238116 -0.0975763  -0.678514  -0.728078   0.137958   0.715285   -0.68508  -0.148562  -0.762349    1.01422 0.00194801 0.86653 0.236897 1.57136 0.115087
0   0.991577  -0.128594  0.0154446 -0.0770687  -0.681656  -0.727602   0.104093   0.720284  -0.685825  -0.106766  -0.767994    1.01495 0.0020279 0.854209 0.284509 2.17473 0.163229
1   0.985492  -0.168006  0.0240567 -0.0980676  -0.679376  -0.727207   0.138518   0.714298  -0.685996   -0.14919  -0.760931    1.01525 0.00203788 0.87269 0.138583 1.40794 0.113007
1   0.985478  -0.168449  0.0214125 -0.0987559  -0.671145  -0.734719   0.138134   0.721934  -0.678034  -0.148615  -0.772232     1.0064 0.00192181 0.86037 0.167881 1.86161 0.125692
1   0.985728  -0.166604  0.0241706 -0.0962119  -0.675331  -0.731212   0.138146    0.71845  -0.681722  -0.148998  -0.766886    1.01047 0.00189382 0.862423 0.189736 1.40355 0.119979
1   0.985559  -0.167964  0.0214648 -0.0989425  -0.674106  -0.731978   0.137415   0.719284   -0.68099  -0.147591  -0.768319    1.00963 0.00191265 0.86037 0.359247 2.66149 0.121934
1   0.985417  -0.167844    0.02797 -0.0957169  -0.682675  -0.724426   0.140685   0.711184  -0.688785  -0.152468  -0.756278    1.01833 0.00204105 0.876797 0.316208 2.36296 0.106416
0    0.993877   -0.110485 -0.00112577   -0.073525   -0.653728   -0.753149   0.0824755     0.74862   -0.657849  -0.0779319    -0.80918    0.983727 0.00232616 0.833676 0.268575 2.53858 0.228585
1   0.990847  -0.133967  0.0166083 -0.0810184   -0.68857   -0.72063   0.107976   0.712688  -0.693121  -0.111124    -0.7565    1.02308 0.00201664 0.870637 0.0645784 1.46258 0.149581
0    0.99469  -0.102804 0.00486243 -0.0658503  -0.672029  -0.737591  0.0790947   0.733354   -0.67523 -0.0752017  -0.786239    1.00314 0.00221978 0.843943 0.0944303 1.21164 0.21217
1   0.990799  -0.134467  0.0153726 -0.0817821  -0.685327  -0.723629   0.107839   0.715713  -0.690018  -0.110716  -0.761057    1.01969 0.002086 0.870637 0.232406 2.11151 0.152751
0   0.994839   -0.10123 0.00686947 -0.0637641  -0.676436  -0.733736  0.0789227   0.729511    -0.6794 -0.0753221  -0.780391    1.00779 0.00221175 0.848049 0.120006 1.20052 0.208241
1   0.985372  -0.168799  0.0234477 -0.0986355  -0.677092  -0.729259   0.138974   0.716278  -0.683836  -0.149655  -0.763852    1.01285 0.00195159 0.86653 0.142322 1.29306 0.115594
1  0.990331 -0.137989 0.0142883 -0.084095 -0.679051 -0.729258  0.110332  0.721005 -0.684089 -0.113547 -0.769125   1.01306 0.00206598 0.864476 0.291819 2.10735 0.155482
1   0.986019  -0.163719  0.0310163 -0.0962444   -0.71151  -0.696053   0.136026   0.683337   -0.71732  -0.146253  -0.714749    1.04972 0.00219527 0.905544 0.195343 2.19087 0.0912517
1   0.990393  -0.137595  0.0137628 -0.0842822  -0.679549  -0.728773   0.109628   0.720612  -0.684617  -0.112562  -0.768585    1.01363 0.00206232 0.862423 0.0650964 2.49332 0.155889
1   0.990433  -0.137153   0.015202 -0.0836809  -0.684554  -0.724144   0.109725   0.715944  -0.689482  -0.112867  -0.761616    1.01903 0.00201331 0.864476 0.175668 2.2515 0.150386
1   0.985544  -0.167804  0.0233352 -0.0976624  -0.675255  -0.731091   0.138437   0.718243  -0.681881  -0.149201  -0.766635    1.01073 0.00200592 0.870637 0.261264 2.25964 0.119204
1  0.985312  -0.16921 0.0229841 -0.100248 -0.682133 -0.724324  0.138241  0.711381 -0.689077 -0.148446  -0.75663   1.01869 0.00206219 0.876797 0.227208 1.20706 0.108851
1   0.990586  -0.135429  0.0199333 -0.0808378  -0.696258  -0.713225    0.11047     0.7049  -0.700651   -0.11429  -0.745121    1.03142 0.00221655 0.88501 0.163455 1.62585 0.139842
1   0.985942  -0.165229   0.024861 -0.0965139  -0.684617  -0.722485   0.136396   0.709929  -0.690939  -0.146631  -0.753773    1.02081 0.00217557 0.893224 0.0783545 1.05467 0.108903
1   0.985527   -0.16772  0.0246175 -0.0978984  -0.681677  -0.725074   0.138391    0.71217  -0.688231  -0.149097  -0.757761    1.01773 0.00200165 0.87269 0.0712484 1.3271 0.109977
1   0.985514  -0.168155  0.0220231 -0.0990007   -0.67587  -0.730342   0.137695   0.717582  -0.682727  -0.147937  -0.765791     1.0116 0.00191735 0.862423 0.134272 2.16786 0.118886
1   0.985931  -0.165654  0.0223321 -0.0975469  -0.678705  -0.727904   0.135737   0.715485  -0.685315  -0.145678  -0.762713     1.0144 0.00191037 0.86037 0.227141 2.3709 0.117707
1  0.982485 -0.184811 0.0238312  -0.11118 -0.684015 -0.720945  0.149539  0.705668 -0.692582 -0.161155 -0.748924    1.0225 0.00214299 0.87885 -0.040975 1.39515 0.0889914
0   0.991023   -0.13315  0.0119994 -0.0820353  -0.676532  -0.731829   0.105561   0.724275  -0.681382  -0.107633  -0.773972    1.01003 0.00201 0.852156 0.284355 2.22201 0.165705
1   0.985496  -0.167892  0.0247123 -0.0976014  -0.679881  -0.726798   0.138825   0.713845  -0.686406  -0.149767  -0.760265    1.01569 0.00201723 0.87269 0.272314 1.92883 0.112014
1   0.986872   -0.15812  0.0328768 -0.0897826   -0.70635  -0.702146   0.134246   0.689976  -0.711274  -0.145163  -0.724138    1.04306 0.00219538 0.907598 0.230503 1.89336 0.0960224
1   0.986139  -0.162578  0.0331489 -0.0909647   -0.69682  -0.711454   0.138766   0.698577   -0.70195  -0.150917  -0.737014    1.03295 0.00212449 0.897331 0.250658 1.27145 0.0945484
1   0.990462  -0.136688  0.0173405 -0.0824527  -0.688834  -0.720215   0.110389   0.711916  -0.693534  -0.113978  -0.755488    1.02354 0.00202718 0.870637 0.105666 1.85149 0.145488
1   0.990551  -0.136509  0.0131926 -0.0837684  -0.678389  -0.729912   0.108589    0.72191  -0.683414  -0.111224  -0.770585    1.01225 0.00205442 0.856263 0.145722 1.23066 0.158922
0   0.991195  -0.132073 0.00948554 -0.0819252  -0.667965   -0.73967   0.104026    0.73238  -0.672903  -0.105697  -0.786043    1.00057 0.00198652 0.841889 0.163704 1.38016 0.178595
1   0.985713  -0.167218  0.0201878 -0.0987904  -0.671057  -0.734794   0.136418   0.722302   -0.67799  -0.146281  -0.772631    1.00636 0.00191955 0.86037 0.249989 1.33787 0.127821
1   0.985195  -0.169738   0.024078 -0.0990731   -0.67832  -0.728057   0.139911   0.714893  -0.685093  -0.150822  -0.761823    1.01425 0.00201908 0.87269 0.0767694 1.41977 0.112474
1  0.985167 -0.169856 0.0244051 -0.100246 -0.685098  -0.72152  0.139274  0.708371 -0.691963 -0.149678 -0.752129   1.02194 0.00211067 0.882957 0.252179 1.18571 0.10362
1   0.985683  -0.166789  0.0246943 -0.0980486  -0.686163   -0.72081   0.137168   0.708069  -0.692693  -0.147287  -0.751611    1.02256 0.00211243 0.880903 0.276494 2.65505 0.105864
1   0.986149  -0.163752  0.0263826 -0.0959093  -0.692747  -0.714775   0.135322   0.702344  -0.698856  -0.145428  -0.742396    1.02949 0.00210572 0.897331 0.111374 1.10534 0.101454
