1   0.59078  0.797623 -0.121558  0.196029 -0.288045 -0.937338 -0.782657  0.529932 -0.326529   0.94451 -0.604593  0.623984 0.00155585 0.999074 0.0293767 1.53129 0.0122939
1  0.592066  0.796397 -0.123326    0.1938 -0.289242 -0.937433  -0.78224  0.531122 -0.325592  0.944552 -0.605756  0.622791 0.0015549 0.999074 0.117746 2.43037 0.00982135
1  0.591255  0.797148 -0.122361  0.195701 -0.288999 -0.937113  -0.78238  0.530127 -0.326875  0.944269 -0.604599  0.624339 0.00155461 0.999074 0.0377516 2.22144 0.0122356
1  0.591173  0.797212 -0.122342  0.195729 -0.288956  -0.93712 -0.782435  0.530054 -0.326861  0.944329 -0.604527  0.624323 0.00155481 0.999074 0.0316686 1.61461 0.0122365
1  0.592251  0.796236 -0.123478  0.194623 -0.290072 -0.937006 -0.781895  0.530911 -0.326761  0.943952 -0.605289  0.624143 0.0015543 0.999074 0.064075 1.6209 0.0114514
1  0.592078  0.796399 -0.123255   0.19397  -0.28928 -0.937386 -0.782189  0.531098 -0.325754  0.944456 -0.605711  0.622985 0.00155485 0.999074 0.0912879 2.06796 0.0100921
1  0.593464  0.795217 -0.124222  0.192281  -0.28995 -0.937527 -0.781556  0.532503  -0.32498  0.944064 -0.607309  0.622003 0.00155961 0.999074 0.0414576 1.94663 0.0089349
1  0.591139  0.797281 -0.122059  0.195825 -0.288671 -0.937188 -0.782437  0.530106 -0.326772  0.944303 -0.604684  0.624218 0.00155495 0.999074 0.0302431 1.52526 0.0122597
1  0.591931  0.796509 -0.123254  0.193956 -0.289197 -0.937415 -0.782304  0.530979 -0.325673  0.944606 -0.605587  0.622887 0.0015551 0.999074 0.0954439 1.86205 0.00996154
1  0.593465   0.79522 -0.124193  0.192331 -0.289951 -0.937517 -0.781542  0.532498 -0.325021  0.944037 -0.607301  0.622056 0.00155957 0.999074 0.0957932 1.91665 0.00900941
1  0.591055  0.797344 -0.122051  0.195954 -0.288708  -0.93715 -0.782468  0.529991 -0.326885  0.944305 -0.604505  0.624369 0.00155511 0.999074 0.0919858 2.0994 0.0124553
1  0.592371  0.796148 -0.123468  0.194618 -0.290116 -0.936993 -0.781806  0.531019 -0.326801  0.943844 -0.605406  0.624191 0.00155447 0.999074 0.0262678 2.01844 0.0115305
1  0.592251  0.796236 -0.123478  0.194623 -0.290072 -0.937006 -0.781895  0.530911 -0.326761  0.943952 -0.605289  0.624143 0.0015543 0.999074 0.10583 1.88443 0.0114514
1  0.592484  0.796049 -0.123571  0.194485 -0.290202 -0.936994 -0.781753  0.531121  -0.32676  0.943817 -0.605516  0.624135 0.00155462 0.999074 0.113008 1.8693 0.0114301
1  0.592161  0.796369 -0.123051   0.19506 -0.289822 -0.936993 -0.781854  0.530848 -0.326961   0.94378 -0.605273  0.624406 0.00155368 0.999074 0.0548095 2.2666 0.0119733
1  0.592078  0.796399 -0.123255   0.19397  -0.28928 -0.937386 -0.782189  0.531098 -0.325754  0.944456 -0.605711  0.622985 0.00155485 0.999074 0.0713267 1.63822 0.0100922
1  0.591444  0.796967 -0.122625  0.195467 -0.289244 -0.937086 -0.782296  0.530265 -0.326853  0.944225 -0.604717  0.624294 0.00155432 0.999074 0.0775316 1.91435 0.0120345
1  0.591266  0.797132 -0.122414  0.195675 -0.289049 -0.937103 -0.782378  0.530124 -0.326884  0.944273 -0.604585  0.624344 0.00155453 0.999074 0.0678317 1.76742 0.012217
1  0.592089  0.796382 -0.123318  0.193804 -0.289247 -0.937431 -0.782222  0.531143 -0.325601   0.94453  -0.60578  0.622802 0.00155493 0.999074 0.0629258 1.99108 0.0098413
1  0.592066  0.796397 -0.123326    0.1938 -0.289242 -0.937433  -0.78224  0.531122 -0.325592  0.944552 -0.605756  0.622791 0.00155489 0.999074 0.171762 2.48303 0.00982131
1  0.592355  0.796205 -0.123178  0.194102 -0.289415 -0.937317 -0.781946  0.531315 -0.325982  0.944124 -0.605904  0.623265 0.00155564 0.999074 0.131318 2.17979 0.010509
1  0.591255  0.797148 -0.122361  0.195701 -0.288999 -0.937113  -0.78238  0.530127 -0.326875  0.944269 -0.604599  0.624339 0.0015546 0.999074 0.0169881 1.32984 0.0122357
1   0.59251  0.796119 -0.122988  0.194595 -0.289603 -0.937157 -0.781706  0.531342 -0.326514  0.943719  -0.60587  0.623911 0.00155733 0.999074 0.0596899 1.72599 0.0114166
1  0.591437  0.796999 -0.122455  0.195497 -0.289061 -0.937136 -0.782293  0.530318 -0.326773  0.944208 -0.604856  0.624196 0.00155479 0.999074 0.116443 2.78558 0.012002
1  0.591113   0.79728 -0.122187  0.195736 -0.288749 -0.937183 -0.782478  0.530065  -0.32674   0.94438 -0.604597  0.624182 0.00155482 0.999074 0.0598805 1.72158 0.0121501
1  0.591999  0.796487 -0.123069  0.195023 -0.289738 -0.937026 -0.781987  0.530717 -0.326858  0.943947  -0.60513  0.624287 0.00155346 0.999074 0.102069 1.82818 0.0118021
1  0.592517  0.796016 -0.123622  0.194457 -0.290259 -0.936983 -0.781736  0.531139 -0.326774  0.943804 -0.605526  0.624148 0.00155466 0.999074 0.0814669 2.044 0.0114293
1  0.591986   0.79645 -0.123367  0.193761 -0.289226 -0.937446  -0.78231  0.531052 -0.325538  0.944657 -0.605673  0.622723 0.00155508 0.999074 0.100937 2.03897 0.00970754
1  0.592021  0.796426 -0.123359  0.193765 -0.289236 -0.937442 -0.782283  0.531083 -0.325554  0.944615 -0.605709  0.622745 0.00155499 0.999074 0.146808 2.17955 0.00974183
1  0.592089  0.796382 -0.123318  0.193804 -0.289247 -0.937431 -0.782222  0.531143 -0.325601   0.94453  -0.60578  0.622802 0.00155493 0.999074 0.0679127 1.98732 0.00984144
1  0.591916  0.796539 -0.123133  0.194984 -0.289745 -0.937032 -0.782059  0.530636 -0.326817  0.944046 -0.605039  0.624233 0.00155358 0.999074 0.0571176 2.12121 0.0117024
1  0.593311  0.795314 -0.124324  0.192205 -0.289944 -0.937544  -0.78169   0.53236 -0.324891  0.944236 -0.607152  0.621894 0.0015591 0.999074 0.121085 2.4636 0.00866895
1  0.592251  0.796236 -0.123478  0.194623 -0.290072 -0.937006 -0.781895  0.530911 -0.326761  0.943952 -0.605289  0.624143 0.0015543 0.999074 0.0757649 2.20144 0.0114514
1  0.592188  0.796289 -0.123437  0.194663 -0.290019 -0.937014 -0.781933   0.53086 -0.326754  0.943986 -0.605237  0.624138 0.00155413 0.999074 0.0681079 1.41232 0.0114574
1  0.591919  0.796523 -0.123222  0.193984 -0.289173 -0.937416 -0.782306  0.530971  -0.32568  0.944607 -0.605579  0.622895 0.00155522 0.999074 0.0758224 1.95107 0.00998722
1  0.592486  0.796128 -0.123049  0.194367 -0.289508 -0.937233 -0.781781  0.531381 -0.326271  0.943861 -0.605939   0.62362 0.00155739 0.999074 0.133218 2.49038 0.0110274
1  0.592554  0.795993 -0.123591  0.194391 -0.290196 -0.937016 -0.781724  0.531207  -0.32669  0.943797 -0.605624  0.624053 0.00155452 0.999074 0.104158 1.91813 0.0113305
1  0.591305  0.797072 -0.122617  0.195303 -0.289055 -0.937179 -0.782442  0.530211  -0.32659   0.94444  -0.60473  0.623967 0.00155494 0.999074 0.0317294 1.45524 0.0116534
1  0.592052  0.796452 -0.123036  0.195078 -0.289763 -0.937007 -0.781933  0.530755 -0.326925  0.943871 -0.605169  0.624367 0.00155352 0.999074 0.03173 1.64394 0.0119212
1  0.592554  0.795993 -0.123591  0.194391 -0.290196 -0.937016 -0.781724  0.531207  -0.32669  0.943797 -0.605624  0.624053 0.00155452 0.999074 0.0124725 1.32708 0.0113305
1  0.592125  0.796365 -0.123253  0.194783 -0.289853  -0.93704 -0.781951  0.530838 -0.326747  0.943974 -0.605245  0.624144 0.00155398 0.999074 0.0626405 1.48106 0.011542
1  0.592486  0.796128 -0.123049  0.194367 -0.289508 -0.937233 -0.781781  0.531381 -0.326271  0.943861  -0.60594   0.62362 0.00155739 0.999074 0.122842 1.93618 0.0110274
1  0.590791  0.797617 -0.121541   0.19612 -0.288092 -0.937305 -0.782625  0.529915 -0.326631   0.94445 -0.604556  0.624109 0.00155595 0.999074 0.0486137 1.71146 0.0124474
1  0.592078  0.796399 -0.123255   0.19397  -0.28928 -0.937386 -0.782189  0.531098 -0.325754  0.944456 -0.605711  0.622985 0.00155485 0.999074 0.0922623 2.07584 0.010092
1  0.592066  0.796397 -0.123326    0.1938 -0.289242 -0.937433  -0.78224  0.531122 -0.325592  0.944552 -0.605756  0.622791 0.00155489 0.999074 0.0678133 1.50296 0.0098213
1  0.593439  0.795222 -0.124304  0.192194 -0.289975 -0.937537 -0.781595  0.532481 -0.324919  0.944131 -0.607299  0.621923 0.00155979 0.999074 0.0844209 1.7253 0.008793
1  0.592066  0.796397 -0.123326    0.1938 -0.289242 -0.937433  -0.78224  0.531122 -0.325592  0.944552 -0.605756  0.622791 0.0015549 0.999074 0.0374607 1.85695 0.00982126
1  0.592188  0.796289 -0.123437  0.194663 -0.290019 -0.937014 -0.781933   0.53086 -0.326754  0.943986 -0.605237  0.624138 0.00155413 0.999074 0.0557776 1.55782 0.0114575
1  0.591986   0.79645 -0.123367  0.193761 -0.289226 -0.937446  -0.78231  0.531052 -0.325538  0.944657 -0.605673  0.622723 0.00155508 0.999074 0.0694724 1.84361 0.0097076
1  0.591542   0.79687 -0.122786  0.195314 -0.289377 -0.937077  -0.78226  0.530338 -0.326819  0.944214 -0.604783  0.624246 0.00155428 0.999074 0.0552294 1.89941 0.0118919
1  0.592557  0.795991  -0.12359  0.194387 -0.290194 -0.937017 -0.781722  0.531211 -0.326687  0.943796 -0.605627   0.62405 0.00155455 0.999074 0.0460179 2.04619 0.0113268
1  0.592445  0.796141  -0.12316  0.194248 -0.289538 -0.937249 -0.781842  0.531344 -0.326185  0.943961 -0.605888  0.623515 0.00155722 0.999074 0.0717215 1.92894 0.0108319
1  0.592089  0.796382 -0.123318  0.193804 -0.289247 -0.937431 -0.782222  0.531143 -0.325601   0.94453  -0.60578  0.622802 0.00155493 0.999074 0.059332 2.3405 0.00984125
1  0.592486  0.796128 -0.123049  0.194367 -0.289508 -0.937233 -0.781781  0.531381 -0.326271  0.943861 -0.605939   0.62362 0.0015574 0.999074 0.0868443 3.04414 0.0110272
1  0.592486  0.796128 -0.123049  0.194367 -0.289508 -0.937233 -0.781781  0.531381 -0.326271  0.943861 -0.605939   0.62362 0.00155739 0.999074 0.0146582 1.87368 0.0110272
1  0.592009  0.796476  -0.12309  0.195037 -0.289777 -0.937011 -0.781975  0.530712 -0.326893  0.943924 -0.605118  0.624327 0.0015534 0.999074 0.105171 2.15362 0.0118454
1  0.591919  0.796523 -0.123222  0.193984 -0.289173 -0.937416 -0.782306  0.530971  -0.32568  0.944607 -0.605579  0.622895 0.00155521 0.999074 0.0971025 2.04323 0.00998726
1  0.592553  0.795993 -0.123591  0.194391 -0.290196 -0.937016 -0.781724  0.531207  -0.32669  0.943797 -0.605624  0.624053 0.00155453 0.999074 0.0688696 2.10344 0.0113304
1  0.592554  0.795993 -0.123591  0.194391 -0.290196 -0.937016 -0.781724  0.531207  -0.32669  0.943797 -0.605624  0.624053 0.00155452 0.999074 0.0828623 1.77531 0.0113305
1  0.592486  0.796128 -0.123049  0.194367 -0.289508 -0.937233 -0.781781  0.531381 -0.326271  0.943861  -0.60594   0.62362 0.00155739 0.999074 0.106 1.98557 0.0110272
1  0.591978  0.796494 -0.123119  0.195015 -0.289781 -0.937014 -0.782004  0.530682 -0.326873  0.943966 -0.605089    0.6243 0.00155354 0.999074 0.104963 1.85572 0.0117971
1   0.59251  0.796119 -0.122988  0.194595 -0.289603 -0.937157 -0.781706  0.531342 -0.326513  0.943719  -0.60587  0.623911 0.00155733 0.999074 0.109364 2.12945 0.0114165
1  0.591919  0.796523 -0.123222  0.193984 -0.289173 -0.937416 -0.782306  0.530971  -0.32568  0.944607 -0.605579  0.622895 0.00155522 0.999074 0.0246696 1.72911 0.00998718
1  0.592089  0.796382 -0.123318  0.193804 -0.289247 -0.937431 -0.782222  0.531143 -0.325601   0.94453  -0.60578  0.622802 0.00155493 0.999074 0.0692569 2.28024 0.00984133
1  0.592066  0.796397 -0.123326    0.1938 -0.289242 -0.937433  -0.78224  0.531122 -0.325592  0.944551 -0.605756  0.622791 0.0015549 0.999074 0.139538 2.26674 0.00982139
1  0.592439  0.796169 -0.123011  0.194381  -0.28945 -0.937248 -0.781813  0.531351 -0.326242  0.943902 -0.605919  0.623585 0.00155704 0.999074 0.136675 1.85552 0.0109954
1  0.591954  0.796478 -0.123339  0.193772 -0.289184 -0.937457 -0.782331  0.531032 -0.325519  0.944678 -0.605658  0.622703 0.0015551 0.999074 0.0593591 2.19611 0.00969658
1  0.592078  0.796399 -0.123255   0.19397  -0.28928 -0.937386 -0.782189  0.531098 -0.325754  0.944456 -0.605711  0.622985 0.00155485 0.999074 0.0702713 2.473 0.0100921
1  0.592371  0.796148 -0.123468  0.194618 -0.290116 -0.936993 -0.781806  0.531019 -0.326801  0.943844 -0.605406  0.624191 0.00155447 0.999074 0.0631884 1.98007 0.0115305
1  0.592096  0.796391 -0.123222  0.194032 -0.289292  -0.93737  -0.78216  0.531104 -0.325814  0.944402 -0.605711  0.623055 0.00155456 0.999074 0.0762089 1.80423 0.0101987
1  0.592078  0.796399 -0.123255   0.19397  -0.28928 -0.937386 -0.782189  0.531098 -0.325754  0.944456 -0.605711  0.622985 0.00155485 0.999074 0.070126 1.85755 0.0100921
1  0.591986   0.79645 -0.123367  0.193761 -0.289226 -0.937446  -0.78231  0.531052 -0.325538  0.944657 -0.605673  0.622723 0.00155508 0.999074 0.0959742 1.93615 0.00970754
1  0.591464  0.796934 -0.122748  0.195342 -0.289314 -0.937091 -0.782312  0.530277 -0.326793   0.94427 -0.604724  0.624218 0.00155438 0.999074 0.0928216 2.67701 0.0118794
1  0.592484  0.796049 -0.123571  0.194485 -0.290202 -0.936994 -0.781753  0.531121  -0.32676  0.943817 -0.605516  0.624135 0.00155462 0.999074 0.137704 2.34423 0.0114301
1   0.59201  0.796476  -0.12309  0.195037 -0.289777 -0.937011 -0.781975  0.530712 -0.326893  0.943924 -0.605118  0.624327 0.0015534 0.999074 0.1208 2.01479 0.0118454
1  0.592371  0.796148 -0.123468  0.194618 -0.290116 -0.936993 -0.781806  0.531019 -0.326801  0.943844 -0.605406   0.62419 0.00155447 0.999074 0.12497 1.94158 0.0115305
1  0.592371  0.796148 -0.123468  0.194618 -0.290116 -0.936993 -0.781806  0.531019 -0.326801  0.943844 -0.605406  0.624191 0.00155447 0.999074 0.0447127 1.83853 0.0115305
1  0.592553  0.795993 -0.123591  0.194391 -0.290196 -0.937016 -0.781724  0.531207  -0.32669  0.943797 -0.605624  0.624053 0.00155452 0.999074 0.0342911 1.36443 0.0113305
1  0.591794   0.79662 -0.123193  0.194091  -0.28915 -0.937401 -0.782374  0.530838 -0.325734  0.944721 -0.605388  0.622949 0.00155675 0.999074 0.101547 1.97669 0.0100556
1  0.592052  0.796452 -0.123036  0.195078 -0.289763 -0.937007 -0.781933  0.530755 -0.326925  0.943871 -0.605169  0.624367 0.00155352 0.999074 0.0902655 2.15306 0.0119212
1  0.592486  0.796128 -0.123049  0.194367 -0.289508 -0.937233 -0.781781  0.531381 -0.326271  0.943861 -0.605939   0.62362 0.00155739 0.999074 0.0633176 1.84038 0.0110272
1  0.591982  0.796496 -0.123092  0.195031 -0.289762 -0.937017 -0.781997  0.530691 -0.326875  0.943954 -0.605097  0.624305 0.00155343 0.999074 0.0540651 2.15823 0.0118158
1  0.591275  0.797119  -0.12245  0.195653 -0.289081 -0.937098 -0.782377  0.530125 -0.326885  0.944278 -0.604579  0.624342 0.00155448 0.999074 0.112121 2.04778 0.0121965
1  0.592044   0.79641 -0.123351  0.193769  -0.28924  -0.93744 -0.782264  0.531104 -0.325563  0.944593 -0.605733  0.622756 0.00155503 0.999074 0.0745646 1.66563 0.00976152
1  0.591931  0.796509 -0.123253  0.193956 -0.289197 -0.937414 -0.782304  0.530979 -0.325673  0.944605 -0.605587  0.622887 0.0015551 0.999074 0.0282079 1.96616 0.00996161
1  0.591954  0.796478 -0.123339  0.193772 -0.289184 -0.937457 -0.782331  0.531032 -0.325519  0.944678 -0.605658  0.622703 0.0015551 0.999074 0.101071 2.465 0.00969664
1  0.591957  0.796491 -0.123246  0.193957 -0.289202 -0.937413 -0.782284  0.531003  -0.32568  0.944583 -0.605614  0.622896 0.00155515 0.999074 0.08476 1.96235 0.00997769
1  0.592553  0.795993 -0.123591  0.194391 -0.290196 -0.937016 -0.781724  0.531207  -0.32669  0.943797 -0.605624  0.624053 0.00155452 0.999074 0.118852 1.71934 0.0113305
1  0.592078  0.796399 -0.123255   0.19397  -0.28928 -0.937386 -0.782189  0.531098 -0.325754  0.944456 -0.605711  0.622985 0.00155485 0.999074 0.0971931 2.74432 0.010092
1  0.591751  0.796634 -0.123311  0.193962  -0.28918 -0.937419 -0.782438    0.5308 -0.325639  0.944828 -0.605321  0.622833 0.00155673 0.999074 0.132532 1.96704 0.00985316
1  0.591305  0.797072 -0.122617  0.195303 -0.289055 -0.937179 -0.782442  0.530211  -0.32659   0.94444  -0.60473  0.623967 0.00155494 0.999074 0.0512737 1.96975 0.0116535
1  0.592372  0.796204 -0.123104  0.194135 -0.289359 -0.937328 -0.781926  0.531348 -0.325979  0.944093 -0.605951  0.623268 0.0015561 0.999074 0.0664047 2.04352 0.0105527
1  0.591954  0.796478 -0.123339  0.193772 -0.289184 -0.937457 -0.782331  0.531032 -0.325519  0.944678 -0.605658  0.622703 0.0015551 0.999074 0.119269 2.55295 0.00969662
1  0.592251  0.796236 -0.123478  0.194623 -0.290072 -0.937006 -0.781895  0.530911 -0.326761  0.943952 -0.605289  0.624143 0.0015543 0.999074 0.0651 1.9951 0.0114515
1  0.591986   0.79645 -0.123367  0.193761 -0.289226 -0.937446  -0.78231  0.531052 -0.325538  0.944657 -0.605673  0.622723 0.00155508 0.999074 0.0888212 2.50985 0.00970755
1  0.592256  0.796242 -0.123413  0.194671  -0.29003 -0.937009  -0.78188  0.530924 -0.326778  0.943915   -0.6053  0.624171 0.00155427 0.999074 0.105856 1.78643 0.0115153
1  0.591955  0.796515 -0.123096  0.195027 -0.289751 -0.937021 -0.782019  0.530667 -0.326862  0.943983 -0.605078  0.624287 0.00155354 0.999074 0.112888 1.86897 0.0117903
1  0.592052  0.796452 -0.123036  0.195078 -0.289763 -0.937007 -0.781933  0.530755 -0.326925  0.943871 -0.605169  0.624367 0.00155352 0.999074 0.0954372 2.07436 0.0119212
1  0.591082  0.797317   -0.1221  0.195735 -0.288631 -0.937219 -0.782502  0.530074 -0.326667  0.944408 -0.604653  0.624092 0.00155499 0.999074 0.0415414 2.15229 0.012093
1  0.591919  0.796523 -0.123222  0.193984 -0.289173 -0.937416 -0.782306  0.530971 -0.325679  0.944607 -0.605579  0.622895 0.00155521 0.999074 0.0931007 1.89327 0.00998708
1  0.591173  0.797212 -0.122342  0.195729 -0.288956  -0.93712 -0.782435  0.530054 -0.326861  0.944329 -0.604527  0.624323 0.00155481 0.999074 0.129353 2.07236 0.0122365
1  0.592554  0.795993 -0.123591  0.194391 -0.290196 -0.937016 -0.781724  0.531207  -0.32669  0.943797 -0.605624  0.624053 0.00155452 0.999074 0.0788824 1.96862 0.0113305
1  0.592086  0.796421 -0.123073  0.195032 -0.289791 -0.937008 -0.781919  0.530786 -0.326909  0.943847 -0.605205  0.624346 0.00155341 0.999074 0.0871827 1.70185 0.0118844
1  0.590791  0.797617 -0.121541   0.19612 -0.288092 -0.937305 -0.782625  0.529915 -0.326631   0.94445 -0.604556  0.624109 0.00155594 0.999074 0.0709069 1.72184 0.0124473
1  0.590791  0.797617 -0.121541   0.19612 -0.288092 -0.937305 -0.782625  0.529915 -0.326631   0.94445 -0.604556  0.624109 0.00155594 0.999074 0.11834 2.25489 0.0124473
1  0.592089  0.796382 -0.123318  0.193804 -0.289247 -0.937431 -0.782222  0.531143 -0.325601   0.94453  -0.60578  0.622802 0.00155493 0.999074 0.04409 1.80247 0.00984138
1  0.592553  0.795993 -0.123591  0.194391 -0.290196 -0.937016 -0.781724  0.531207  -0.32669  0.943797 -0.605624  0.624053 0.00155452 0.999074 0.180638 1.9506 0.0113305
1  0.592486  0.796128 -0.123049  0.194367 -0.289508 -0.937233 -0.781781  0.531381 -0.326271  0.943861 -0.605939   0.62362 0.00155739 0.999074 0.0541571 1.78222 0.0110272
1  0.591954  0.796478 -0.123339  0.193772 -0.289184 -0.937457 -0.782331  0.531032 -0.325519  0.944678 -0.605658  0.622703 0.0015551 0.999074 0.0854098 2.44255 0.00969664
1  0.592089  0.796382 -0.123318  0.193804 -0.289247 -0.937431 -0.782222  0.531143 -0.325601   0.94453  -0.60578  0.622802 0.00155493 0.999074 0.0345329 1.76043 0.00984136
1  0.592486  0.796128 -0.123049  0.194367 -0.289508 -0.937233 -0.781781  0.531381 -0.326271  0.943861  -0.60594   0.62362 0.00155739 0.999074 0.061622 2.05374 0.0110273
1  0.591082  0.797317   -0.1221  0.195735 -0.288631 -0.937219 -0.782502  0.530074 -0.326667  0.944408 -0.604653  0.624092 0.00155499 0.999074 0.0214488 1.82028 0.0120931
1   0.59251  0.796119 -0.122988  0.194595 -0.289603 -0.937157 -0.781706  0.531342 -0.326514  0.943718  -0.60587  0.623911 0.00155732 0.999074 0.0755596 2.10236 0.0114167
1  0.592486  0.796128 -0.123049  0.194367 -0.289508 -0.937233 -0.781781  0.531381 -0.326271  0.943861  -0.60594   0.62362 0.00155739 0.999074 0.066372 2.18062 0.0110272
1  0.592554  0.795993 -0.123591  0.194391 -0.290196 -0.937016 -0.781724  0.531207  -0.32669  0.943797 -0.605624  0.624053 0.00155452 0.999074 0.0812594 2.27401 0.0113306
1  0.592247  0.796252 -0.123395  0.194707 -0.290029 -0.937002 -0.781878   0.53091 -0.326805  0.943902  -0.60528  0.624204 0.00155423 0.999074 0.131016 2.10162 0.0115653
1  0.591275  0.797119  -0.12245  0.195653 -0.289081 -0.937098 -0.782377  0.530125 -0.326885  0.944278 -0.604579  0.624342 0.00155448 0.999074 0.0751512 2.08155 0.0121965
1   0.59251  0.796119 -0.122988  0.194595 -0.289603 -0.937157 -0.781706  0.531342 -0.326514  0.943719  -0.60587  0.623911 0.00155733 0.999074 0.100615 1.69204 0.0114166
1   0.59251  0.796119 -0.122988  0.194595 -0.289603 -0.937157 -0.781706  0.531342 -0.326514  0.943718  -0.60587  0.623911 0.00155732 0.999074 0.0986301 2.00496 0.0114166
1  0.592044  0.796439 -0.123163  0.194856 -0.289757 -0.937055 -0.781995  0.530778  -0.32674  0.944021 -0.605193  0.624133 0.0015542 0.999074 0.116341 2.27626 0.0115653
