1  0.590443   0.79799 -0.120786  0.195664 -0.286726 -0.937819 -0.783002  0.530095 -0.325433  0.945045 -0.605079  0.622708 0.00155739 0.999074 0.0284148 1.48058 0.0114321
1  0.591756  0.796701 -0.122848  0.192765 -0.287826 -0.938082  -0.78273  0.531435 -0.323899  0.945354 -0.606434  0.620861 0.0015604 0.999074 0.114626 2.37844 0.00797609
1  0.591458  0.797045 -0.122055  0.195496   -0.2886 -0.937279 -0.782278  0.530499 -0.326514  0.944179 -0.605156  0.623952 0.0015556 0.999074 0.037134 2.17679 0.0118911
1  0.591043  0.797252  -0.12271  0.195252 -0.289002 -0.937206 -0.782652   0.52997 -0.326477  0.944718 -0.604408  0.623899 0.0015574 0.999074 0.0300556 1.58481 0.0115279
1  0.592287  0.796221 -0.123402  0.195137 -0.290349 -0.936813  -0.78174  0.530782 -0.327342  0.943643  -0.60506  0.624809 0.00155439 0.999074 0.0640244 1.59083 0.0123606
1  0.591985  0.796384 -0.123802  0.193502 -0.289561 -0.937396 -0.782375  0.530968 -0.325518   0.94478 -0.605476  0.622711 0.00155584 0.999074 0.0907094 2.02428 0.00945201
1  0.593866  0.794845 -0.124678  0.192563 -0.290877 -0.937182 -0.781181  0.532552   -0.3258  0.943599 -0.607151  0.622926 0.00156262 0.999074 0.0396063 1.86653 0.00998406
1   0.59115  0.797225 -0.122369  0.195847 -0.289056 -0.937065 -0.782423   0.52998  -0.32701  0.944279 -0.604481  0.624497 0.00155722 0.999074 0.0288279 1.48161 0.0124413
1  0.591273  0.797066  -0.12281  0.194057 -0.288423 -0.937632 -0.782776  0.530564 -0.325213  0.945143 -0.605253  0.622423 0.00155889 0.999074 0.0932398 1.80397 0.00965264
1  0.593237   0.79534 -0.124516  0.192222 -0.290146 -0.937479 -0.781742  0.532212 -0.325007  0.944308 -0.606905  0.622052 0.00155928 0.999074 0.0959615 1.88671 0.00867581
1  0.590636  0.797734 -0.121533  0.197194 -0.288733 -0.936882 -0.782473   0.52939 -0.327844  0.944036 -0.603738  0.625478 0.00155707 0.999074 0.0908363 2.06295 0.0141976
1  0.592523   0.79613 -0.122857  0.194269 -0.289234 -0.937338 -0.781777  0.531527 -0.326041   0.94391 -0.606192  0.623342 0.00155775 0.999074 0.0242108 1.95327 0.0108101
1  0.592148  0.796189 -0.124274  0.192749 -0.289686 -0.937513 -0.782438  0.531193 -0.325001  0.945013 -0.605727  0.622036 0.001555 0.999074 0.105427 1.84049 0.00842812
1  0.593036  0.795692 -0.123217  0.195421 -0.290693 -0.936647 -0.781102  0.531386 -0.327886  0.942827 -0.605768  0.625315 0.00156746 0.999074 0.105684 1.81107 0.0133027
1  0.592722  0.795896 -0.123412   0.19464 -0.290237 -0.936951 -0.781534  0.531331 -0.326943  0.943483 -0.605812  0.624387 0.00155626 0.999074 0.0532432 2.20843 0.0118624
1  0.592131  0.796388 -0.123072  0.193825 -0.288992 -0.937505 -0.782185  0.531271 -0.325481   0.94447 -0.605951  0.622688 0.00155573 0.999074 0.0708013 1.58003 0.00984398
1  0.591675  0.796845 -0.122308  0.195563  -0.28905 -0.937126 -0.782097  0.530555 -0.326857   0.94398 -0.605104  0.624311 0.0015547 0.999074 0.0773115 1.87547 0.012198
1  0.590965  0.797256 -0.123058  0.194791  -0.28906 -0.937284 -0.782826  0.529931 -0.326123  0.945024 -0.604347  0.623428 0.0015551 0.999074 0.0674876 1.69518 0.0108214
1  0.592445  0.796088   -0.1235   0.19412 -0.289851 -0.937179 -0.781873  0.531253 -0.326258  0.944039 -0.605796  0.623556 0.00155524 0.999074 0.0627374 1.94744 0.0107266
1  0.591849  0.796513 -0.123617  0.193418 -0.289221 -0.937518 -0.782499   0.53096 -0.325235  0.944918 -0.605552   0.62238 0.00155494 0.999074 0.171739 2.43869 0.00914885
1  0.592646  0.796034 -0.122887  0.193982 -0.289134 -0.937428 -0.781756  0.531725 -0.325771  0.943898 -0.606468  0.623039 0.00155763 0.999074 0.13021 2.14272 0.0104819
1  0.591133  0.797226  -0.12244  0.195803 -0.289101  -0.93706 -0.782447  0.529953 -0.326996  0.944351 -0.604356  0.624488 0.00155563 0.999074 0.0163379 1.3002 0.0123934
1  0.592577  0.795991 -0.123489  0.194598 -0.290228 -0.936963 -0.781654  0.531192 -0.326881  0.943677 -0.605512   0.62434 0.001561 0.999074 0.0574695 1.67507 0.0117072
1  0.591575  0.796886  -0.12252  0.195736 -0.289368 -0.936992 -0.782129   0.53032 -0.327162  0.943936 -0.604814   0.62464 0.00155607 0.999074 0.115717 2.73465 0.012527
1  0.590191  0.798101 -0.121279  0.196535 -0.287771 -0.937316 -0.782974   0.52936 -0.326695  0.944874 -0.603915  0.624222 0.00156102 0.999074 0.0561302 1.61469 0.0128601
1  0.591973  0.796517 -0.122994  0.195035 -0.289646 -0.937052 -0.782003  0.530722 -0.326811  0.943966 -0.605154  0.624235 0.00155344 0.999074 0.10208 1.80569 0.0117697
1  0.592679  0.795837 -0.123995  0.194504  -0.29081 -0.936802 -0.781601  0.531105  -0.32715   0.94365 -0.605362  0.624564 0.00155598 0.999074 0.0806908 2.00701 0.011841
1  0.591587  0.796703 -0.123646  0.192116 -0.288243 -0.938087 -0.783018  0.531206  -0.32358  0.945945 -0.606093  0.620424 0.0015613 0.999074 0.097343 1.9881 0.00693792
1  0.592955  0.795433 -0.125258  0.190594 -0.289775 -0.937926 -0.782354  0.532274 -0.323429  0.945392 -0.607086  0.620146 0.00156251 0.999074 0.142681 2.09289 0.00603124
1  0.595107  0.793318  -0.12843  0.189008 -0.293489 -0.937091 -0.781104  0.533396 -0.324601   0.94435 -0.607557  0.621326 0.00158733 0.999074 0.0484927 1.81652 0.00813526
1  0.591746  0.796654 -0.123202  0.195018 -0.289767 -0.937018  -0.78218   0.53045  -0.32683  0.944198 -0.604808  0.624241 0.00155404 0.999074 0.0568402 2.07694 0.0116832
1   0.59346  0.795185 -0.124445  0.192478 -0.290345 -0.937364  -0.78151  0.532335 -0.325364  0.943933  -0.60703  0.622436 0.00155869 0.999074 0.121317 2.43382 0.0093122
1  0.592174   0.79626 -0.123693  0.194886 -0.290465  -0.93683 -0.781888   0.53066 -0.327185  0.943933 -0.604924  0.624522 0.0015605 0.999074 0.0720799 2.11966 0.0119002
1  0.591622  0.796642 -0.123877  0.192912 -0.289072 -0.937668 -0.782795  0.530847 -0.324703  0.945463 -0.605424  0.621704 0.00155601 0.999074 0.0669773 1.33367 0.00820714
1  0.591867  0.796622 -0.122832  0.193265 -0.288201 -0.937864 -0.782523  0.531351 -0.324536  0.945074 -0.606266  0.621572 0.00155974 0.999074 0.0731347 1.91393 0.00871435
1  0.593338   0.79509 -0.125626  0.191805  -0.29122 -0.937231 -0.781768  0.531999 -0.325294  0.944474 -0.606331  0.622393 0.00156772 0.999074 0.12747 2.38989 0.00858081
1  0.592832  0.795692 -0.124195  0.193536 -0.290463  -0.93711 -0.781725  0.531513 -0.326191  0.943979 -0.605923  0.623469 0.00155658 0.999074 0.10297 1.8744 0.0103718
1  0.590634  0.797233 -0.124783  0.191735  -0.28886 -0.937975  -0.78383  0.530075 -0.323468  0.946904 -0.604631   0.62022 0.00156168 0.999074 0.0275325 1.39698 0.00630375
1  0.591934  0.796547 -0.122991  0.195339 -0.289828 -0.936932 -0.781957  0.530577 -0.327156  0.943858 -0.604915  0.624639 0.00155406 0.999074 0.0313921 1.58629 0.0122823
1  0.593091    0.7954  -0.12483  0.193304  -0.29118 -0.936935 -0.781586  0.531557  -0.32645  0.943869 -0.605827  0.623734 0.00155809 0.999074 0.0102063 1.27637 0.0105352
1  0.592115   0.79631 -0.123649  0.194062 -0.289825 -0.937199 -0.782138  0.530934 -0.326143  0.944356 -0.605377  0.623435 0.00155438 0.999074 0.062395 1.45158 0.0104512
1  0.595461   0.79248 -0.131917  0.191414 -0.299421 -0.934723 -0.780248   0.53134 -0.329985  0.942722 -0.603672   0.62764 0.00164397 0.998148 0.0740803 1.765 0.0166078
1  0.590004  0.798944 -0.116552  0.202296 -0.286028 -0.936624 -0.781647  0.529034 -0.330381  0.941832 -0.603929  0.628718 0.00157435 0.999074 0.037363 1.61834 0.0208447
1  0.592261   0.79629 -0.123083  0.194331 -0.289413  -0.93727 -0.781961  0.531189 -0.326152  0.944092 -0.605777  0.623457 0.00155461 0.999074 0.0924047 2.02474 0.0107825
1  0.592276  0.796192 -0.123641  0.193477 -0.289497 -0.937421 -0.782161   0.53129 -0.325508  0.944534 -0.605934  0.622667 0.0015556 0.999074 0.0673927 1.45166 0.00953771
1  0.593183   0.79533 -0.124837  0.191492 -0.290001 -0.937673 -0.781962  0.532306 -0.324322  0.944717 -0.607089  0.621202 0.0015601 0.999074 0.084234 1.66741 0.00754628
1  0.592101  0.796337 -0.123544  0.193573 -0.289363 -0.937443  -0.78227  0.531146 -0.325482  0.944613 -0.605759  0.622651 0.00155443 0.999074 0.0377473 1.82021 0.00954503
1  0.591981  0.796365 -0.123943  0.193574 -0.289775 -0.937315  -0.78236   0.53088 -0.325697   0.94473 -0.605324  0.622879 0.00155407 0.999074 0.0558113 1.5144 0.00961679
1  0.591808  0.796285  -0.12527  0.191179 -0.289628 -0.937852  -0.78308   0.53108 -0.323637  0.946191 -0.605649  0.620393 0.00155977 0.999074 0.0666694 1.79219 0.0059006
1  0.591741  0.796715  -0.12283  0.195073 -0.289364 -0.937131 -0.782169  0.530578 -0.326646  0.944163   -0.6051  0.624024 0.00155448 0.999074 0.0551062 1.85542 0.0115916
1  0.593183  0.795473 -0.123923   0.19454 -0.290999 -0.936736 -0.781209  0.531548 -0.327367  0.943175 -0.605818  0.624842 0.00156062 0.999074 0.0422918 1.98549 0.0123359
1  0.592463   0.79592 -0.124498  0.192551 -0.289969 -0.937466 -0.782248  0.531441 -0.325051  0.944846 -0.605908  0.622156 0.00156151 0.999074 0.0691638 1.878 0.0084731
1  0.593094  0.795415 -0.124716  0.191666 -0.289932 -0.937659 -0.781987  0.532216 -0.324411   0.94478   -0.6069  0.621341 0.00156257 0.999074 0.0547091 2.22694 0.0076617
1  0.593747  0.795073  -0.12379  0.193294  -0.29027  -0.93722  -0.78109  0.532543  -0.32603  0.943279 -0.607209  0.623297 0.0015625 0.999074 0.0838506 2.95749 0.0107581
1  0.592792  0.795907 -0.122999  0.193892 -0.289276 -0.937403 -0.781667  0.531837 -0.325801  0.943849 -0.606553  0.623092 0.00156166 0.999074 0.0119552 1.82283 0.0104993
1  0.591988   0.79651 -0.122969  0.194777 -0.289448 -0.937167 -0.782056   0.53084 -0.326492  0.944076  -0.60535  0.623858 0.00155332 0.999074 0.105214 2.12402 0.0113154
1  0.589429   0.79843 -0.122812  0.195125 -0.288246 -0.937465   -0.7839  0.528605 -0.325694  0.946395 -0.602745  0.622938 0.00156315 0.999074 0.0924942 1.94989 0.0110844
1  0.592808  0.795723  -0.12411  0.194031 -0.290687 -0.936938 -0.781621  0.531343 -0.326717  0.943748 -0.605703  0.624071 0.00155561 0.999074 0.0682175 2.05968 0.0111791
1  0.594165  0.794588 -0.124894   0.19317 -0.291693 -0.936803 -0.780803   0.53249 -0.326804  0.942989   -0.6068  0.624105 0.00156728 0.999074 0.0753361 1.68951 0.011478
1  0.593951  0.794607 -0.125787  0.193201 -0.292661 -0.936495 -0.780958  0.531929 -0.327345   0.94318 -0.605926  0.624775 0.00157166 0.999074 0.0978093 1.8636 0.0118975
1  0.592255  0.796116  -0.12423  0.193833 -0.290422 -0.937061 -0.782089  0.530899 -0.326317   0.94432 -0.605246  0.623604 0.00155611 0.999074 0.10348 1.80465 0.0104392
1  0.592499   0.79607  -0.12336  0.194999  -0.29031 -0.936854 -0.781614   0.53103 -0.327241  0.943407 -0.605337  0.624786 0.00155707 0.999074 0.109513 2.04905 0.0123502
1  0.592174  0.796333 -0.123226  0.194596 -0.289718 -0.937121 -0.781961  0.530959 -0.326526  0.944089 -0.605463  0.623882 0.00155764 0.999074 0.0231485 1.69226 0.0112142
1  0.593243  0.795573 -0.122992  0.194067 -0.289609 -0.937265 -0.781281  0.532157 -0.326203  0.943356 -0.606942  0.623499 0.00155818 0.999074 0.0673089 2.19878 0.0111882
1  0.592257  0.795993 -0.125007  0.190695 -0.289207  -0.93808 -0.782858  0.531746 -0.323077  0.945982 -0.606599  0.619845 0.00157013 0.999074 0.131108 2.21205 0.00550711
1  0.592593  0.796038  -0.12311  0.193918 -0.289327 -0.937382 -0.781811  0.531613  -0.32582  0.944004 -0.606271  0.623079 0.0015577 0.999074 0.136306 1.81839 0.010378
1  0.590886  0.796805 -0.126314  0.189889 -0.289535 -0.938143 -0.784089   0.53035 -0.322387  0.947701   -0.6048  0.618904 0.00156676 0.999074 0.0523079 2.13074 0.00404358
1  0.591298  0.797356 -0.120789  0.196352 -0.287613 -0.937403 -0.782184  0.530567 -0.326628  0.943819 -0.605365  0.624201 0.0015598 0.999074 0.0673148 2.36419 0.0129122
1  0.592609  0.795986 -0.123373  0.195351 -0.290619 -0.936685 -0.781442  0.530987  -0.32772  0.943243 -0.605243  0.625308 0.00155725 0.999074 0.0615108 1.94009 0.0130254
1  0.592519  0.795891 -0.124415  0.192613  -0.28994 -0.937462  -0.78219    0.5315 -0.325094  0.944734 -0.606022  0.622181 0.0015575 0.999074 0.0744633 1.74646 0.00858394
1  0.592079  0.796317  -0.12378  0.194168 -0.290034 -0.937112 -0.782139  0.530811 -0.326342  0.944346 -0.605156  0.623651 0.00155462 0.999074 0.0702663 1.7999 0.0106681
1  0.591792  0.796471 -0.124163  0.192002 -0.288874 -0.937916  -0.78289  0.531212 -0.323877  0.945813 -0.605929  0.620735 0.00155943 0.999074 0.0934489 1.88537 0.00692116
1  0.591998  0.796405 -0.123603  0.192819  -0.28887  -0.93775 -0.782534  0.531313 -0.324572  0.945132  -0.60615  0.621584 0.00155895 0.999074 0.0901565 2.57622 0.00825218
1  0.592868  0.795736 -0.123738  0.194719 -0.290746 -0.936777 -0.781404  0.531291 -0.327319  0.943358 -0.605626  0.624761 0.00155596 0.999074 0.136964 2.29334 0.0122472
1  0.591828  0.796596 -0.123182  0.194782 -0.289623 -0.937112 -0.782176  0.530616 -0.326569  0.944216 -0.605028  0.623927 0.0015532 0.999074 0.120914 1.98497 0.0113033
1  0.592402  0.796135 -0.123407  0.193766 -0.289479 -0.937367 -0.781994  0.531386 -0.325752  0.944268 -0.605931  0.623021 0.00156069 0.999074 0.121465 1.86977 0.0100766
1  0.592442  0.796093 -0.123488  0.194357 -0.289996 -0.937085 -0.781817  0.531167 -0.326532  0.943996  -0.60559  0.623869 0.00155867 0.999074 0.0421312 1.78055 0.0111048
1   0.59191   0.79598 -0.126723   0.18984 -0.290481  -0.93786 -0.783328  0.531072 -0.323048  0.946785 -0.605415  0.619669 0.00156419 0.999074 0.0282835 1.28557 0.00436992
1  0.592094  0.796222  -0.12432  0.193227 -0.290038 -0.937305  -0.78236  0.530951 -0.325582   0.94484 -0.605322  0.622742 0.00155579 0.999074 0.102104 1.9046 0.00926123
1  0.592046  0.796509 -0.122701  0.195363 -0.289559 -0.937011 -0.781867  0.530782 -0.327041  0.943739 -0.605245  0.624516 0.00155398 0.999074 0.0899949 2.12217 0.0122648
1  0.593793  0.794247 -0.128764  0.185354 -0.290753 -0.938673 -0.782977  0.533511 -0.319864  0.947187 -0.608334  0.616082 0.00161046 0.998148 0.0314001 1.76082 0.0040753
1  0.591743  0.796703 -0.122899  0.194644 -0.289155 -0.937285 -0.782275   0.53071 -0.326179   0.94439 -0.605251  0.623532 0.00155543 0.999074 0.0528489 2.11479 0.0109144
1  0.591206  0.797126 -0.122742  0.195141 -0.289044 -0.937216 -0.782557  0.530135 -0.326436   0.94462   -0.6046  0.623802 0.00155444 0.999074 0.112145 2.01013 0.0113909
1   0.59214  0.796174 -0.124409  0.191154 -0.288758 -0.938125 -0.782835   0.53172 -0.323177  0.945876 -0.606601  0.619944 0.00156317 0.999074 0.0697212 1.62873 0.00599244
1  0.591876  0.796514 -0.123483  0.193876 -0.289387 -0.937373 -0.782365  0.530868 -0.325706  0.944697 -0.605413  0.622916 0.00155496 0.999074 0.0282921 1.9361 0.00987329
1  0.592244  0.796287 -0.123186  0.193666 -0.289075 -0.937512 -0.782139  0.531379 -0.325417  0.944421 -0.606199  0.622626 0.00156025 0.999074 0.0980924 2.39705 0.00973243
1  0.592459  0.796175 -0.122874  0.194966 -0.289696 -0.937051 -0.781652  0.531208  -0.32686  0.943608 -0.605773  0.624302 0.00155748 0.999074 0.0833886 1.92511 0.0119496
1  0.592803  0.795433 -0.125979  0.191202 -0.290964 -0.937433 -0.782321  0.531626 -0.324573  0.945229  -0.60599  0.621471 0.00156021 0.999074 0.115628 1.64066 0.00711265
1  0.592347  0.796246 -0.122951  0.194734 -0.289575 -0.937137 -0.781795  0.531168 -0.326585  0.943774 -0.605703  0.623954 0.00155394 0.999074 0.0977212 2.68619 0.0114894
1  0.591958  0.796462 -0.123426  0.193828 -0.289327 -0.937401 -0.782315  0.530979 -0.325646  0.944702 -0.605506  0.622871 0.00155877 0.999074 0.131398 1.92967 0.00982584
1  0.591123   0.79718 -0.122793  0.195139 -0.289061 -0.937211  -0.78262  0.530045 -0.326432  0.944693 -0.604533  0.623752 0.00155571 0.999074 0.050799 1.93296 0.0113412
1  0.592632  0.796006 -0.123137  0.194248 -0.289603 -0.937229   -0.7817  0.531512 -0.326251   0.94378 -0.606099  0.623598 0.00155693 0.999074 0.0659031 1.99201 0.0109893
1  0.591963  0.796456 -0.123442  0.193471 -0.289106 -0.937543   -0.7824  0.531108 -0.325231  0.944825  -0.60577  0.622357 0.00155518 0.999074 0.119223 2.53027 0.00923047
1  0.592989  0.795753 -0.123052  0.195331 -0.290415 -0.936752 -0.781159  0.531448 -0.327648   0.94295 -0.605884  0.624985 0.00157796 0.999074 0.0508701 1.90897 0.0129669
1  0.591997   0.79635  -0.12396  0.193091 -0.289475 -0.937507 -0.782468  0.531066 -0.325136  0.945022 -0.605632  0.622211 0.0015559 0.999074 0.0883431 2.46586 0.00877508
1   0.59205  0.796456 -0.123024  0.194706 -0.289495 -0.937167 -0.782027  0.530897  -0.32647  0.944105 -0.605341  0.623829 0.00155613 0.999074 0.104783 1.72852 0.0112444
1  0.592077  0.796473 -0.122785  0.195643 -0.289863 -0.936858 -0.781773   0.53067 -0.327446   0.94355 -0.605068  0.624968 0.0015541 0.999074 0.11257 1.83921 0.0128158
1  0.592326  0.796323 -0.122551  0.195495  -0.28961 -0.936967 -0.781621  0.531032 -0.327221  0.943407  -0.60552  0.624739 0.00155459 0.999074 0.0948141 2.01401 0.0126443
1  0.589436  0.798014 -0.125459  0.189758  -0.28774 -0.938721 -0.785212  0.529509 -0.321034  0.949098 -0.604098  0.617423 0.00157545 0.999074 0.0289287 2.09443 0.00508952
1  0.592062   0.79646 -0.122937  0.193976 -0.288902 -0.937502   -0.7822  0.531212 -0.325542  0.944486 -0.605935  0.622748 0.00155633 0.999074 0.0924499 1.86356 0.0099854
1  0.590857  0.797483 -0.122104  0.196121 -0.288787 -0.937091 -0.782576  0.529739 -0.327035    0.9444 -0.604173  0.624543 0.0015556 0.999074 0.128909 2.00014 0.0126832
1  0.592936   0.79538  -0.12569  0.191388 -0.290815 -0.937442 -0.782175  0.531788 -0.324661  0.945023 -0.606229  0.621531 0.00156055 0.999074 0.0753132 1.87614 0.0073785
1  0.592832  0.795893   -0.1229  0.194939 -0.289892 -0.936996 -0.781376  0.531523 -0.327008   0.94315  -0.60608  0.624489 0.00155552 0.999074 0.0859395 1.64355 0.0122833
1  0.590861  0.797675 -0.120822  0.196486 -0.287529 -0.937401 -0.782481  0.530134 -0.326621  0.944185 -0.604947  0.624146 0.0015571 0.999074 0.0702192 1.6783 0.0128822
1  0.589999  0.798396 -0.120269  0.196718 -0.286614 -0.937632 -0.783073  0.529543 -0.326161  0.944842 -0.604408  0.623669 0.00156054 0.999074 0.115735 2.18337 0.0128804
1  0.592371  0.796188  -0.12321  0.193494 -0.289048 -0.937556 -0.782085  0.531541 -0.325281  0.944439 -0.606306  0.622433 0.00155624 0.999074 0.043285 1.75847 0.00952041
1  0.593059  0.795159 -0.126501  0.190326 -0.291109 -0.937567 -0.782341  0.531956 -0.323985  0.945465 -0.606367  0.620769 0.00156425 0.999074 0.175511 1.87179 0.00615236
1  0.593927   0.79494 -0.123776  0.193867 -0.290733 -0.936958 -0.780811  0.532488 -0.326787  0.942836 -0.606887  0.624185 0.00157319 0.999074 0.0445618 1.68148 0.0118782
1  0.592065  0.796288 -0.124038  0.192621  -0.28928 -0.937664 -0.782532  0.531266 -0.324654  0.945186 -0.605917  0.621658 0.00155635 0.999074 0.0846748 2.39128 0.00807719
1  0.593396  0.794821 -0.127045  0.189687  -0.29148 -0.937581 -0.782241  0.532258  -0.32373  0.945507 -0.606703  0.620416 0.00156771 0.999074 0.0266014 1.62634 0.00579012
1  0.597743  0.791761 -0.125769  0.190671 -0.292784 -0.936975 -0.778684  0.536089 -0.325975  0.940779 -0.611098  0.623192 0.00158154 0.998148 0.0470721 1.89996 0.0139744
1  0.590996  0.797332 -0.122415  0.194555 -0.288159  -0.93761 -0.782861  0.530307 -0.325426  0.945108 -0.605045  0.622646 0.00155547 0.999074 0.0211462 1.7764 0.0102086
1  0.595995  0.793433  -0.12351  0.194412 -0.291816 -0.936508 -0.779098  0.534142 -0.328174  0.940346 -0.608801  0.625924 0.001567 0.998148 0.0698154 2.00877 0.015579
1  0.594337  0.794176 -0.126682  0.190444 -0.292028 -0.937257 -0.781341  0.532921 -0.324809  0.944203 -0.607302  0.621797 0.00157271 0.999074 0.0571894 2.05551 0.00820404
1  0.592673  0.795827 -0.124089  0.193932 -0.290528 -0.937008 -0.781748  0.531274 -0.326524  0.943918 -0.605646  0.623844 0.00155496 0.999074 0.0810044 2.23061 0.010868
1  0.592612  0.796096  -0.12265  0.195294  -0.28973 -0.936972 -0.781455  0.531308  -0.32717  0.943241 -0.605726  0.624696 0.00156002 0.999074 0.12778 2.02291 0.0125794
1  0.590785  0.797619 -0.121562  0.197725 -0.289199 -0.936626 -0.782226  0.529309 -0.328564  0.943584  -0.60344  0.626409 0.0015588 0.999074 0.0725857 1.97075 0.0153019
1  0.594883  0.794522 -0.121859  0.196108 -0.290478  -0.93657 -0.779523  0.533252 -0.328613  0.940772  -0.60793  0.626411 0.00157882 0.999074 0.0882001 1.58447 0.0160199
1  0.593419  0.795401 -0.123252  0.192742 -0.289098 -0.937695 -0.781476  0.532691 -0.324864  0.943844 -0.607427  0.621951 0.00158255 0.999074 0.0840303 1.9012 0.00938657
1  0.591733  0.796758  -0.12259  0.194965 -0.289004 -0.937265 -0.782202   0.53071 -0.326354  0.944299 -0.605258  0.623714 0.00155675 0.999074 0.114889 2.21834 0.011302
