1   0.59078  0.797623 -0.121558  0.196029 -0.288045 -0.937338 -0.782657  0.529932 -0.326529   0.94451 -0.604593  0.623984 0.00155585 0.999074 0.029377 0.0953741 0.0122939
1  0.592486  0.796128 -0.123049  0.194367 -0.289508 -0.937233 -0.781781  0.531381 -0.326271  0.943861 -0.605939   0.62362 0.00155739 0.999074 0.116331 0.177238 0.0110273
1  0.591747  0.796707 -0.122854  0.195335 -0.289572 -0.937012   -0.7821  0.530476 -0.326978  0.944011 -0.604888  0.624431 0.00155366 0.999074 0.0383346 0.16912 0.012086
1  0.590773  0.797626 -0.121574   0.19603 -0.288061 -0.937333 -0.782662  0.529919 -0.326538  0.944516 -0.604568  0.623994 0.00155582 0.999074 0.03104 0.118704 0.0122992
1  0.591352  0.797021 -0.122715   0.19525 -0.289158 -0.937158 -0.782419   0.53023 -0.326613   0.94442 -0.604727  0.623999 0.00155481 0.999074 0.0637722 0.125485 0.0116355
1  0.592089  0.796382 -0.123318  0.193804 -0.289247 -0.937431 -0.782222  0.531143 -0.325601   0.94453  -0.60578  0.622802 0.00155493 0.999074 0.0912399 0.190773 0.00984144
1   0.59344  0.795221 -0.124313  0.192185 -0.289981 -0.937537 -0.781597   0.53248 -0.324916  0.944138 -0.607295  0.621917 0.00155977 0.999074 0.04136 0.13958 0.00878016
1  0.591483  0.796935 -0.122649  0.195442 -0.289274 -0.937082 -0.782273  0.530297 -0.326855    0.9442 -0.604752  0.624297 0.00155427 0.999074 0.030667 0.0620124 0.0120235
1   0.59251  0.796119 -0.122988  0.194595 -0.289603 -0.937157 -0.781706  0.531342 -0.326514  0.943719  -0.60587  0.623911 0.00155733 0.999074 0.0941469 0.210493 0.0114167
1  0.593464  0.795217 -0.124222  0.192281  -0.28995 -0.937527 -0.781556  0.532503  -0.32498  0.944064 -0.607309  0.622003 0.00155961 0.999074 0.0957733 0.155336 0.00893491
1  0.591143  0.797228 -0.122387  0.195496 -0.288835 -0.937206 -0.782516  0.530097 -0.326597  0.944481 -0.604635  0.623993 0.00155489 0.999074 0.0921092 0.139703 0.0118189
1  0.592484  0.796049 -0.123571  0.194485 -0.290202 -0.936994 -0.781753  0.531121  -0.32676  0.943817 -0.605516  0.624135 0.00155462 0.999074 0.0261701 0.0840276 0.0114301
1  0.591082  0.797317   -0.1221  0.195735 -0.288631 -0.937219 -0.782502  0.530074 -0.326667  0.944408 -0.604653  0.624092 0.00155499 0.999074 0.105435 0.103775 0.0120931
1  0.592371  0.796148 -0.123468  0.194618 -0.290116 -0.936993 -0.781806  0.531019 -0.326801  0.943844 -0.605406  0.624191 0.00155447 0.999074 0.113097 0.16246 0.0115306
1  0.592038  0.796463 -0.123033  0.195066 -0.289744 -0.937015 -0.781946  0.530749 -0.326903  0.943884 -0.605169  0.624342 0.00155345 0.999074 0.0549515 0.126409 0.0118909
1   0.59251  0.796119 -0.122988  0.194595 -0.289603 -0.937157 -0.781706  0.531342 -0.326514  0.943719  -0.60587  0.623911 0.00155732 0.999074 0.0698497 0.118369 0.0114166
1  0.592043  0.796439 -0.123163  0.194856 -0.289757 -0.937055 -0.781995  0.530778  -0.32674  0.944021 -0.605193  0.624133 0.0015542 0.999074 0.0776083 0.135501 0.0115653
1  0.591352  0.797022 -0.122715   0.19525 -0.289158 -0.937158 -0.782419   0.53023 -0.326613   0.94442 -0.604726  0.623999 0.0015548 0.999074 0.0676656 0.10468 0.0116355
1  0.592089  0.796382 -0.123318  0.193804 -0.289247 -0.937431 -0.782222  0.531143 -0.325601   0.94453  -0.60578  0.622802 0.00155493 0.999074 0.0629249 0.125179 0.00984121
1  0.592043  0.796428 -0.123241  0.193984 -0.289255 -0.937391 -0.782212  0.531069 -0.325745  0.944479 -0.605685  0.622975 0.00155485 0.999074 0.171788 0.218383 0.0100854
1  0.592089  0.796382 -0.123318  0.193804 -0.289247 -0.937431 -0.782222  0.531143 -0.325601   0.94453  -0.60578  0.622802 0.00155493 0.999074 0.131716 0.125599 0.00984131
1  0.592371  0.796148 -0.123468  0.194618 -0.290116 -0.936993 -0.781806  0.531019 -0.326801  0.943844 -0.605406   0.62419 0.00155447 0.999074 0.0170761 0.100852 0.0115305
1   0.59251  0.796119 -0.122988  0.194595 -0.289603 -0.937157 -0.781706  0.531342 -0.326514  0.943719  -0.60587  0.623911 0.00155732 0.999074 0.0596918 0.182518 0.0114167
1   0.59201  0.796476  -0.12309  0.195037 -0.289777 -0.937011 -0.781975  0.530712 -0.326893  0.943924 -0.605118  0.624327 0.0015534 0.999074 0.117232 0.139501 0.0118455
1  0.590771  0.797629  -0.12156  0.196034 -0.288046 -0.937337 -0.782662  0.529922 -0.326532  0.944516 -0.604578  0.623987 0.00155582 0.999074 0.0592736 0.127093 0.012299
1  0.592043  0.796439 -0.123163  0.194856 -0.289757 -0.937055 -0.781995  0.530778  -0.32674  0.944021 -0.605193  0.624133 0.0015542 0.999074 0.101644 0.162549 0.0115653
1  0.592371  0.796148 -0.123468  0.194618 -0.290116 -0.936993 -0.781806  0.531019 -0.326802  0.943844 -0.605406  0.624191 0.00155447 0.999074 0.0815845 0.112931 0.0115307
1  0.592326  0.796243 -0.123076  0.194201 -0.289349 -0.937317 -0.781944  0.531296  -0.32602  0.944104 -0.605887  0.623317 0.00155613 0.999074 0.100329 0.097803 0.0106176
1  0.592486  0.796128 -0.123049  0.194367 -0.289508 -0.937233 -0.781781  0.531381 -0.326271  0.943861 -0.605939   0.62362 0.00155739 0.999074 0.14549 0.206798 0.011027
1  0.592089  0.796382 -0.123318  0.193804 -0.289247 -0.937431 -0.782222  0.531143 -0.325601   0.94453  -0.60578  0.622802 0.00155493 0.999074 0.0679127 0.189109 0.00984142
1  0.592371  0.796148 -0.123468  0.194618 -0.290116 -0.936993 -0.781806  0.531019 -0.326801  0.943844 -0.605406   0.62419 0.00155447 0.999074 0.0565812 0.13293 0.0115305
1  0.593464  0.795217 -0.124222  0.192281  -0.28995 -0.937527 -0.781556  0.532503  -0.32498  0.944064 -0.607309  0.622003 0.0015596 0.999074 0.120799 0.175409 0.00893497
1  0.592251  0.796236 -0.123478  0.194623 -0.290072 -0.937006 -0.781895  0.530911 -0.326761  0.943952 -0.605289  0.624143 0.0015543 0.999074 0.0757647 0.160265 0.0114515
1  0.591305  0.797072 -0.122617  0.195303 -0.289055 -0.937179 -0.782442  0.530211  -0.32659   0.94444  -0.60473  0.623967 0.00155493 0.999074 0.0676247 0.126251 0.0116533
1  0.591986   0.79645 -0.123367  0.193761 -0.289226 -0.937446  -0.78231  0.531052 -0.325538  0.944657 -0.605673  0.622723 0.00155508 0.999074 0.0759028 0.111872 0.00970753
1   0.59251  0.796119 -0.122988  0.194595 -0.289603 -0.937157 -0.781706  0.531342 -0.326514  0.943719  -0.60587  0.623911 0.00155732 0.999074 0.133256 0.175795 0.0114166
1  0.591164  0.797239 -0.122212  0.195661 -0.288753 -0.937197 -0.782459  0.530125 -0.326689  0.944374 -0.604686  0.624108 0.00155486 0.999074 0.103964 0.196981 0.0120449
1  0.591597  0.796833 -0.122756  0.195355 -0.289398 -0.937062 -0.782208  0.530382 -0.326872  0.944136 -0.604833   0.62431 0.00155415 0.999074 0.0322215 0.105343 0.0119841
1  0.590798  0.797612 -0.121541  0.196112  -0.28809 -0.937307 -0.782622  0.529924 -0.326625  0.944448 -0.604573  0.624099 0.00155592 0.999074 0.0302338 0.111029 0.0124351
1  0.592484  0.796049 -0.123571  0.194485 -0.290202 -0.936994 -0.781753  0.531121  -0.32676  0.943817 -0.605516  0.624136 0.00155462 0.999074 0.0124104 0.107367 0.0114302
1   0.59078  0.797623 -0.121558  0.196029 -0.288045 -0.937338 -0.782657  0.529932 -0.326529   0.94451 -0.604593  0.623984 0.00155585 0.999074 0.0615098 0.0969032 0.0122939
1  0.592078  0.796399 -0.123255   0.19397  -0.28928 -0.937386 -0.782189  0.531098 -0.325754  0.944455 -0.605711  0.622985 0.00155485 0.999074 0.124273 0.255496 0.0100923
1  0.591138  0.797259 -0.122205  0.195667 -0.288736 -0.937201 -0.782477  0.530104 -0.326681  0.944395 -0.604666  0.624099 0.00155495 0.999074 0.0492198 0.0841851 0.0120408
1   0.59251  0.796119 -0.122988  0.194595 -0.289603 -0.937157 -0.781706  0.531342 -0.326514  0.943718  -0.60587  0.623911 0.00155733 0.999074 0.0908167 0.0846995 0.0114166
1   0.59251  0.796119 -0.122988  0.194595 -0.289603 -0.937157 -0.781706  0.531342 -0.326514  0.943719  -0.60587  0.623911 0.00155733 0.999074 0.0663546 0.146687 0.0114165
1  0.593441   0.79524 -0.124178  0.192338 -0.289926 -0.937523 -0.781559   0.53248 -0.325009  0.944056 -0.607282  0.622043 0.00155945 0.999074 0.08462 0.171313 0.00898691
1  0.591931  0.796509 -0.123253  0.193956 -0.289197 -0.937415 -0.782304  0.530979 -0.325673  0.944606 -0.605587  0.622887 0.0015551 0.999074 0.0373328 0.097962 0.00996157
1  0.591885  0.796594 -0.122919  0.195227 -0.289644 -0.937013 -0.782022  0.530607 -0.326953  0.943964 -0.604999  0.624396 0.0015539 0.999074 0.0559173 0.0705177 0.0120075
1  0.591954  0.796478 -0.123339  0.193772 -0.289184 -0.937457 -0.782331  0.531032 -0.325519  0.944678 -0.605658  0.622703 0.0015551 0.999074 0.0694605 0.104916 0.00969668
1  0.592371  0.796148 -0.123468  0.194618 -0.290116 -0.936993 -0.781806  0.531019 -0.326801  0.943844 -0.605406  0.624191 0.00155447 0.999074 0.0551167 0.132865 0.0115306
1  0.592554  0.795993 -0.123591  0.194391 -0.290196 -0.937016 -0.781724  0.531207  -0.32669  0.943797 -0.605624  0.624053 0.00155452 0.999074 0.0460344 0.121155 0.0113304
1  0.592505  0.796114 -0.123045  0.194411 -0.289543 -0.937214 -0.781756  0.531382 -0.326329  0.943819 -0.605933   0.62369 0.00155743 0.999074 0.0715965 0.142318 0.0111177
1  0.591986   0.79645 -0.123367  0.193761 -0.289226 -0.937446  -0.78231  0.531052 -0.325538  0.944657 -0.605673  0.622723 0.00155508 0.999074 0.0592405 0.0990354 0.00970744
1   0.59251  0.796119 -0.122988  0.194595 -0.289603 -0.937157 -0.781706  0.531342 -0.326514  0.943719  -0.60587  0.623911 0.00155733 0.999074 0.0868866 0.119486 0.0114166
1   0.59251  0.796119 -0.122988  0.194595 -0.289603 -0.937157 -0.781706  0.531342 -0.326514  0.943719  -0.60587  0.623911 0.00155733 0.999074 0.0146979 0.111717 0.0114165
1  0.591082  0.797317   -0.1221  0.195735 -0.288631 -0.937219 -0.782502  0.530074 -0.326667  0.944408 -0.604653  0.624093 0.00155499 0.999074 0.104253 0.0803563 0.0120931
1   0.59251  0.796119 -0.122988  0.194595 -0.289603 -0.937157 -0.781706  0.531342 -0.326513  0.943719  -0.60587  0.623911 0.00155733 0.999074 0.0958765 0.106655 0.0114165
1  0.591305  0.797072 -0.122617  0.195303 -0.289055 -0.937179 -0.782442  0.530211  -0.32659   0.94444  -0.60473  0.623967 0.00155494 0.999074 0.0686226 0.0912452 0.0116534
1  0.592554  0.795993 -0.123591  0.194391 -0.290196 -0.937016 -0.781724  0.531207  -0.32669  0.943797 -0.605624  0.624053 0.00155452 0.999074 0.0828626 0.11955 0.0113305
1  0.592486  0.796128 -0.123049  0.194367 -0.289508 -0.937233 -0.781781  0.531381 -0.326271  0.943861 -0.605939   0.62362 0.00155739 0.999074 0.105997 0.219018 0.0110272
1  0.592251  0.796236 -0.123478  0.194623 -0.290072 -0.937006 -0.781895  0.530911 -0.326761  0.943952 -0.605289  0.624143 0.0015543 0.999074 0.104521 0.146072 0.0114514
1   0.59251  0.796119 -0.122988  0.194595 -0.289603 -0.937157 -0.781706  0.531342 -0.326513  0.943719  -0.60587  0.623911 0.00155732 0.999074 0.109366 0.225995 0.0114165
1  0.592078  0.796399 -0.123255   0.19397  -0.28928 -0.937386 -0.782189  0.531098 -0.325754  0.944456 -0.605711  0.622985 0.00155485 0.999074 0.0248968 0.120036 0.0100921
1  0.592335  0.796221 -0.123173  0.194096 -0.289395 -0.937325 -0.781963  0.531303 -0.325962  0.944148 -0.605893  0.623241 0.00155563 0.999074 0.0688371 0.15412 0.0104785
1  0.591931  0.796509 -0.123253  0.193956 -0.289197 -0.937414 -0.782304  0.530979 -0.325673  0.944606 -0.605587  0.622887 0.0015551 0.999074 0.139425 0.183865 0.00996164
1   0.59251  0.796119 -0.122988  0.194595 -0.289603 -0.937157 -0.781706  0.531342 -0.326513  0.943719  -0.60587   0.62391 0.00155733 0.999074 0.136516 0.210487 0.0114164
1  0.591954  0.796478 -0.123339  0.193772 -0.289184 -0.937457 -0.782331  0.531032 -0.325519  0.944678 -0.605658  0.622703 0.0015551 0.999074 0.0593592 0.0918392 0.00969656
1   0.59251  0.796119 -0.122988  0.194595 -0.289603 -0.937157 -0.781706  0.531342 -0.326514  0.943719  -0.60587  0.623911 0.00155733 0.999074 0.0687906 0.204286 0.0114166
1  0.592553  0.795993 -0.123591  0.194391 -0.290196 -0.937016 -0.781724  0.531207  -0.32669  0.943797 -0.605624  0.624053 0.00155452 0.999074 0.0631541 0.123147 0.0113304
1  0.592089  0.796382 -0.123318  0.193804 -0.289247 -0.937431 -0.782222  0.531143 -0.325601   0.94453  -0.60578  0.622802 0.00155493 0.999074 0.0759885 0.161017 0.00984135
1   0.59251  0.796119 -0.122988  0.194595 -0.289603 -0.937157 -0.781706  0.531342 -0.326514  0.943719  -0.60587  0.623911 0.00155733 0.999074 0.068644 0.195897 0.0114167
1   0.59251  0.796119 -0.122988  0.194595 -0.289603 -0.937157 -0.781706  0.531342 -0.326514  0.943719  -0.60587  0.623911 0.00155732 0.999074 0.0946703 0.105556 0.0114166
1  0.590791  0.797617 -0.121541   0.19612 -0.288092 -0.937305 -0.782625  0.529915 -0.326631   0.94445 -0.604556  0.624109 0.00155594 0.999074 0.0919104 0.13303 0.0124474
1  0.591446  0.796977 -0.122553  0.195542 -0.289211 -0.937081 -0.782276  0.530268 -0.326895  0.944174 -0.604756  0.624343 0.00155475 0.999074 0.137631 0.12558 0.0121334
1  0.592188  0.796289 -0.123437  0.194663 -0.290019 -0.937014 -0.781933   0.53086 -0.326754  0.943986 -0.605237  0.624138 0.00155413 0.999074 0.120388 0.184447 0.0114574
1  0.592554  0.795993 -0.123591  0.194391 -0.290196 -0.937016 -0.781724  0.531207  -0.32669  0.943797 -0.605624  0.624053 0.00155452 0.999074 0.124938 0.132309 0.0113305
1  0.592188  0.796289 -0.123437  0.194663 -0.290019 -0.937014 -0.781933   0.53086 -0.326754  0.943986 -0.605237  0.624138 0.00155413 0.999074 0.0449215 0.12554 0.0114575
1  0.591143  0.797228 -0.122387  0.195496 -0.288835 -0.937206 -0.782516  0.530097 -0.326597  0.944481 -0.604635  0.623993 0.00155489 0.999074 0.0340623 0.104418 0.011819
1  0.591392  0.796926 -0.123141  0.194129 -0.288918 -0.937465 -0.782668  0.530504  -0.32557  0.945054 -0.605015  0.622766 0.00155586 0.999074 0.102061 0.203401 0.00988308
1  0.591747  0.796707 -0.122854  0.195335 -0.289572 -0.937012   -0.7821  0.530476 -0.326978  0.944011 -0.604888  0.624431 0.00155366 0.999074 0.0901827 0.217154 0.012086
1  0.592066  0.796397 -0.123326    0.1938 -0.289242 -0.937433  -0.78224  0.531122 -0.325592  0.944552 -0.605756  0.622791 0.0015549 0.999074 0.064819 0.104563 0.00982134
1  0.591305  0.797072 -0.122617  0.195303 -0.289055 -0.937179 -0.782442  0.530211  -0.32659   0.94444  -0.60473  0.623967 0.00155493 0.999074 0.0531508 0.111923 0.0116535
1  0.591164  0.797239 -0.122212  0.195661 -0.288753 -0.937197 -0.782459  0.530125 -0.326689  0.944374 -0.604686  0.624108 0.00155486 0.999074 0.111907 0.19246 0.0120448
1  0.592486  0.796128 -0.123049  0.194367 -0.289508 -0.937233 -0.781781  0.531381 -0.326271  0.943861  -0.60594   0.62362 0.00155739 0.999074 0.0731596 0.154946 0.0110273
1   0.59251  0.796119 -0.122988  0.194595 -0.289603 -0.937157 -0.781706  0.531342 -0.326513  0.943719  -0.60587   0.62391 0.00155732 0.999074 0.026817 0.133378 0.0114164
1   0.59251  0.796119 -0.122988  0.194595 -0.289603 -0.937157 -0.781706  0.531342 -0.326514  0.943719  -0.60587  0.623911 0.00155732 0.999074 0.0997854 0.18284 0.0114166
1  0.592089  0.796382 -0.123318  0.193804 -0.289247 -0.937431 -0.782222  0.531143 -0.325601   0.94453  -0.60578  0.622802 0.00155494 0.999074 0.0848851 0.163838 0.00984139
1  0.590817  0.797588 -0.121606  0.196107 -0.288172 -0.937283 -0.782609  0.529915  -0.32667  0.944431 -0.604536  0.624156 0.00155611 0.999074 0.11795 0.153469 0.0124615
1  0.592089  0.796382 -0.123318  0.193804 -0.289247 -0.937431 -0.782222  0.531143 -0.325601   0.94453  -0.60578  0.622802 0.00155493 0.999074 0.0971445 0.168002 0.00984143
1  0.591377  0.796941 -0.123123  0.194137 -0.288895  -0.93747 -0.782678  0.530495 -0.325561  0.945063 -0.605007  0.622757 0.00155586 0.999074 0.133019 0.297005 0.00988362
1  0.592018  0.796464 -0.123126  0.195022 -0.289814 -0.937003 -0.781972  0.530711 -0.326903  0.943925 -0.605109  0.624335 0.00155341 0.999074 0.0522022 0.120041 0.0118407
1  0.592089  0.796382 -0.123318  0.193804 -0.289247 -0.937431 -0.782222  0.531143 -0.325601   0.94453  -0.60578  0.622802 0.00155493 0.999074 0.0671059 0.11152 0.00984132
1   0.59251  0.796119 -0.122988  0.194595 -0.289603 -0.937157 -0.781706  0.531342 -0.326513  0.943719  -0.60587   0.62391 0.00155733 0.999074 0.118007 0.192728 0.0114164
1  0.592557  0.795991  -0.12359  0.194388 -0.290194 -0.937017 -0.781722  0.531211 -0.326687  0.943796 -0.605627   0.62405 0.00155455 0.999074 0.06495 0.097496 0.0113269
1  0.592089  0.796382 -0.123318  0.193804 -0.289247 -0.937431 -0.782222  0.531143 -0.325601   0.94453  -0.60578  0.622802 0.00155493 0.999074 0.0889101 0.154683 0.00984144
1  0.591113   0.79728 -0.122187  0.195736 -0.288749 -0.937183 -0.782478  0.530065  -0.32674   0.94438 -0.604597  0.624182 0.00155482 0.999074 0.105537 0.162195 0.0121501
1  0.591164  0.797239 -0.122213  0.195661 -0.288753 -0.937197 -0.782459  0.530125 -0.326689  0.944374 -0.604686  0.624108 0.00155486 0.999074 0.112138 0.190015 0.0120448
1  0.592052  0.796452 -0.123036  0.195078 -0.289763 -0.937007 -0.781933  0.530755 -0.326925  0.943872 -0.605169  0.624367 0.00155352 0.999074 0.0954363 0.169702 0.0119211
1  0.591916  0.796539 -0.123133  0.194983 -0.289745 -0.937032 -0.782059  0.530636 -0.326817  0.944046 -0.605039  0.624233 0.00155358 0.999074 0.042411 0.111776 0.0117023
1  0.592486  0.796128 -0.123049  0.194367 -0.289508 -0.937233 -0.781781  0.531381 -0.326271  0.943861 -0.605939   0.62362 0.00155739 0.999074 0.0918335 0.204688 0.0110273
1  0.592484  0.796048 -0.123571  0.194485 -0.290202 -0.936994 -0.781753  0.531121  -0.32676  0.943817 -0.605516  0.624135 0.00155462 0.999074 0.129456 0.154466 0.0114302
1  0.592554  0.795993 -0.123591  0.194391 -0.290196 -0.937016 -0.781724  0.531207  -0.32669  0.943797 -0.605624  0.624053 0.00155452 0.999074 0.0788823 0.104126 0.0113305
1  0.590771  0.797629  -0.12156  0.196034 -0.288046 -0.937337 -0.782662  0.529922 -0.326531  0.944516 -0.604578  0.623987 0.00155582 0.999074 0.0857652 0.118754 0.012299
1  0.592554  0.795993 -0.123591  0.194391 -0.290196 -0.937016 -0.781724  0.531207  -0.32669  0.943797 -0.605624  0.624053 0.00155452 0.999074 0.0717549 0.104044 0.0113306
1   0.59078  0.797623 -0.121558  0.196029 -0.288045 -0.937338 -0.782657  0.529932 -0.326529   0.94451 -0.604593  0.623984 0.00155585 0.999074 0.118393 0.138845 0.0122939
1  0.592089  0.796382 -0.123318  0.193804 -0.289247 -0.937431 -0.782222  0.531143 -0.325601   0.94453  -0.60578  0.622802 0.00155493 0.999074 0.04409 0.168353 0.00984137
1  0.592553  0.795993 -0.123591  0.194391 -0.290196 -0.937016 -0.781724  0.531207  -0.32669  0.943797 -0.605624  0.624053 0.00155452 0.999074 0.180638 0.161586 0.0113304
1   0.59251  0.796119 -0.122988  0.194595 -0.289603 -0.937157 -0.781706  0.531342 -0.326514  0.943719  -0.60587  0.623911 0.00155733 0.999074 0.0541921 0.173423 0.0114166
1   0.59251  0.796119 -0.122988  0.194595 -0.289603 -0.937157 -0.781706  0.531342 -0.326513  0.943719  -0.60587   0.62391 0.00155733 0.999074 0.0840994 0.191163 0.0114164
1  0.592413   0.79619 -0.122999  0.194398 -0.289434  -0.93725 -0.781829  0.531328 -0.326242  0.943918 -0.605896  0.623585 0.00155686 0.999074 0.033334 0.169516 0.0109972
1   0.59251  0.796119 -0.122988  0.194595 -0.289603 -0.937157 -0.781706  0.531342 -0.326514  0.943719  -0.60587  0.623911 0.00155732 0.999074 0.0616651 0.136542 0.0114166
1  0.591269  0.797156 -0.122245  0.195828 -0.288955   -0.9371 -0.782338  0.530139 -0.326955  0.944183 -0.604651  0.624427 0.00155481 0.999074 0.0215622 0.0975087 0.012407
1   0.59251  0.796119 -0.122988  0.194595 -0.289603 -0.937157 -0.781706  0.531342 -0.326514  0.943719  -0.60587  0.623911 0.00155732 0.999074 0.0755591 0.15434 0.0114166
1   0.59251  0.796119 -0.122988  0.194595 -0.289603 -0.937157 -0.781706  0.531342 -0.326514  0.943719  -0.60587  0.623911 0.00155733 0.999074 0.0664113 0.204467 0.0114166
1  0.592251  0.796236 -0.123478  0.194623 -0.290072 -0.937006 -0.781895  0.530911 -0.326761  0.943952 -0.605289  0.624143 0.00155431 0.999074 0.0813885 0.145666 0.0114513
1  0.592371  0.796148 -0.123468  0.194618 -0.290116 -0.936993 -0.781806  0.531019 -0.326801  0.943844 -0.605406  0.624191 0.00155446 0.999074 0.130887 0.153208 0.0115306
1    0.5914  0.796987 -0.122711  0.195395 -0.289274 -0.937092 -0.782347  0.530219 -0.326804  0.944305 -0.604656  0.624232 0.00155439 0.999074 0.0752078 0.156876 0.0119211
1   0.59251  0.796119 -0.122988  0.194595 -0.289603 -0.937157 -0.781706  0.531342 -0.326514  0.943719  -0.60587  0.623911 0.00155732 0.999074 0.100617 0.176413 0.0114166
1  0.592486  0.796128 -0.123049  0.194367 -0.289508 -0.937233 -0.781781  0.531381 -0.326271  0.943861 -0.605939   0.62362 0.00155739 0.999074 0.0985898 0.201619 0.0110272
1  0.592371  0.796148 -0.123468  0.194618 -0.290116 -0.936993 -0.781806  0.531019 -0.326801  0.943844 -0.605406  0.624191 0.00155447 0.999074 0.116188 0.139529 0.0115306
