1  -0.994517 -0.0926662  0.0484754 -0.0764917   0.328455  -0.941417  0.0713156  -0.939963  -0.333742 0.00600613   0.336299   0.158275 0.00191935 0.994645 0.399553 2.64988 0.0386764
1  -0.991377   -0.11815  0.0566703 -0.0935555   0.335373  -0.937429  0.0917518  -0.934647  -0.343534 0.00183272    0.33481    0.16124 0.00204843 0.993307 0.275605 1.49604 0.0607327
1  -0.995073 -0.0877807  0.0460992 -0.0719292    0.31911  -0.944984  0.0682406  -0.943644  -0.323852 0.00663462   0.337943   0.155074 0.00193715 0.997323 0.436323 1.52948 0.0272679
1  -0.993976 -0.0961481  0.0525983 -0.0796554   0.304165  -0.949283  0.0752732  -0.947755  -0.309992 0.00497558   0.340578   0.150326 0.00187977 0.997323 0.342469 2.50414 0.0196997
1  -0.994284 -0.0947644  0.0491834 -0.0781028   0.331486  -0.940222   0.072796  -0.938689  -0.336992 0.00568471   0.335769   0.159306 0.00192988 0.994645 0.396654 1.71878 0.0426878
1  -0.994479 -0.0929199  0.0487558 -0.0769176   0.329446  -0.941036  0.0713786  -0.939591  -0.334774 0.00600432   0.336126   0.158605 0.00192429 0.994645 0.283608 2.47726 0.0398085
1  -0.996594 -0.0680356   0.046601 -0.0657323   0.314138  -0.947099  0.0497973  -0.946936  -0.317541 0.00997185   0.338803   0.152955 0.00197891 0.991968 0.212602 1.39283 0.0227139
1  -0.994284 -0.0947644  0.0491834 -0.0781028   0.331486  -0.940222   0.072796  -0.938689  -0.336992 0.00568471   0.335769   0.159306 0.00192988 0.994645 0.315859 1.93256 0.0426878
1   -0.99432 -0.0944272  0.0490952  -0.077887   0.331254  -0.940322  0.0725289  -0.938805  -0.336727 0.00575264     0.3358   0.159223 0.00193248 0.994645 0.204548 1.58245 0.0423068
1  -0.994498 -0.0929246  0.0483635 -0.0765535   0.329517  -0.941041  0.0715093  -0.939566  -0.334818  0.0057699   0.336106   0.158645 0.00194544 0.994645 0.486221 1.43947 0.0399093
1  -0.994377 -0.0938265  0.0491006 -0.0776521    0.33078  -0.940508  0.0720031  -0.939032  -0.336206 0.00586618   0.335882   0.159066 0.00193193 0.994645 0.300615 1.63857 0.0415702
1  -0.994284 -0.0947644  0.0491834 -0.0781028   0.331486  -0.940222   0.072796  -0.938689  -0.336992 0.00568471   0.335769   0.159306 0.00192988 0.994645 0.40476 2.47471 0.0426878
0  -0.996858 -0.0629294  0.0480994 -0.0643965   0.290342  -0.954754  0.0461168  -0.954852  -0.293482   0.011254   0.342735   0.145034 0.00199004 0.998661 0.431048 1.17508 0.0186139
1  -0.992521   -0.10972  0.0535135 -0.0874184   0.332843  -0.938922  0.0852071  -0.936577  -0.339945 0.00294255   0.335352   0.160157 0.00203195 0.994645 0.252931 1.73579 0.0524075
1  -0.994472 -0.0932485  0.0482756 -0.0767948   0.332335   -0.94003  0.0716127   -0.93854  -0.337659 0.00591439   0.335627    0.15956 0.00194148 0.994645 0.390135 1.70604 0.0429874
1  -0.996594 -0.0680356   0.046601 -0.0657323   0.314139  -0.947099  0.0497973  -0.946936  -0.317541 0.00997185   0.338803   0.152955 0.00197891 0.991968 0.522088 2.80136 0.022714
1  -0.996633 -0.0670325  0.0472122 -0.0658795   0.311923  -0.947821  0.0488082   -0.94774  -0.315289  0.0103675   0.339186   0.152198 0.00195203 0.991968 0.177907 1.66719 0.0211441
1  -0.993213  -0.104081   0.051923 -0.0846477   0.340634  -0.936378  0.0797727  -0.934417  -0.347132 0.00413518     0.3341     0.1625 0.0020395 0.994645 0.310823 1.45849 0.0564959
1  -0.995059 -0.0879601  0.0460551 -0.0719352   0.318964  -0.945033  0.0684353  -0.943676  -0.323715 0.00659961   0.337969   0.155033 0.00193263 0.997323 0.356363 1.57771 0.0271907
1  -0.995059 -0.0879601  0.0460551 -0.0719352   0.318964  -0.945033  0.0684353  -0.943676  -0.323715 0.00659961   0.337969   0.155033 0.00193263 0.997323 0.443797 3.97197 0.0271907
1  -0.994835 -0.0896151   0.047662  -0.072606   0.300157  -0.951123  0.0709288  -0.949671  -0.305113 0.00592435   0.341196   0.149036 0.00190586 0.998661 0.372507 1.89257 0.0124191
1  -0.994911 -0.0892627  0.0467364 -0.0731833   0.321365  -0.944123  0.0692555  -0.942739  -0.326262 0.00627821   0.337544   0.155852 0.00195512 0.997323 0.41294 1.71391 0.0300759
1  -0.996646 -0.0668828  0.0471551 -0.0657679    0.31173  -0.947892   0.048698  -0.947814  -0.315083  0.0103952    0.33922   0.152134 0.00195122 0.991968 0.239726 1.49034 0.0210738
1  -0.994498 -0.0929246  0.0483635 -0.0765535   0.329517  -0.941041  0.0715093  -0.939566  -0.334818  0.0057699   0.336106   0.158645 0.00194544 0.994645 0.434592 2.37003 0.0399093
1  -0.992128  -0.111691  0.0566318 -0.0905773   0.327752  -0.940412  0.0864748  -0.938138  -0.335289 0.00271273   0.336341    0.15841 0.00196548 0.994645 0.502782 2.98125 0.0496713
1  -0.995073 -0.0877807  0.0460992 -0.0719292    0.31911  -0.944984  0.0682406  -0.943644  -0.323852 0.00663463   0.337943   0.155074 0.00193716 0.997323 0.218807 1.41824 0.027268
1  -0.994479 -0.0929199  0.0487558 -0.0769176   0.329446  -0.941036  0.0713786  -0.939591  -0.334774 0.00600432   0.336126   0.158605 0.00192428 0.994645 0.0651339 1.22412 0.0398085
1  -0.994479 -0.0929199  0.0487558 -0.0769176   0.329446  -0.941036  0.0713786  -0.939591  -0.334774 0.00600432   0.336126   0.158605 0.00192428 0.994645 0.407548 2.89463 0.0398085
1  -0.991458  -0.117604  0.0563989 -0.0930542    0.33481   -0.93768  0.0913924  -0.934918  -0.342894 0.00192304   0.334924   0.161041 0.00204064 0.993307 0.236638 1.29549 0.0598266
1  -0.992645  -0.108352   0.053989 -0.0872268   0.330922  -0.939618  0.0839438  -0.937417   -0.33794 0.00337706   0.335707   0.159499 0.0020067 0.994645 0.270163 1.46281 0.0498141
1  -0.994517 -0.0926662  0.0484754 -0.0764917   0.328455  -0.941417  0.0713156  -0.939963  -0.333742 0.00600613   0.336299   0.158275 0.00191935 0.994645 0.393894 2.52149 0.0386764
1  -0.994517 -0.0926662  0.0484754 -0.0764917   0.328455  -0.941417  0.0713156  -0.939963  -0.333742 0.00600613   0.336299   0.158275 0.00191935 0.994645 0.39413 1.38089 0.0386764
1  -0.991389  -0.118088  0.0565937 -0.0934561    0.33532  -0.937458  0.0917255  -0.934674  -0.343468 0.00183806   0.334814   0.161228 0.0020497 0.993307 0.258571 1.55557 0.0606349
1  -0.994498 -0.0929246  0.0483635 -0.0765535   0.329517  -0.941041  0.0715093  -0.939566  -0.334818  0.0057699   0.336106   0.158645 0.00194543 0.994645 0.443916 2.5922 0.0399094
1  -0.996594 -0.0680356   0.046601 -0.0657323   0.314139  -0.947099  0.0497973  -0.946936  -0.317541 0.00997185   0.338803   0.152955 0.00197891 0.991968 0.340256 2.36124 0.022714
1  -0.994498 -0.0929246  0.0483635 -0.0765535   0.329517  -0.941041  0.0715093  -0.939566  -0.334818  0.0057699   0.336106   0.158645 0.00194544 0.994645 0.322773 1.68776 0.0399093
1  -0.994498 -0.0929246  0.0483635 -0.0765535   0.329517  -0.941041  0.0715093  -0.939566  -0.334818  0.0057699   0.336106   0.158645 0.00194544 0.994645 0.369748 2.78385 0.0399094
1  -0.994547 -0.0922306  0.0486847 -0.0764558   0.327293  -0.941825  0.0709309  -0.940411  -0.332559  0.0059587   0.336479   0.157894 0.00193629 0.994645 0.33246 1.33437 0.0372952
1   -0.990373   -0.126063   0.0571731  -0.0966675    0.334249   -0.937514   0.0990758   -0.934016   -0.343217 0.000324547    0.335005     0.16103 0.00203366 0.995984 0.292314 2.94574 0.0658104
1  -0.994488 -0.0931391  0.0481454 -0.0766177   0.332115  -0.940122  0.0715723  -0.938629  -0.337421 0.00590136   0.335659   0.159481 0.00194391 0.994645 0.325933 1.60991 0.0427168
1  -0.994377 -0.0938265  0.0491006 -0.0776521    0.33078  -0.940508  0.0720031  -0.939032  -0.336206 0.00586618   0.335882   0.159066 0.00193193 0.994645 0.331364 1.70356 0.0415702
1  -0.994284 -0.0947644  0.0491834 -0.0781028   0.331486  -0.940222   0.072796  -0.938689  -0.336992 0.00568471   0.335769   0.159306 0.00192989 0.994645 0.402721 1.93207 0.0426878
1  -0.991365  -0.118709  0.0557106 -0.0928386   0.335337  -0.937513  0.0926094  -0.934589  -0.343462 0.00145735   0.334807   0.161257 0.00205217 0.993307 0.279278 1.61665 0.0610001
1  -0.996538 -0.0677974  0.0481171 -0.0663644   0.300112  -0.951593   0.050075  -0.951492  -0.303572  0.0103015   0.341211   0.148448 0.00197499 0.997323 0.269558 1.70683 0.012684
1   -0.991404   -0.118787   0.0548453  -0.0891015    0.306016   -0.947848    0.095808   -0.944587   -0.313969 0.000650815    0.339977    0.151707 0.00198681 0.998661 0.534755 2.48094 0.0425875
1  -0.995059 -0.0879601  0.0460551 -0.0719352   0.318964  -0.945033  0.0684353  -0.943676  -0.323715 0.00659961   0.337969   0.155033 0.00193263 0.997323 0.311114 1.53412 0.0271907
1  -0.994488 -0.0931391  0.0481454 -0.0766178   0.332115  -0.940122  0.0715723  -0.938629  -0.337421 0.00590136   0.335659   0.159481 0.00194392 0.994645 0.406516 2.04078 0.0427168
1  -0.994957 -0.0885465  0.0471144 -0.0732787   0.320979  -0.944247   0.068487  -0.942938  -0.325849 0.00637732   0.337597    0.15573 0.00197434 0.997323 0.352684 2.36263 0.0293765
1  -0.996646 -0.0668828  0.0471551 -0.0657679    0.31173  -0.947892   0.048698  -0.947814  -0.315083  0.0103952    0.33922   0.152134 0.00195122 0.991968 0.432441 2.20627 0.0210738
1  -0.995073 -0.0877808  0.0460992 -0.0719292    0.31911  -0.944984  0.0682407  -0.943644  -0.323852  0.0066346   0.337943   0.155074 0.00193715 0.997323 0.366606 1.55671 0.0272681
1  -0.996646 -0.0668828  0.0471551 -0.0657679    0.31173  -0.947892   0.048698  -0.947814  -0.315083  0.0103952    0.33922   0.152134 0.00195122 0.991968 0.325136 1.79526 0.0210738
1  -0.991432  -0.117766  0.0565098 -0.0932316   0.334981  -0.937601  0.0914876  -0.934836   -0.34309 0.00190032   0.334886   0.161108 0.0020439 0.993307 0.301979 1.38643 0.0601037
1  -0.996646 -0.0668765  0.0471707 -0.0657838   0.311789  -0.947871   0.048683  -0.947795  -0.315143  0.0104009   0.339209   0.152148 0.00195204 0.991968 0.24629 1.39227 0.0211256
1  -0.996588 -0.0680456   0.046707 -0.0658394     0.3142  -0.947071  0.0497687  -0.946915  -0.317608 0.00998849   0.338796   0.152966 0.00197834 0.991968 0.13936 1.35006 0.0227458
1  -0.995026 -0.0882485   0.046203 -0.0722278   0.319764   -0.94474  0.0685979  -0.943379  -0.324547 0.00656186   0.337833     0.1553 0.00193432 0.997323 0.143754 1.49996 0.0280969
1  -0.994488 -0.0931391  0.0481454 -0.0766177   0.332115  -0.940122  0.0715723  -0.938629  -0.337421 0.00590135   0.335659   0.159481 0.00194393 0.994645 0.2255 1.32313 0.0427168
1  -0.995073 -0.0877807  0.0460992 -0.0719292    0.31911  -0.944984  0.0682407  -0.943644  -0.323852 0.00663462   0.337943   0.155074 0.00193715 0.997323 0.283742 2.719 0.027268
1  -0.994458 -0.0932009  0.0486428 -0.0770259   0.331025  -0.940473   0.071551  -0.939008  -0.336369 0.00590504   0.335842   0.159122 0.00194022 0.994645 0.175672 1.53574 0.0415824
1  -0.995073 -0.0877807  0.0460992 -0.0719292    0.31911  -0.944984  0.0682407  -0.943644  -0.323852 0.00663462   0.337943   0.155074 0.00193715 0.997323 0.298463 1.56746 0.0272679
1  -0.994472 -0.0932485  0.0482756 -0.0767948   0.332335   -0.94003  0.0716127   -0.93854  -0.337659 0.00591439   0.335627    0.15956 0.00194148 0.994645 0.312958 1.21177 0.0429874
1  -0.994377 -0.0938265  0.0491006 -0.0776521    0.33078  -0.940508  0.0720031  -0.939032  -0.336206 0.00586618   0.335882   0.159066 0.00193193 0.994645 0.237821 1.40877 0.0415702
1  -0.994831  -0.089841  0.0473177 -0.0739828   0.322149  -0.943794   0.069548  -0.942416  -0.327131 0.00614322   0.337387   0.156133 0.00197516 0.997323 0.332491 1.61988 0.0310645
1   -0.99666 -0.0669073  0.0468311 -0.0655518   0.313369  -0.947366  0.0487103  -0.947271  -0.316708  0.0103625   0.338952   0.152655 0.00196131 0.991968 0.33632 1.52082 0.0225537
1  -0.996646 -0.0668828  0.0471551 -0.0657679    0.31173  -0.947892   0.048698  -0.947814  -0.315083  0.0103952    0.33922   0.152134 0.00195123 0.991968 0.294137 1.60372 0.0210738
1  -0.991391   -0.11854  0.0556112 -0.0926574    0.33505  -0.937633  0.0925147  -0.934714  -0.343149  0.0014758   0.334858   0.161164 0.0020502 0.993307 0.337514 1.67374 0.0606255
1  -0.995027 -0.0877709  0.0470879 -0.0730907   0.322252  -0.943828  0.0676665  -0.942576  -0.327064 0.00667593     0.3374   0.156105 0.00197225 0.997323 0.314515 2.64498 0.0304289
1  -0.996648 -0.0669134  0.0470754 -0.0656833   0.311371  -0.948016   0.048777   -0.94793  -0.314723  0.0103643   0.339272   0.152015 0.00195201 0.991968 0.408928 1.50234 0.020762
1  -0.994506 -0.0928937  0.0482647 -0.0764446   0.329451  -0.941073  0.0715189  -0.939592  -0.334742  0.0057607   0.336119   0.158619 0.00194525 0.994645 0.391512 1.59664 0.0398298
1  -0.994284 -0.0947644  0.0491834 -0.0781028   0.331486  -0.940222   0.072796  -0.938689  -0.336992 0.00568471   0.335769   0.159306 0.00192988 0.994645 0.142611 1.34748 0.0426879
1   -0.99446 -0.0928698  0.0492343 -0.0768397    0.32268  -0.943384  0.0717249  -0.941941  -0.328028 0.00581309   0.337415   0.156431 0.00191315 0.997323 0.309906 1.58872 0.0328077
1   -0.990288   -0.126725   0.0571815  -0.0968587    0.333805   -0.937653   0.0997369   -0.934085   -0.342838 0.000179301    0.335067    0.160888 0.00203711 0.995984 0.281019 1.57233 0.0659947
1  -0.994517 -0.0926662  0.0484754 -0.0764917   0.328455  -0.941417  0.0713155  -0.939963  -0.333742 0.00600614   0.336299   0.158275 0.00191935 0.994645 0.446519 2.8666 0.0386764
1  -0.991415  -0.118189   0.055927 -0.0930236   0.336974  -0.936907  0.0918861  -0.934066  -0.345075 0.00173624   0.334535   0.161786 0.00205806 0.993307 0.320184 1.32575 0.0620419
1  -0.994545 -0.0925558  0.0481073 -0.0761347   0.328831  -0.941315   0.071305  -0.939842  -0.334084 0.00581563   0.336223   0.158412 0.00194317 0.994645 0.428626 2.39786 0.0390529
1  -0.991609  -0.117258  0.0544228 -0.0904595   0.328652  -0.940109  0.0923493  -0.937144  -0.336501 0.00144973    0.33601   0.158977 0.00202004 0.994645 0.351768 1.41502 0.0543237
1  -0.992319  -0.110022  0.0565481 -0.0891326   0.318941  -0.943574  0.0857789  -0.941367  -0.326297 0.00279501     0.3379   0.155384 0.00192986 0.995984 0.118085 1.62259 0.0415142
1  -0.996646 -0.0668828  0.0471551 -0.0657679    0.31173  -0.947892   0.048698  -0.947814  -0.315083  0.0103952    0.33922   0.152134 0.00195122 0.991968 0.369722 1.45186 0.0210738
1  -0.994498 -0.0929246  0.0483635 -0.0765535   0.329517  -0.941041  0.0715093  -0.939566  -0.334817  0.0057699   0.336106   0.158645 0.00194544 0.994645 0.393806 2.4882 0.0399093
1  -0.995073 -0.0877807  0.0460992 -0.0719292    0.31911  -0.944984  0.0682407  -0.943644  -0.323852 0.00663462   0.337943   0.155074 0.00193716 0.997323 0.231086 1.59202 0.0272679
1  -0.992589  -0.108761  0.0542079 -0.0882386   0.338342  -0.936877  0.0835552  -0.934717  -0.345431 0.00336451   0.334463   0.161896 0.00204448 0.994645 0.359297 1.55824 0.05699
1  -0.994514 -0.0925962  0.0486605 -0.0765588   0.327339  -0.941801  0.0712787  -0.940359  -0.332632 0.00602546   0.336483   0.157914 0.00191568 0.994645 0.395958 2.81937 0.0374809
1  -0.991388  -0.118544  0.0556478 -0.0927027   0.335144  -0.937595  0.0924961  -0.934679  -0.343248   0.001483   0.334843   0.161191 0.00205034 0.993307 0.369106 1.56392 0.0607111
1  -0.994377 -0.0938266  0.0491006 -0.0776521    0.33078  -0.940508  0.0720031  -0.939032  -0.336206 0.00586618   0.335882   0.159066 0.00193194 0.994645 0.332431 1.29207 0.0415702
1  -0.994284 -0.0947644  0.0491834 -0.0781028   0.331486  -0.940222   0.072796  -0.938689  -0.336992 0.00568471   0.335769   0.159306 0.00192988 0.994645 0.115638 1.47482 0.0426878
1    -0.990184      -0.1275    0.0572603   -0.0971935     0.333722    -0.937647     0.100441    -0.934009    -0.342839 -5.12568e-05     0.335053     0.160876 0.002043 0.995984 0.294782 2.26063 0.0665712
1  -0.994288  -0.094756  0.0491102 -0.0780117   0.331241  -0.940316  0.0728333  -0.938776  -0.336741 0.00566831   0.335809   0.159228 0.00192925 0.994645 0.34129 2.2041 0.0424309
1  -0.994498 -0.0929246  0.0483635 -0.0765535   0.329517  -0.941041  0.0715093  -0.939566  -0.334818  0.0057699   0.336106   0.158645 0.00194544 0.994645 0.370448 1.48318 0.0399093
1  -0.994517 -0.0926662  0.0484754 -0.0764917   0.328455  -0.941417  0.0713155  -0.939963  -0.333742 0.00600614   0.336299   0.158275 0.00191934 0.994645 0.272751 1.75894 0.0386764
1  -0.994514 -0.0925962  0.0486605 -0.0765588   0.327339  -0.941801  0.0712787  -0.940359  -0.332632 0.00602546   0.336483   0.157914 0.0019157 0.994645 0.239062 1.18475 0.0374809
1  -0.996646 -0.0668827  0.0471551 -0.0657679    0.31173  -0.947892   0.048698  -0.947814  -0.315083  0.0103952    0.33922   0.152134 0.00195123 0.991968 0.450634 1.68731 0.0210738
1  -0.991337  -0.118485    0.05668 -0.0937051   0.335618  -0.937326  0.0920365  -0.934517  -0.343813 0.00176852   0.334766   0.161329 0.00205087 0.993307 0.364103 1.84784 0.0611808
1  -0.991637  -0.116958  0.0545574 -0.0904637   0.328435  -0.940184  0.0920436  -0.937257  -0.336269 0.00152809    0.33604   0.158911 0.00202038 0.994645 0.461558 2.10683 0.0539386
1   -0.99666 -0.0669073  0.0468311 -0.0655518   0.313369  -0.947366  0.0487103  -0.947271  -0.316708  0.0103625   0.338952   0.152655 0.00196131 0.991968 0.496433 2.58303 0.0225537
1   -0.990835   -0.122682   0.0565208  -0.0952218    0.337621   -0.936453   0.0958031   -0.933253   -0.346209 0.000948187    0.334451     0.16206 0.0020274 0.993307 0.294671 1.74151 0.0658625
1  -0.996457 -0.0691786  0.0478311 -0.0665661   0.301108  -0.951264  0.0514047  -0.951077  -0.304647 0.00998738   0.341099   0.148885 0.00198536 0.997323 0.221797 3.07648 0.0119027
1   -0.99651 -0.0685752  0.0475916  -0.066119   0.300475  -0.951495  0.0509489  -0.951321   -0.30396   0.010041    0.34122   0.148654 0.00198452 0.997323 0.321932 1.49212 0.012257
1  -0.996594 -0.0680356   0.046601 -0.0657323   0.314139  -0.947099  0.0497973  -0.946936  -0.317541 0.00997185   0.338803   0.152955 0.00197891 0.991968 0.327408 1.7021 0.022714
1  -0.996648 -0.0669134  0.0470754 -0.0656833   0.311371  -0.948016   0.048777   -0.94793  -0.314723  0.0103643   0.339272   0.152015 0.00195201 0.991968 0.310742 1.6053 0.020762
1  -0.996646 -0.0668828  0.0471551 -0.0657679    0.31173  -0.947892   0.048698  -0.947814  -0.315083  0.0103952    0.33922   0.152134 0.00195122 0.991968 0.334584 1.8458 0.0210737
1   -0.99263  -0.108163  0.0546511 -0.0883734   0.337496  -0.937169  0.0829228  -0.935092  -0.344568  0.0036471   0.334612   0.161615 0.00203557 0.994645 0.18232 1.30947 0.0558723
1  -0.991337  -0.118485    0.05668 -0.0937051   0.335618  -0.937326  0.0920365  -0.934517  -0.343813 0.00176851   0.334766   0.161329 0.00205087 0.993307 0.213367 1.44995 0.0611808
1  -0.994425 -0.0934404  0.0488623 -0.0772656   0.330383  -0.940679  0.0717542   -0.93921  -0.335761 0.00589678   0.335953   0.158919 0.00193196 0.994645 0.195774 1.32002 0.0409986
1   -0.99649 -0.0688422  0.0476343 -0.0662454   0.300552  -0.951462  0.0511841  -0.951278  -0.304058  0.0100083   0.341213   0.148677 0.00198494 0.997323 0.309279 1.31176 0.0120366
1  -0.994498 -0.0929246  0.0483635 -0.0765535   0.329517  -0.941041  0.0715093  -0.939566  -0.334818  0.0057699   0.336106   0.158645 0.00194544 0.994645 0.298681 1.79959 0.0399093
1   -0.99666 -0.0669073  0.0468311 -0.0655518   0.313369  -0.947366  0.0487103  -0.947271  -0.316708  0.0103625   0.338952   0.152655 0.00196131 0.991968 0.534897 2.39276 0.0225538
1   -0.990207   -0.127254   0.0574193    -0.09722    0.333361   -0.937773    0.100194   -0.934172   -0.342468 7.75726e-05    0.335138    0.160751 0.00203644 0.995984 0.544999 2.49037 0.0661143
1  -0.994517 -0.0926662  0.0484754 -0.0764917   0.328455  -0.941417  0.0713156  -0.939963  -0.333742 0.00600613   0.336299   0.158275 0.00191935 0.994645 0.227608 1.681 0.0386764
1 -0.996657 -0.066886 0.0469145 -0.065536  0.311651 -0.947934 0.0487826  -0.94784 -0.314992 0.0103541  0.339236  0.152087 0.00195299 0.991968 0.305643 1.40377 0.0210422
1  -0.995073 -0.0877808  0.0460992 -0.0719292    0.31911  -0.944984  0.0682407  -0.943644  -0.323852 0.00663461   0.337943   0.155074 0.00193716 0.997323 0.19472 1.81954 0.0272679
1  -0.996587  -0.068035  0.0467444 -0.0658256   0.313326  -0.947362  0.0498075  -0.947206  -0.316735 0.00997575   0.338931   0.152685 0.00197628 0.991968 0.3617 1.49722 0.0219349
1  -0.992347  -0.110869  0.0543676  -0.088383   0.330253  -0.939745  0.0862336  -0.937358  -0.337525 0.00285647   0.335813    0.15933 0.00200897 0.994645 0.128524 1.35278 0.0509481
1  -0.995069 -0.0879884  0.0457893 -0.0716393    0.31824  -0.945299  0.0686034  -0.943918  -0.322974 0.00651711    0.33808     0.1548 0.00193442 0.997323 0.392044 2.15513 0.0265105
1  -0.996648 -0.0669134  0.0470754 -0.0656833   0.311371  -0.948016   0.048777   -0.94793  -0.314723  0.0103643   0.339272   0.152015 0.00195201 0.991968 0.319042 1.42563 0.020762
1  -0.994488 -0.0931391  0.0481454 -0.0766177   0.332115  -0.940122  0.0715723  -0.938629  -0.337421 0.00590136   0.335659   0.159481 0.00194393 0.994645 0.198667 1.54974 0.0427168
1  -0.991337  -0.118485    0.05668 -0.0937051   0.335618  -0.937326  0.0920366  -0.934517  -0.343813 0.00176851   0.334766   0.161329 0.00205087 0.993307 0.24156 1.72654 0.0611808
1  -0.995073 -0.0877808  0.0460992 -0.0719292    0.31911  -0.944984  0.0682407  -0.943644  -0.323852  0.0066346   0.337943   0.155074 0.00193715 0.997323 0.334895 1.51705 0.0272681
1  -0.991362  -0.118743  0.0556959 -0.0928268   0.335239  -0.937549  0.0926561   -0.93462  -0.343366 0.00144548    0.33482   0.161232 0.00205297 0.993307 0.293359 1.69122 0.0609422
1  -0.991337  -0.118485  0.0566799 -0.0937051   0.335618  -0.937326  0.0920365  -0.934517  -0.343813 0.00176851   0.334766   0.161329 0.00205086 0.993307 0.548301 2.35798 0.0611808
