1  -0.994317 -0.0944916  0.0490348 -0.0778585   0.331341  -0.940293  0.0726025  -0.938767  -0.336815 0.00573313   0.335788   0.159254 0.00193174 0.994645 0.393524 0.226815 0.0424247
1   -0.99175  -0.115622  0.0553446 -0.0909692   0.330647   -0.93936  0.0903116  -0.936645  -0.338437 0.00207307   0.335704    0.15961 0.00199998 0.993307 0.292739 0.190055 0.0547767
0  -0.999604 0.00291826  0.0280042 -0.0260139   0.284788  -0.958238 -0.0107716  -0.958586  -0.284599  0.0228684   0.342514   0.142675 0.00256544 0.94913 0.253502 0.132003 0.0881286
1    -0.990234    -0.127197    0.0570737   -0.0969119     0.333726    -0.937675     0.100222    -0.934049    -0.342794 -8.80129e-06     0.335068     0.160869 0.00203898 0.995984 0.370394 0.299877 0.0663058
1   -0.990207   -0.127254   0.0574193    -0.09722    0.333361   -0.937773    0.100194   -0.934172   -0.342468 7.75649e-05    0.335138    0.160752 0.00203643 0.995984 0.363343 0.137075 0.0661144
1  -0.994284 -0.0947644  0.0491834 -0.0781028   0.331486  -0.940222   0.072796  -0.938689  -0.336992 0.00568471   0.335769   0.159306 0.00192988 0.994645 0.281525 0.610851 0.0426878
1  -0.996594 -0.0680356   0.046601 -0.0657323   0.314139  -0.947099  0.0497973  -0.946936  -0.317541 0.00997185   0.338803   0.152955 0.00197891 0.991968 0.2126 0.133507 0.022714
1  -0.994284 -0.0947644  0.0491834 -0.0781028   0.331486  -0.940222   0.072796  -0.938689  -0.336992 0.00568471   0.335769   0.159306 0.00192989 0.994645 0.315857 0.175133 0.0426878
1   -0.99263  -0.108163  0.0546511 -0.0883734   0.337496  -0.937169  0.0829228  -0.935092  -0.344568  0.0036471   0.334612   0.161615 0.00203557 0.994645 0.162114 0.0822953 0.0558722
0  -0.998611 -0.0369821   0.037532 -0.0471185   0.307957  -0.950233  0.0235833  -0.950681  -0.309272   0.015259   0.339371   0.150807 0.00251125 0.98929 0.336795 0.168886 0.0465825
1  -0.991337  -0.118485  0.0566799 -0.0937051   0.335618  -0.937326  0.0920365  -0.934517  -0.343813 0.00176852   0.334766   0.161329 0.00205087 0.993307 0.257556 0.194593 0.0611808
1  -0.994317 -0.0944916  0.0490348 -0.0778585   0.331341  -0.940293  0.0726025  -0.938767  -0.336815 0.00573313   0.335788   0.159254 0.00193173 0.994645 0.404188 0.587098 0.0424248
0  -0.998501 -0.0327231  0.0438851 -0.0508459    0.25736  -0.964977  0.0202828  -0.965761  -0.258638  0.0165384   0.347328   0.133646 0.00219002 0.981258 0.373872 0.164625 0.0654772
1  -0.991365  -0.118709  0.0557106 -0.0928386   0.335337  -0.937513  0.0926094  -0.934589  -0.343462 0.00145736   0.334807   0.161257 0.00205218 0.993307 0.245494 0.161371 0.0610001
1  -0.994472 -0.0932485  0.0482756 -0.0767948   0.332335   -0.94003  0.0716127   -0.93854  -0.337659 0.00591439   0.335627    0.15956 0.00194148 0.994645 0.390134 0.131516 0.0429874
1  -0.996594 -0.0680356   0.046601 -0.0657323   0.314139  -0.947099  0.0497973  -0.946936  -0.317541 0.00997185   0.338803   0.152955 0.00197891 0.991968 0.522087 0.67058 0.022714
1  -0.996075 -0.0741641  0.0483067 -0.0691754   0.311849   -0.94761  0.0552143  -0.947233  -0.315755 0.00923344   0.339176   0.152334 0.00204743 0.997323 0.137732 0.0975722 0.0178398
1    -0.990184      -0.1275    0.0572603   -0.0971935     0.333722    -0.937647     0.100441    -0.934009    -0.342839 -5.12624e-05     0.335053     0.160876 0.002043 0.995984 0.309638 0.252648 0.0665712
1  -0.996646 -0.0668827  0.0471551 -0.0657679   0.311729  -0.947892   0.048698  -0.947814  -0.315083  0.0103952    0.33922   0.152134 0.00195122 0.991968 0.350172 0.145698 0.0210737
1   -0.990207   -0.127254   0.0574193    -0.09722    0.333361   -0.937773    0.100194   -0.934172   -0.342468 7.75848e-05    0.335138    0.160751 0.00203644 0.995984 0.399854 0.749578 0.0661143
0 -0.998474 -0.033205 0.0441274 -0.051191  0.256713 -0.965131 0.0207191 -0.965917 -0.258021 0.0164611  0.347449  0.133539 0.0022154 0.982597 0.270592 0.165023 0.0655524
1  -0.996587  -0.068035  0.0467444 -0.0658256   0.313326  -0.947362  0.0498075  -0.947206  -0.316735 0.00997576   0.338931   0.152685 0.00197628 0.991968 0.406585 0.10693 0.0219349
1  -0.995073 -0.0877808  0.0460993 -0.0719292    0.31911  -0.944984  0.0682407  -0.943644  -0.323852 0.00663461   0.337943   0.155074 0.00193715 0.997323 0.245206 0.25407 0.027268
1    -0.990184      -0.1275    0.0572603   -0.0971935     0.333722    -0.937647     0.100441    -0.934009    -0.342839 -5.12564e-05     0.335053     0.160876 0.002043 0.995984 0.331373 0.368625 0.0665712
1   -0.990207   -0.127254   0.0574193    -0.09722    0.333361   -0.937773    0.100194   -0.934172   -0.342468 7.75793e-05    0.335138    0.160751 0.00203644 0.995984 0.484832 0.66974 0.0661143
1  -0.996646 -0.0668828  0.0471551 -0.0657679   0.311729  -0.947892   0.048698  -0.947814  -0.315083  0.0103952    0.33922   0.152134 0.00195122 0.991968 0.213136 0.0970086 0.0210737
1  -0.994284 -0.0947645  0.0491834 -0.0781028   0.331486  -0.940222   0.072796  -0.938689  -0.336992  0.0056847   0.335769   0.159306 0.00192988 0.994645 0.0624151 0.146887 0.0426879
1  -0.995035 -0.0881503  0.0462012 -0.0722025   0.319881  -0.944702  0.0684969  -0.943348  -0.324658 0.00657716   0.337812   0.155336 0.00193696 0.997323 0.403643 0.227962 0.028183
1  -0.990207  -0.127254  0.0574193   -0.09722   0.333361  -0.937773   0.100194  -0.934172  -0.342468 7.7576e-05   0.335138   0.160751 0.00203644 0.995984 0.238208 0.203323 0.0661143
1  -0.991337  -0.118485  0.0566799 -0.0937051   0.335618  -0.937326  0.0920365  -0.934517  -0.343813 0.00176853   0.334766   0.161329 0.00205087 0.993307 0.254099 0.208933 0.0611808
0  -0.998584 -0.0356846  0.0394577 -0.0484198   0.302333  -0.951972  0.0220414  -0.952534  -0.303632  0.0157852   0.340336   0.148728 0.00247512 0.990629 0.218387 0.827916 0.0462152
1   -0.990207   -0.127254   0.0574193    -0.09722    0.333361   -0.937773    0.100194   -0.934172   -0.342468 7.75674e-05    0.335138    0.160752 0.00203644 0.995984 0.35717 0.132486 0.0661144
1   -0.990263   -0.126823   0.0574019  -0.0971405    0.334175   -0.937492    0.099713    -0.93394    -0.34324 0.000204738    0.335009    0.161002 0.00203745 0.995984 0.263004 0.103138 0.0663783
1  -0.994547 -0.0922305  0.0486848 -0.0764558   0.327293  -0.941825  0.0709309  -0.940411  -0.332559 0.00595871   0.336479   0.157894 0.0019363 0.994645 0.446526 0.766545 0.0372952
1  -0.996594 -0.0680356   0.046601 -0.0657323   0.314139  -0.947099  0.0497973  -0.946936  -0.317541 0.00997185   0.338803   0.152955 0.00197891 0.991968 0.340258 0.346303 0.022714
1  -0.996594 -0.0680356   0.046601 -0.0657323   0.314139  -0.947099  0.0497973  -0.946936  -0.317541 0.00997185   0.338803   0.152955 0.00197891 0.991968 0.311121 0.138066 0.022714
1  -0.994558 -0.0924392  0.0480583  -0.076034   0.328631  -0.941393  0.0712282  -0.939924  -0.333871 0.00583559   0.336263   0.158343 0.00194097 0.994645 0.371197 0.635764 0.0387979
1  -0.996594 -0.0680356   0.046601 -0.0657323   0.314139  -0.947099  0.0497973  -0.946936  -0.317541 0.00997185   0.338803   0.152955 0.00197891 0.991968 0.317767 0.105288 0.022714
1  -0.994317 -0.0944916  0.0490348 -0.0778585   0.331341  -0.940293  0.0726025  -0.938767  -0.336815 0.00573313   0.335788   0.159254 0.00193174 0.994645 0.327782 0.772954 0.0424248
1  -0.994514 -0.0925962  0.0486605 -0.0765588   0.327339  -0.941801  0.0712787  -0.940359  -0.332632 0.00602546   0.336483   0.157914 0.00191569 0.994645 0.33572 0.191141 0.0374809
1  -0.996646 -0.0668827  0.0471551 -0.0657678    0.31173  -0.947892   0.048698  -0.947814  -0.315083  0.0103952    0.33922   0.152134 0.00195123 0.991968 0.324686 0.170714 0.0210738
1  -0.994458 -0.0932009  0.0486428 -0.0770259   0.331025  -0.940473   0.071551  -0.939008  -0.336369 0.00590504   0.335842   0.159122 0.00194022 0.994645 0.399522 0.114282 0.0415824
1  -0.994558 -0.0924392  0.0480584  -0.076034   0.328631  -0.941393  0.0712282  -0.939924  -0.333871 0.00583559   0.336262   0.158343 0.00194097 0.994645 0.31833 0.149941 0.0387978
0  -0.998501 -0.0327231  0.0438851 -0.0508459    0.25736  -0.964977  0.0202828  -0.965761  -0.258638  0.0165384   0.347328   0.133646 0.00219002 0.981258 0.190028 0.139636 0.0654771
1    -0.990644    -0.124205    0.0565553   -0.0927061     0.308318    -0.946755     0.100155     -0.94314    -0.316947 -0.000189039     0.339601     0.152575 0.00198885 0.998661 0.534277 0.433677 0.048881
1  -0.995073 -0.0877807  0.0460992 -0.0719292    0.31911  -0.944984  0.0682407  -0.943644  -0.323852 0.00663462   0.337943   0.155074 0.00193715 0.997323 0.309501 0.158859 0.027268
1  -0.996646 -0.0668828  0.0471551 -0.0657679    0.31173  -0.947892   0.048698  -0.947814  -0.315083  0.0103952    0.33922   0.152134 0.00195122 0.991968 0.404287 0.150991 0.0210738
1  -0.996594 -0.0680356   0.046601 -0.0657323   0.314139  -0.947099  0.0497973  -0.946936  -0.317541 0.00997185   0.338803   0.152955 0.00197891 0.991968 0.351187 1.2938 0.022714
1  -0.991678  -0.116565  0.0546517 -0.0906173    0.33046   -0.93946  0.0914479  -0.936594  -0.338273 0.00176136   0.335729   0.159575 0.00202037 0.994645 0.460749 0.234717 0.0552513
1  -0.995073 -0.0877808  0.0460992 -0.0719292    0.31911  -0.944984  0.0682407  -0.943644  -0.323852 0.00663461   0.337943   0.155074 0.00193716 0.997323 0.366605 0.268464 0.0272679
0   -0.99866  -0.035608  0.0375447 -0.0466825   0.306987  -0.950568  0.0223221  -0.951047  -0.308238  0.0156702   0.339518    0.15045 0.00249353 0.98929 0.137569 0.0911457 0.0476473
1  -0.994317 -0.0944916  0.0490348 -0.0778585   0.331341  -0.940293  0.0726025  -0.938767  -0.336815 0.00573313   0.335788   0.159254 0.00193174 0.994645 0.340284 0.145626 0.0424248
1  -0.996657  -0.066886  0.0469145 -0.0655359   0.311651  -0.947934  0.0487826   -0.94784  -0.314992  0.0103541   0.339236   0.152087 0.00195299 0.991968 0.245922 0.130531 0.0210422
1  -0.996585 -0.0679989  0.0468405 -0.0659273   0.313741  -0.947217   0.049714  -0.947071  -0.317153  0.0100123   0.338867   0.152817 0.00197624 0.991968 0.140274 0.27086 0.0223193
1  -0.994517 -0.0926662  0.0484754 -0.0764917   0.328455  -0.941417  0.0713156  -0.939963  -0.333742 0.00600613   0.336299   0.158275 0.00191935 0.994645 0.150383 0.127805 0.0386764
1  -0.994377 -0.0938266  0.0491006 -0.0776521    0.33078  -0.940508  0.0720031  -0.939032  -0.336206 0.00586618   0.335882   0.159066 0.00193193 0.994645 0.230279 0.109872 0.0415701
1  -0.994472 -0.0932485  0.0482756 -0.0767948   0.332335   -0.94003  0.0716127   -0.93854  -0.337659 0.00591438   0.335627    0.15956 0.00194148 0.994645 0.282143 0.627828 0.0429875
1  -0.994458 -0.0932009  0.0486428 -0.0770259   0.331025  -0.940473   0.071551  -0.939008  -0.336369 0.00590503   0.335842   0.159122 0.00194023 0.994645 0.175669 0.105729 0.0415823
1  -0.996646 -0.0668828  0.0471551 -0.0657679    0.31173  -0.947892   0.048698  -0.947814  -0.315083  0.0103952    0.33922   0.152134 0.00195122 0.991968 0.293368 0.11201 0.0210738
1  -0.991337  -0.118485    0.05668 -0.0937051   0.335618  -0.937326  0.0920365  -0.934517  -0.343813 0.00176851   0.334766   0.161329 0.00205087 0.993307 0.274249 0.211989 0.0611808
1   -0.990393   -0.125987   0.0570044  -0.0965326    0.334732   -0.937356   0.0990131   -0.933853   -0.343678 0.000332295    0.334921    0.161183 0.00203574 0.995984 0.196866 0.0672949 0.0661002
0  -0.998611 -0.0369821   0.037532 -0.0471185   0.307957  -0.950233  0.0235833  -0.950681  -0.309272   0.015259   0.339371   0.150807 0.00251124 0.98929 0.151318 0.0769707 0.0465825
1   -0.99666 -0.0669073   0.046831 -0.0655518   0.313369  -0.947366  0.0487103  -0.947271  -0.316708  0.0103625   0.338952   0.152655 0.00196131 0.991968 0.336321 0.141592 0.0225538
1  -0.996646 -0.0668828  0.0471551 -0.0657679    0.31173  -0.947892   0.048698  -0.947814  -0.315083  0.0103952    0.33922   0.152134 0.00195123 0.991968 0.294138 0.145618 0.0210738
1  -0.994498 -0.0929246  0.0483635 -0.0765535   0.329517  -0.941041  0.0715093  -0.939566  -0.334818  0.0057699   0.336106   0.158645 0.00194544 0.994645 0.371365 0.188884 0.0399095
1  -0.995115 -0.0869955  0.0466659  -0.072283   0.320113  -0.944618  0.0672391  -0.943376  -0.324838 0.00676432   0.337774   0.155379 0.00196357 0.997323 0.317533 0.228062 0.027965
1  -0.994517 -0.0926662  0.0484754 -0.0764917   0.328455  -0.941417  0.0713156  -0.939963  -0.333742 0.00600613   0.336299   0.158275 0.00191935 0.994645 0.418817 0.137354 0.0386764
0  -0.998611 -0.0369821   0.037532 -0.0471185   0.307957  -0.950233  0.0235833  -0.950681  -0.309272   0.015259   0.339371   0.150807 0.00251124 0.98929 0.214463 0.159087 0.0465825
1  -0.994425 -0.0934404  0.0488623 -0.0772656   0.330383  -0.940679  0.0717542   -0.93921  -0.335761 0.00589678   0.335953   0.158919 0.00193195 0.994645 0.141691 0.0969473 0.0409986
1  -0.995091 -0.0872506  0.0467138 -0.0716947   0.310125  -0.947989  0.0682255  -0.946684  -0.314857  0.0064682   0.339533   0.152128 0.00191405 0.997323 0.30958 0.277189 0.0180473
1   -0.990207   -0.127254   0.0574193    -0.09722    0.333361   -0.937773    0.100194   -0.934172   -0.342468 7.75766e-05    0.335138    0.160752 0.00203644 0.995984 0.281257 0.179704 0.0661143
1  -0.996646 -0.0668828  0.0471551 -0.0657679    0.31173  -0.947892   0.048698  -0.947814  -0.315083  0.0103952    0.33922   0.152134 0.00195123 0.991968 0.437326 0.876938 0.0210738
1   -0.99666 -0.0669073  0.0468311 -0.0655518   0.313369  -0.947366  0.0487103  -0.947271  -0.316708  0.0103625   0.338952   0.152655 0.00196131 0.991968 0.35214 0.130652 0.0225537
0  -0.998611 -0.0369821   0.037532 -0.0471185   0.307957  -0.950233  0.0235833  -0.950681  -0.309272   0.015259   0.339371   0.150807 0.00251125 0.98929 0.261587 0.462557 0.0465825
0  -0.998508 -0.0372378  0.0399417  -0.049349   0.302156   -0.95198   0.023381  -0.952531  -0.303543  0.0153405   0.340368   0.148684 0.00249402 0.990629 0.199665 0.203454 0.0445287
1  -0.992085  -0.112169  0.0564409 -0.0905408   0.327565  -0.940481  0.0870046  -0.938147  -0.335128 0.00263152   0.336333   0.158392 0.00197604 0.994645 0.0969832 0.102079 0.0498416
1  -0.994502 -0.0927487  0.0486121 -0.0766947   0.329059   -0.94119  0.0712978  -0.939743  -0.334363 0.00602159   0.336196   0.158473 0.0019217 0.994645 0.379259 0.121456 0.039337
1    -0.990182    -0.127544    0.0572075   -0.0971635     0.333767    -0.937635     0.100495    -0.933987    -0.342883 -6.83367e-05     0.335043     0.160897 0.00204351 0.995984 0.363247 0.407193 0.0666347
1  -0.995073 -0.0877808  0.0460992 -0.0719292    0.31911  -0.944984  0.0682407  -0.943644  -0.323852 0.00663461   0.337943   0.155074 0.00193716 0.997323 0.231087 0.224134 0.0272679
1  -0.996594 -0.0680356   0.046601 -0.0657323   0.314139  -0.947099  0.0497973  -0.946936  -0.317541 0.00997185   0.338803   0.152955 0.00197891 0.991968 0.379846 0.150882 0.022714
1  -0.994377 -0.0938266  0.0491006 -0.0776521   0.330781  -0.940508  0.0720031  -0.939032  -0.336206 0.00586617   0.335882   0.159066 0.00193193 0.994645 0.379721 0.524238 0.0415703
1   -0.990286   -0.126711   0.0572564  -0.0969679    0.334212   -0.937496   0.0996549   -0.933941   -0.343253 0.000207633    0.335004    0.161025 0.00203662 0.995984 0.357824 0.258541 0.066302
1  -0.994558 -0.0924392  0.0480584  -0.076034   0.328631  -0.941393  0.0712282  -0.939924  -0.333871 0.00583559   0.336262   0.158343 0.00194097 0.994645 0.402757 0.154448 0.0387978
1   -0.990207   -0.127254   0.0574193    -0.09722    0.333361   -0.937773    0.100194   -0.934172   -0.342468 7.75705e-05    0.335138    0.160752 0.00203643 0.995984 0.296322 0.35536 0.0661144
1  -0.992274  -0.111356  0.0547045 -0.0888547   0.330109  -0.939751   0.086588  -0.937351  -0.337453 0.00276277   0.335852   0.159271 0.00200315 0.994645 0.0820632 0.042886 0.0511924
1    -0.990184      -0.1275    0.0572603   -0.0971935     0.333722    -0.937647     0.100441    -0.934009    -0.342839 -5.12502e-05     0.335053     0.160876 0.00204301 0.995984 0.294781 0.739822 0.0665712
1  -0.994317 -0.0944916  0.0490348 -0.0778585   0.331341  -0.940293  0.0726025  -0.938767  -0.336815 0.00573312   0.335788   0.159254 0.00193174 0.994645 0.34044 0.369053 0.0424248
1  -0.992521   -0.10972  0.0535135 -0.0874184   0.332843  -0.938922  0.0852071  -0.936577  -0.339945 0.00294254   0.335352   0.160157 0.00203194 0.994645 0.342455 0.208933 0.0524075
1  -0.994993 -0.0885125  0.0464094 -0.0725481   0.320287  -0.944539  0.0687391  -0.943176  -0.325105 0.00653658   0.337741   0.155476 0.00193533 0.997323 0.266696 0.106468 0.028706
1  -0.994514 -0.0925962  0.0486605 -0.0765588   0.327338  -0.941801  0.0712787  -0.940359  -0.332632 0.00602545   0.336483   0.157914 0.00191569 0.994645 0.239064 0.656582 0.0374809
1  -0.996646 -0.0668827  0.0471551 -0.0657679    0.31173  -0.947892   0.048698  -0.947814  -0.315083  0.0103952    0.33922   0.152134 0.00195122 0.991968 0.450635 0.144955 0.0210738
1   -0.990207   -0.127254   0.0574193    -0.09722    0.333361   -0.937773    0.100194   -0.934172   -0.342468 7.75645e-05    0.335138    0.160752 0.00203643 0.995984 0.368581 0.106191 0.0661144
1    -0.990182    -0.127544    0.0572075   -0.0971636     0.333767    -0.937635     0.100495    -0.933987    -0.342883 -6.83358e-05     0.335043     0.160897 0.00204351 0.995984 0.314136 0.303732 0.0666348
1  -0.996594 -0.0680356   0.046601 -0.0657323   0.314139  -0.947099  0.0497973  -0.946936  -0.317541 0.00997185   0.338803   0.152955 0.00197891 0.991968 0.495978 0.235419 0.022714
1   -0.99666 -0.0669073  0.0468311 -0.0655518   0.313369  -0.947366  0.0487103  -0.947271  -0.316708  0.0103625   0.338952   0.152655 0.00196132 0.991968 0.496432 0.730867 0.0225538
1   -0.99666 -0.0669073  0.0468311 -0.0655518   0.313369  -0.947366  0.0487103  -0.947271  -0.316708  0.0103625   0.338952   0.152655 0.00196132 0.991968 0.317663 0.126439 0.0225537
1    -0.990184      -0.1275    0.0572603   -0.0971935     0.333722    -0.937647     0.100441    -0.934009    -0.342839 -5.12538e-05     0.335053     0.160876 0.00204301 0.995984 0.506889 0.48748 0.0665712
0 -0.998474 -0.033205 0.0441274 -0.051191  0.256713 -0.965131 0.0207191 -0.965917 -0.258021 0.0164611  0.347449  0.133539 0.0022154 0.982597 0.243044 0.140319 0.0655524
1  -0.996594 -0.0680356   0.046601 -0.0657323   0.314139  -0.947099  0.0497973  -0.946936  -0.317541 0.00997185   0.338803   0.152955 0.00197891 0.991968 0.327409 0.126042 0.022714
1  -0.994514 -0.0925962  0.0486605 -0.0765588   0.327338  -0.941801  0.0712787  -0.940359  -0.332632 0.00602546   0.336483   0.157914 0.00191569 0.994645 0.323566 0.186061 0.0374809
0   -0.99866  -0.035608  0.0375447 -0.0466825   0.306987  -0.950568  0.0223221  -0.951047  -0.308238  0.0156702   0.339518    0.15045 0.00249353 0.98929 0.149642 0.0959323 0.0476473
1  -0.992581  -0.108417   0.055033 -0.0887463   0.336643  -0.937441  0.0831077   -0.93537  -0.343767 0.00359905   0.334758   0.161344 0.00203244 0.994645 0.183578 0.0720527 0.0552557
1  -0.990581  -0.124503  0.0569921 -0.0960967   0.335615  -0.937085  0.0975428  -0.933735  -0.344418 0.00064331   0.334791   0.161409 0.00202134 0.994645 0.224694 0.0869437 0.0656401
1  -0.995073 -0.0877808  0.0460992 -0.0719292    0.31911  -0.944984  0.0682407  -0.943644  -0.323852 0.00663461   0.337943   0.155074 0.00193716 0.997323 0.19361 0.0880403 0.027268
1  -0.996548 -0.0679834  0.0476437 -0.0659563   0.299869  -0.951698  0.0504128  -0.951555  -0.303318  0.0101572   0.341305   0.148446 0.00198327 0.997323 0.309859 0.115828 0.0125827
1    -0.990182    -0.127544    0.0572075   -0.0971635     0.333767    -0.937635     0.100495    -0.933987    -0.342883 -6.83401e-05     0.335043     0.160897 0.00204351 0.995984 0.263328 0.166159 0.0666348
1  -0.994458 -0.0932009  0.0486428 -0.0770259   0.331025  -0.940473   0.071551  -0.939008  -0.336369 0.00590504   0.335842   0.159122 0.00194023 0.994645 0.287719 0.281469 0.0415824
1  -0.994498 -0.0929246  0.0483635 -0.0765534   0.329517  -0.941041  0.0715093  -0.939566  -0.334817  0.0057699   0.336106   0.158645 0.00194544 0.994645 0.445687 0.727005 0.0399093
1  -0.994472 -0.0932485  0.0482756 -0.0767948   0.332335   -0.94003  0.0716127   -0.93854  -0.337659 0.00591438   0.335627    0.15956 0.00194148 0.994645 0.218702 0.0876321 0.0429875
1  -0.994488 -0.0931391  0.0481454 -0.0766177   0.332115  -0.940122  0.0715723  -0.938629  -0.337421 0.00590137   0.335659   0.159481 0.00194392 0.994645 0.308868 0.0733272 0.0427168
1  -0.996646 -0.0668828  0.0471551 -0.0657679    0.31173  -0.947892   0.048698  -0.947814  -0.315083  0.0103952    0.33922   0.152134 0.00195123 0.991968 0.18887 0.0837789 0.0210738
1  -0.996594 -0.0680357   0.046601 -0.0657323   0.314139  -0.947099  0.0497973  -0.946936  -0.317541 0.00997184   0.338803   0.152955 0.00197891 0.991968 0.360853 0.106794 0.022714
1  -0.996646 -0.0668828  0.0471551 -0.0657679    0.31173  -0.947892   0.048698  -0.947814  -0.315083  0.0103952    0.33922   0.152134 0.00195122 0.991968 0.153573 0.140364 0.0210738
1  -0.992347  -0.110869  0.0543676  -0.088383   0.330253  -0.939745  0.0862336  -0.937358  -0.337525 0.00285647   0.335813    0.15933 0.00200897 0.994645 0.368614 0.453343 0.050948
1  -0.996657 -0.0668859  0.0469145 -0.0655359   0.311651  -0.947934  0.0487825   -0.94784  -0.314992  0.0103541   0.339236   0.152087 0.00195299 0.991968 0.318699 0.10422 0.0210421
1  -0.996646 -0.0668828  0.0471551 -0.0657679   0.311729  -0.947892   0.048698  -0.947814  -0.315083  0.0103952    0.33922   0.152134 0.00195122 0.991968 0.195659 0.131541 0.0210737
1  -0.994472 -0.0932485  0.0482756 -0.0767948   0.332335   -0.94003  0.0716127   -0.93854  -0.337659 0.00591439   0.335627    0.15956 0.00194148 0.994645 0.282013 0.0966253 0.0429874
1  -0.996633 -0.0670325  0.0472122 -0.0658795   0.311923  -0.947821  0.0488082   -0.94774  -0.315289  0.0103675   0.339186   0.152198 0.00195204 0.991968 0.329784 0.18503 0.0211441
1    -0.990184      -0.1275    0.0572603   -0.0971935     0.333722    -0.937647     0.100441    -0.934009    -0.342839 -5.12609e-05     0.335054     0.160876 0.002043 0.995984 0.296793 0.452832 0.0665712
1   -0.990207   -0.127254   0.0574193    -0.09722    0.333361   -0.937773    0.100194   -0.934172   -0.342468 7.75614e-05    0.335138    0.160752 0.00203644 0.995984 0.551479 0.488877 0.0661144
