1  -0.995099 -0.0886144  0.0438847 -0.0709119   0.330168  -0.941255  0.0689194  -0.939754  -0.334833 0.00633644   0.336022   0.158856 0.00198134 0.994645 0.380161 2.53744 0.0395136
1  -0.991602  -0.117458  0.0541172 -0.0937628   0.364749  -0.926373  0.0890707  -0.923668  -0.372699 0.00256971   0.329839   0.170388 0.0022129 0.991968 0.217444 1.41658 0.0878082
1  -0.995111 -0.0860361  0.0484958 -0.0722255   0.299044  -0.951502  0.0673611  -0.950353  -0.303796 0.00678406   0.340842   0.148729 0.00200605 0.997323 0.416274 1.47925 0.00854687
1  -0.994049 -0.0956649  0.0521069   -0.07949   0.309928  -0.947431  0.0744865  -0.945935  -0.315688  0.0052437   0.339645   0.152204 0.00188401 0.997323 0.340986 2.45366 0.0229502
1  -0.994134 -0.0968324   0.048168 -0.0805229   0.365387  -0.927366  0.0721991  -0.925806  -0.371041 0.00598939   0.329477   0.170393 0.00231686 0.987952 0.275671 1.56794 0.0801364
1  -0.995179 -0.0917486  0.0346485 -0.0644626   0.345686  -0.936133  0.0739114  -0.933854  -0.349934 0.00457644    0.33333   0.163824 0.00217905 0.993307 0.188761 2.40246 0.0584968
1  -0.997507 -0.0596282  0.0377462 -0.0557627   0.338152  -0.939438   0.043253    -0.9392  -0.340634   0.011676   0.334331   0.160998 0.00229735 0.987952 0.0858965 1.28797 0.0514948
1  -0.993336  -0.103108  0.0514939 -0.0847414   0.350595  -0.932686  0.0781138  -0.930834  -0.356996 0.00444953   0.332158   0.165776 0.0021261 0.98929 0.246299 1.76816 0.0663653
1  -0.994152 -0.0968445  0.0477727 -0.0780056    0.33812  -0.937865  0.0746741  -0.936107  -0.343697 0.00498998   0.334812   0.161433 0.00193005 0.994645 0.205547 1.53709 0.0504543
1  -0.993956 -0.0967632   0.051854 -0.0815146   0.334127  -0.938997  0.0735345  -0.937548  -0.339995 0.00552869   0.335314   0.160151 0.00193492 0.993307 0.489001 1.34449 0.0463668
1  -0.994537 -0.0946432   0.044036 -0.0753048   0.358357  -0.930542  0.0722889  -0.928775  -0.363527 0.00569874   0.331178   0.167679 0.00211612 0.993307 0.233936 1.57329 0.0716159
1  -0.994061 -0.0969658  0.0493962 -0.0802661   0.346813  -0.934493  0.0734826  -0.932908  -0.352537 0.00558929   0.333218   0.164133 0.00198349 0.993307 0.388225 2.37093 0.0597282
0  -0.996856 -0.0632472  0.0477238 -0.0641069   0.289863  -0.954919  0.0465626  -0.954976  -0.293006  0.0111146   0.342793   0.144915 0.0019889 0.998661 0.431374 1.12445 0.0186305
1  -0.993149  -0.108202  0.0441376 -0.0824551   0.381216  -0.920802  0.0828064  -0.918132  -0.387526 0.00366275    0.32643   0.175444 0.00264342 0.98929 0.0281151 1.58068 0.100988
1  -0.996025  -0.083644  0.0306338 -0.0591288   0.363618   -0.92967  0.0666223  -0.927785  -0.367118 0.00661618   0.329511    0.16989 0.00268583 0.981258 0.156316 1.5942 0.0774848
1  -0.997534 -0.0616543  0.0335283 -0.0541965   0.373214  -0.926161  0.0445886  -0.925695  -0.375635  0.0112214   0.328555   0.171965 0.00248952 0.983936 0.398773 2.70229 0.0884432
1  -0.996366 -0.0725436  0.0446288 -0.0668615   0.341596  -0.937466  0.0527621  -0.937043  -0.345205 0.00950366   0.334362   0.161703 0.00216739 0.993307 0.087212 1.57344 0.0506615
1  -0.992833  -0.107196  0.0528341 -0.0876508   0.352623  -0.931652  0.0812386  -0.929605  -0.359491  0.0036509   0.331388   0.166615 0.00239947 0.986613 0.189181 1.36361 0.0704742
1   -0.99479 -0.0894238   0.048952 -0.0738123   0.300586  -0.950894  0.0703183  -0.949553  -0.305621 0.00608078   0.340917   0.149167 0.00189263 0.997323 0.369686 1.50487 0.0120333
1  -0.995812 -0.0855291  0.0322945 -0.0593488   0.336081  -0.939961  0.0695405  -0.937942  -0.339749 0.00567575   0.335288   0.160368 0.00215404 0.997323 0.380075 3.901 0.0477979
1  -0.996028 -0.0787183  0.0416021 -0.0634662    0.30001  -0.951822  0.0624448  -0.950682  -0.303815 0.00770004   0.341253   0.148709 0.002016 1 0.336243 1.76935 0.0110754
1  -0.995477 -0.0867771    0.03868 -0.0644197   0.317266  -0.946146   0.069832  -0.944358  -0.321421 0.00570708   0.338236   0.154538 0.00199998 0.997323 0.39947 1.66256 0.0273874
1  -0.997063 -0.0637789  0.0424071 -0.0608296   0.322984  -0.944448   0.046539  -0.944253  -0.325915  0.0107913   0.337279   0.155689 0.00210197 0.993307 0.180986 1.4369 0.0338709
1   -0.99456 -0.0925069  0.0478756  -0.075995   0.330098  -0.940883  0.0712346  -0.939403  -0.335332 0.00578578   0.335758   0.158868 0.00200503 0.990629 0.417272 2.32345 0.0404197
1  -0.992631   -0.10805  0.0548525  -0.087569   0.326747  -0.941046   0.083757  -0.938915  -0.333801 0.00341774   0.336525   0.157986 0.00196041 0.994645 0.504065 2.92127 0.0459855
1  -0.995869 -0.0807818  0.0414741 -0.0650574   0.316078    -0.9465  0.0633509  -0.945288  -0.320027 0.00774441   0.338401   0.154131 0.00202256 0.997323 0.184365 1.34567 0.0237866
1  -0.994445  -0.093139  0.0490311  -0.077011   0.326281  -0.942131  0.0717512  -0.940673  -0.331641 0.00584966   0.336513   0.157631 0.00194524 0.993307 0.0549512 1.17358 0.0366457
1  -0.995011 -0.0899586   0.043137 -0.0721871   0.350719  -0.933694  0.0688649   -0.93215  -0.355463 0.00660734   0.332664   0.165239 0.0020459 0.994645 0.370104 2.8343 0.0621283
1  -0.992522  -0.112599   0.047125 -0.0832006   0.341583  -0.936162   0.089314  -0.933082  -0.348397 0.00215044   0.333677   0.163096 0.0021558 0.993307 0.193556 1.18666 0.0620531
1  -0.992791  -0.107741  0.0525211 -0.0873896   0.350745  -0.932385  0.0820349  -0.930252  -0.357632 0.00381797   0.331671   0.166088 0.00241146 0.987952 0.122951 1.31443 0.0687667
1  -0.994689 -0.0914287  0.0472624  -0.075282   0.333183  -0.939852  0.0701823  -0.938419  -0.338297 0.00626703   0.335586   0.159745 0.00193009 0.994645 0.390503 2.44036 0.0432438
1  -0.995604 -0.0878966  0.0323614 -0.0623791   0.364488  -0.929116  0.0698708   -0.92705  -0.368369 0.00575329   0.330395   0.169481 0.00236758 0.995984 0.25264 1.27706 0.078238
1  -0.991907  -0.116537  0.0503899 -0.0892823   0.358052  -0.929423  0.0902697  -0.926401  -0.365559 0.00218438    0.33086   0.168438 0.00217833 0.991968 0.212043 1.45987 0.080341
0  -0.993204 -0.0980201  0.0627455   -0.09678   0.396158  -0.913067  0.0646418  -0.912935  -0.402953 0.00927512   0.323914   0.179715 0.00283708 0.985274 0.189048 2.4034 0.116515
1  -0.997218 -0.0654581  0.0356661 -0.0567348   0.356113  -0.932719  0.0483529  -0.932148  -0.358836  0.0101241   0.331742   0.166464 0.00234499 0.990629 0.218209 2.28585 0.0687969
1  -0.994297 -0.0946972  0.0490447 -0.0782375   0.335215  -0.938888  0.0724695  -0.937371  -0.340712 0.00565756    0.33513   0.160445 0.0019655 0.994645 0.315789 1.61674 0.0465594
1  -0.993946 -0.0963159  0.0528562 -0.0823483   0.334645  -0.938739  0.0727275  -0.937409   -0.34055 0.00582582   0.335057   0.160389 0.00199233 0.991968 0.354559 2.6934 0.0468322
1   -0.99558 -0.0837915  0.0424308 -0.0683591   0.336647  -0.939146  0.0644083  -0.937895  -0.340887 0.00777368   0.335014   0.160546 0.00208876 0.997323 0.279896 1.22507 0.0456231
1   -0.990114   -0.127638    0.058155   -0.100559    0.356911    -0.92871   0.0977828   -0.925377   -0.366218 0.000926953    0.331192    0.168149 0.00214099 0.994645 0.254967 2.9105 0.0864338
1   -0.99469 -0.0912019  0.0476824 -0.0763073   0.342704  -0.936339   0.069055  -0.935006  -0.347844 0.00659373   0.333776   0.162746 0.00204097 0.993307 0.292279 1.54473 0.0534881
1  -0.994328 -0.0956607  0.0464898 -0.0759224   0.332275  -0.940122  0.0744854  -0.938319  -0.337653 0.00497816   0.335579   0.159632 0.00194471 0.993307 0.326941 1.65813 0.0440018
1  -0.994239 -0.0961232  0.0474218 -0.0798424   0.369009   -0.92599  0.0715101  -0.924442  -0.374558 0.00622257   0.329151    0.17124 0.00219155 0.98929 0.321739 1.80807 0.0838303
1  -0.991873  -0.117151  0.0496354 -0.0886736   0.356743  -0.929985  0.0912416  -0.926828  -0.364232 0.00185189   0.331042   0.168079 0.00218488 0.991968 0.232669 1.51559 0.0793561
1 -0.996876 -0.065851  0.043606 -0.062001  0.310465 -0.948561 0.0489255 -0.948301 -0.313578 0.0105056  0.339569   0.15171 0.00200112 0.997323 0.259896 1.65721 0.0216205
1   -0.991337   -0.118966   0.0556563  -0.0896445    0.303162   -0.948713   0.0959917   -0.945484   -0.311201 0.000621904    0.340359    0.150812 0.0019885 0.998661 0.534359 2.45561 0.0420325
1  -0.995521  -0.087769  0.0351445  -0.060432   0.304861  -0.950478  0.0727083  -0.948344  -0.308799 0.00474356   0.339742   0.150644 0.00226483 0.997323 0.192701 1.45935 0.0212003
1  -0.995268 -0.0874132  0.0424301 -0.0707512   0.352645  -0.933079  0.0666006  -0.931666  -0.357161 0.00682494   0.331659   0.166283 0.00234886 0.985274 0.282886 1.93606 0.0640656
1  -0.995982  -0.079658  0.0409193 -0.0637601   0.309911  -0.948625  0.0628843  -0.947423  -0.313744 0.00735278   0.339219    0.15208 0.00204546 0.993307 0.329368 2.19123 0.0181806
1  -0.997484 -0.0578453  0.0409899 -0.0569705   0.309877  -0.949068  0.0421973  -0.949015  -0.312393  0.0120406   0.339274   0.151561 0.00214437 0.995984 0.376258 2.14656 0.027955
1  -0.995778 -0.0747254   0.053304  -0.074178   0.313086  -0.946824  0.0540631  -0.946781  -0.317307  0.0103892   0.338447   0.152918 0.00225304 0.991968 0.263321 1.37031 0.0192169
1  -0.997862 -0.0567784  0.0323647 -0.0479383   0.299298  -0.952955  0.0444205  -0.952469   -0.30138  0.0109161   0.340903    0.14854 0.00221468 0.995984 0.234014 1.70174 0.0300867
1  -0.992509  -0.111483  0.0499832 -0.0863586   0.350759  -0.932475  0.0864229  -0.929806  -0.357759 0.00307639    0.33209   0.166059 0.0021654 0.991968 0.260483 1.25771 0.0703821
0  -0.996808 -0.0643831  0.0472089 -0.0649781   0.310688  -0.948288  0.0463865  -0.948329   -0.31388  0.0110671   0.339127   0.151789 0.00208569 0.994645 0.194685 1.33703 0.0218631
1  -0.996561 -0.0711887  0.0424159  -0.062475    0.30917  -0.948953  0.0544409  -0.948339  -0.312554  0.0084446   0.339394   0.151544 0.00210307 0.993307 0.0850981 1.28549 0.0182819
1  -0.995226 -0.0877236  0.0427704 -0.0693087   0.326753  -0.942565  0.0687099   -0.94103  -0.331273 0.00640358    0.33673   0.157561 0.00196899 0.997323 0.12841 1.45497 0.035775
1   -0.99508 -0.0878214  0.0458666 -0.0739912   0.350826  -0.933513  0.0658912  -0.932313  -0.355598 0.00750954   0.332435   0.165218 0.00211935 0.993307 0.155608 1.25358 0.0617208
1  -0.995295  -0.085281  0.0459802 -0.0706979   0.314766  -0.946533  0.0662482   -0.94533  -0.319314 0.00719529   0.338643   0.153666 0.00193827 0.997323 0.283328 2.67837 0.0219832
1   -0.99497  -0.086468  0.0505807  -0.077782   0.348654  -0.934018  0.0631276  -0.933254  -0.353626 0.00797552   0.332593   0.164657 0.0021596 0.985274 0.0824652 1.43238 0.059196
1  -0.995647 -0.0816133  0.0450217 -0.0695275   0.328607  -0.941904  0.0620775  -0.940934  -0.332851 0.00824894   0.336343   0.157981 0.00206133 0.997323 0.253494 1.47389 0.036235
1  -0.994899 -0.0917299  0.0419734  -0.070072   0.329102  -0.941691  0.0725677  -0.939828  -0.333851 0.00525075    0.33567   0.158629 0.00220108 0.98929 0.221092 1.13673 0.0398307
1  -0.994358 -0.0942192  0.0487396 -0.0777208   0.334376   -0.93923  0.0721962  -0.937718  -0.339812 0.00581133   0.335343   0.160186 0.0019304 0.994645 0.238425 1.3732 0.0454811
1   -0.99457 -0.0890098  0.0539216 -0.0781762   0.297001  -0.951672  0.0686934  -0.950719  -0.302347 0.00651451     0.3415   0.147971 0.00193788 0.997323 0.345089 1.51634 0.0103417
1  -0.997229 -0.0632411  0.0391841 -0.0577864   0.326714  -0.943355  0.0468568  -0.943005  -0.329463  0.0105756   0.336616   0.157013 0.00217937 0.994645 0.262533 1.46444 0.0384681
1  -0.997516 -0.0603362  0.0363627 -0.0550813   0.346218  -0.936536  0.0439176  -0.936212  -0.348681  0.0114633   0.333316   0.163452 0.00228591 0.993307 0.173065 1.49514 0.0595932
1   -0.993397   -0.110512   0.0308132  -0.0697249    0.368262   -0.927104   0.0911091   -0.923131   -0.373535 0.000944493    0.329137    0.171524 0.0025775 0.990629 0.167126 1.59451 0.0891385
1  -0.995318 -0.0845831  0.0467824 -0.0727348   0.336639   -0.93882  0.0636596  -0.937827  -0.341215 0.00759243   0.334931   0.160544 0.0020863 0.993307 0.274874 2.52621 0.045342
1  -0.996763  -0.065344  0.0468379 -0.0644615   0.301409  -0.951313  0.0480453  -0.951253  -0.304646  0.0105484   0.340633   0.148895 0.00202905 0.994645 0.385601 1.45714 0.0157164
0   -0.99411 -0.0965106  0.0492988 -0.0845769   0.406483  -0.909735    0.06776  -0.908547  -0.412251 0.00732253   0.322034   0.182993 0.00280527 0.982597 0.122489 1.49894 0.126458
1    -0.9934  -0.102431  0.0516113 -0.0852107   0.357861  -0.929879  0.0767789   -0.92814  -0.364227 0.00492549   0.331107   0.167902 0.00208864 0.990629 0.0720767 1.18998 0.0737596
1  -0.994856 -0.0913384  0.0438137 -0.0719359   0.332438  -0.940378  0.0713272  -0.938692  -0.337299 0.00564703   0.335722   0.159592 0.00194929 0.994645 0.29687 1.51941 0.0427468
1      -0.9903    -0.128257     0.053437   -0.0946498     0.341156    -0.935229      0.10172    -0.931216    -0.349987 -0.000582598      0.33368     0.163204 0.00210895 0.994645 0.255663 1.53675 0.0725937
1  -0.995153 -0.0873861  0.0451079 -0.0727881   0.346076  -0.935379  0.0661283  -0.934128   -0.35076 0.00708697   0.333461     0.1636 0.00210168 0.995984 0.39394 2.73411 0.0563392
1   -0.99236  -0.114634  0.0456144 -0.0851237   0.368547  -0.925704  0.0893059  -0.922514  -0.375489 0.00232476   0.328982   0.171743 0.00230765 0.991968 0.237737 1.18712 0.0900035
1  -0.994669 -0.0905125  0.0494076 -0.0809113   0.387999  -0.918101  0.0639295  -0.917204  -0.393255 0.00813521   0.325849   0.176843 0.00255365 0.98929 0.249118 2.31346 0.10416
1   -0.991255   -0.119421   0.0561441  -0.0924237    0.324617   -0.941319   0.0941877   -0.938276   -0.332816 0.000936939     0.33667    0.157757 0.00200977 0.994645 0.355062 1.36051 0.0532691
1  -0.992683   -0.10748  0.0550239 -0.0870077   0.320757  -0.943157  0.0837213  -0.941044  -0.327761 0.00336353   0.337622     0.1559 0.00193566 0.995984 0.115437 1.58689 0.0406377
1  -0.997562 -0.0591493    0.03702 -0.0545497    0.33021   -0.94233  0.0435138  -0.942053  -0.332631  0.0115749   0.335963   0.158247 0.00222979 0.995984 0.279741 1.35282 0.0441824
0  -0.993088  -0.106473  0.0493897 -0.0907478   0.429668  -0.898416  0.0744361  -0.896688   -0.43636 0.00578816   0.317167   0.190718 0.00308077 0.96921 0.0400376 2.24049 0.155409
1  -0.995466 -0.0831235  0.0462305 -0.0705848   0.319814  -0.944848  0.0637539  -0.943827  -0.324231 0.00759366   0.337647    0.15524 0.00203946 0.995984 0.190479 1.47718 0.0267439
1  -0.992701  -0.108411  0.0528295 -0.0905871   0.381132  -0.920072   0.079611  -0.918142  -0.388171 0.00462422    0.32655   0.175716 0.00244266 0.987952 0.234515 1.40488 0.101425
1  -0.995308 -0.0838765  0.0482319 -0.0743374   0.343834  -0.936084  0.0619317  -0.935277  -0.348456 0.00848841   0.333817   0.162882 0.00211192 0.995984 0.334082 2.67806 0.0532411
0   -0.99093  -0.121022  0.0584053  -0.101511   0.389366  -0.915472  0.0880513  -0.913098   -0.39812 0.00313281   0.324953   0.178641 0.00248869 0.985274 0.234224 1.41108 0.115946
1  -0.994375 -0.0965285  0.0435937 -0.0759777   0.363322   -0.92856   0.073794   -0.92665  -0.368612 0.00516786   0.330271   0.169425 0.0021451 0.991968 0.258772 1.22307 0.0776443
1  -0.993778 -0.0995064  0.0500345 -0.0810731   0.338255  -0.937556  0.0763684  -0.935779  -0.344217 0.00475586   0.334586   0.161587 0.00195567 0.993307 0.103821 1.35718 0.0517835
1    -0.989274    -0.132656    0.0611465    -0.102972      0.33644    -0.936058     0.103601    -0.932315    -0.346491 -0.000626839     0.334378     0.162051 0.00210531 0.995984 0.273275 2.15192 0.073399
1  -0.994244 -0.0968647  0.0457913 -0.0754471     0.3295  -0.941136  0.0760746  -0.939174  -0.334911 0.00460199   0.336044   0.158723 0.00193907 0.993307 0.337939 2.12025 0.0417788
0  -0.995522 -0.0868499  0.0373154 -0.0692764   0.401759  -0.913121  0.0643127  -0.911618  -0.405976 0.00763365   0.322358   0.181592 0.00306506 0.970549 0.00813489 1.38458 0.11972
1  -0.995589   -0.08272  0.0442641 -0.0705449    0.34902  -0.934456  0.0618492  -0.933457  -0.353316   0.008588   0.332947    0.16445 0.00218313 0.997323 0.172802 1.64125 0.0590192
1  -0.994582  -0.090837  0.0505484  -0.075458   0.296387  -0.952082  0.0715024  -0.950738  -0.301635 0.00594497   0.341158   0.147914 0.00200727 0.995984 0.202686 1.09991 0.0121505
0  -0.997647  -0.055167  0.0407124 -0.0555305   0.301855  -0.951735  0.0402152  -0.951756  -0.304208  0.0126504   0.340139   0.149282 0.0022987 0.995984 0.352803 1.58084 0.02741
1   -0.99185  -0.116241  0.0521696 -0.0909221   0.358901  -0.928937  0.0892564  -0.926109  -0.366545 0.00250282   0.330567   0.168865 0.00218737 0.98929 0.321782 1.69676 0.0812116
1  -0.991374  -0.117036  0.0589864 -0.0930709   0.311801  -0.945578  0.0922744  -0.942912  -0.320004 0.00157734   0.338494   0.153681 0.00206362 0.993307 0.450035 2.07164 0.043853
1  -0.997453  -0.059659  0.0390848 -0.0561797   0.319598  -0.945886  0.0439392  -0.945673  -0.322136  0.0115469   0.337413   0.155164 0.00222927 0.991968 0.427634 2.4742 0.0341814
1  -0.991407  -0.120592  0.0506843 -0.0905233    0.35278  -0.931317  0.0944288  -0.927903  -0.360665 0.00112155   0.331836   0.166733 0.0021511 0.993307 0.251639 1.63494 0.0774848
1  -0.996448 -0.0691662  0.0480373 -0.0664796   0.295942   -0.95289  0.0516915  -0.952699  -0.299489 0.00994681   0.341914   0.147224 0.00199269 0.997323 0.218922 3.0351 0.0109902
1  -0.996897 -0.0682622  0.0392085 -0.0599303   0.335152  -0.940256  0.0510431  -0.939688  -0.338203 0.00976399   0.335816    0.15973 0.00216683 0.997323 0.25964 1.43185 0.0452203
1  -0.997336 -0.0629683   0.036811 -0.0572075   0.362223  -0.930334  0.0452478  -0.929962  -0.364861  0.0110962   0.330524   0.168522 0.00235123 0.985274 0.200865 1.60795 0.0757765
0  -0.996748 -0.0647447  0.0479669 -0.0654096   0.302497  -0.950903  0.0470562  -0.950949  -0.305748  0.0108746   0.340404   0.149218 0.00204096 0.993307 0.279331 1.55219 0.0163842
1  -0.997715 -0.0565197  0.0370136 -0.0535819   0.328262  -0.943066  0.0411517  -0.942894   -0.33054  0.0122947   0.336091   0.157765 0.00228746 0.995984 0.219917 1.72701 0.0438108
1  -0.993029  -0.106668  0.0501572 -0.0874054   0.380875  -0.920486  0.0790828  -0.918453  -0.387543 0.00463612   0.326963   0.175034 0.0023801 0.990629 0.0439244 1.22261 0.100143
1  -0.991501  -0.118922  0.0527505 -0.0912199     0.3464  -0.933641  0.0927578  -0.930519  -0.354304 0.00126173   0.332663   0.164908 0.0021557 0.98929 0.173157 1.31332 0.0707222
1  -0.994459 -0.0932234  0.0485768 -0.0771844   0.333825   -0.93947  0.0713644  -0.938014  -0.339171 0.00602577   0.335367   0.160017 0.00195118 0.994645 0.187774 1.26492 0.044543
1  -0.996423 -0.0694574   0.048128 -0.0670502   0.303239  -0.950553  0.0514286   -0.95038  -0.306812  0.0100527   0.340822   0.149486 0.00198929 0.997323 0.307766 1.2469 0.0126903
1  -0.993688  -0.100759  0.0493188 -0.0847999   0.386849  -0.918236  0.0734412  -0.916622  -0.392952 0.00586328   0.325976   0.176752 0.00241473 0.98929 0.129505 1.64061 0.104982
1  -0.996459 -0.0694997  0.0473137 -0.0679841   0.334951   -0.93978  0.0494666  -0.939669   -0.33849  0.0101794   0.335219   0.159519 0.00217898 0.98929 0.483279 2.33683 0.0437098
0  -0.988659  -0.139937  0.0545024  -0.112829   0.452636  -0.884528  0.0991086  -0.880647  -0.463292 0.00164894   0.311249   0.199271 0.00334589 0.943775 0.252429 2.34186 0.193291
1  -0.995069 -0.0888076   0.044165 -0.0715611   0.334518  -0.939668  0.0686757  -0.938195  -0.339224 0.00644825   0.335267   0.160261 0.00200347 0.994645 0.193759 1.57148 0.0441904
1  -0.997158 -0.0648802  0.0383054 -0.0571603   0.320212   -0.94562  0.0490861  -0.945122   -0.32301 0.00989483   0.338001   0.154866 0.00208308 0.995984 0.259394 1.35354 0.032053
1  -0.995471 -0.0819146  0.0482529 -0.0747956   0.361501  -0.929367  0.0586853  -0.928766   -0.36599 0.00889083   0.330671   0.168343 0.00226466 0.986613 0.0585764 1.63463 0.0729593
1  -0.996854 -0.0662621  0.0434904 -0.0627947   0.325454   -0.94347  0.0483623  -0.943233  -0.328591  0.0102834   0.337326   0.156442 0.00205132 0.994645 0.337466 1.44663 0.0349563
1  -0.992302  -0.111194   0.054527 -0.0889355    0.33341  -0.938578   0.086184  -0.936202  -0.340732 0.00292146   0.335163   0.160381 0.00204769 0.993307 0.111728 1.31255 0.0539768
1  -0.995104 -0.0874356  0.0460697 -0.0712162   0.311181  -0.947679  0.0685248   -0.94632  -0.315884 0.00653506   0.339114   0.152623 0.00194169 0.997323 0.38976 2.12959 0.0193354
0  -0.996686 -0.0649579  0.0489587 -0.0662883   0.299809  -0.951693  0.0471417  -0.951785  -0.303122  0.0108195   0.341037    0.14835 0.00194415 0.991968 0.321782 1.376 0.0150848
1  -0.995193 -0.0867854  0.0453708 -0.0719672   0.333922  -0.939849  0.0664149  -0.938597  -0.338563 0.00718485   0.335017   0.160022 0.00212466 0.98929 0.124166 1.47065 0.0429875
1  -0.992362  -0.112317  0.0510085 -0.0866083   0.339927  -0.936455  0.0878406  -0.933721  -0.347058 0.00278907   0.333449    0.16289 0.00237146 0.987952 0.123001 1.55478 0.0605261
1  -0.995633 -0.0800246  0.0480761 -0.0712996   0.319394  -0.944936  0.0602629  -0.944237  -0.323705 0.00836184   0.337952   0.154994 0.00200462 0.995984 0.31173 1.33051 0.0256271
1   -0.99167  -0.118612  0.0502235 -0.0903742   0.362881  -0.927443  0.0917803  -0.924256  -0.370578 0.00170908   0.330003   0.169948 0.00220109 0.990629 0.242377 1.5977 0.0862673
1   -0.992043   -0.114576    0.052184  -0.0847826    0.301546   -0.949675   0.0930745   -0.946542   -0.308861 0.000981863    0.339391    0.150681 0.00263817 0.990629 0.41895 2.24311 0.0371636
