1   0.985143  -0.169022  0.0303993 -0.0985919  -0.701573  -0.705744   0.140614   0.692262  -0.707814  -0.151948  -0.727611     1.0393 0.00139822 1 0.0868598 0.518638
1   0.986718  -0.160012  0.0280115 -0.0933957  -0.699889  -0.708119   0.132912   0.696097  -0.705538  -0.143004  -0.732745    1.03683 0.00138178 1 0.0167332 0.534904
1  0.982426 -0.183594 0.0336437 -0.105147 -0.693297 -0.712939  0.154217  0.696873 -0.700418 -0.170372 -0.735743   1.03112 0.00138623 1 0.0715358 0.508365
1   0.98124 -0.189537  0.035276 -0.108366 -0.693565 -0.712197  0.159454  0.695013 -0.701093 -0.176268 -0.733268   1.03188 0.00135199 1 0.0722692 0.52101
1   0.986177  -0.162727  0.0312164 -0.0935041  -0.702084  -0.705928    0.13679   0.693251  -0.707595  -0.147894  -0.728917    1.03899 0.00136824 1 0.037611 0.529009
1   0.990306  -0.136655  0.0248989 -0.0799989  -0.707646  -0.702024   0.113554   0.693227  -0.711718  -0.118767  -0.727815     1.0435 0.0013773 1 0.0891792 0.525867
1   0.986325  -0.162054  0.0300255 -0.0928477  -0.696871  -0.711161   0.136171   0.698648  -0.702388  -0.147401  -0.736489    1.03347 0.00140263 1 0.0677854 0.520786
1   0.985986   -0.16469  0.0266167 -0.0982295  -0.702079  -0.705291   0.134842   0.692793  -0.708418  -0.144611  -0.728328    1.03992 0.0013856 1 0.147365 0.648127
1   0.990756  -0.133983  0.0212623 -0.0788031  -0.695985  -0.713719   0.110424   0.705446  -0.700109  -0.114899  -0.745679    1.03073 0.00135654 1 0.156732 0.527555
1   0.991073  -0.131713  0.0206472 -0.0775655  -0.695601  -0.714228   0.108435   0.706251  -0.699608  -0.112468  -0.746785    1.03025 0.00135292 1 0.188802 0.711559
1   0.987117  -0.157635  0.0274184 -0.0912813  -0.695561  -0.712645   0.131409   0.700961  -0.700989  -0.141491  -0.739872    1.03185 0.00138129 1 0.0501784 0.530335
1   0.98115 -0.189911 0.0357558 -0.108159 -0.692989 -0.712788  0.160145  0.695485 -0.700467 -0.177225 -0.734071    1.0311 0.00134646 1 0.061009 0.501087
1   0.985885  -0.165285  0.0266798 -0.0981791  -0.699823  -0.707537   0.135616   0.694931  -0.706173  -0.145591  -0.731664    1.03745 0.0013764 1 0.120711 0.589419
1   0.990749  -0.134354  0.0191001 -0.0796018   -0.68936  -0.720032   0.109906   0.711851  -0.693678  -0.113933  -0.755092     1.0237 0.00136494 1 0.123269 0.506881
1   0.986317  -0.161992  0.0306154 -0.0941052  -0.705696  -0.702237   0.135362   0.689748  -0.711284  -0.145948  -0.723868    1.04297 0.00137511 1 0.0966668 0.518925
1  0.980235 -0.194922 0.0338455  -0.11078 -0.682533  -0.72241  0.163914  0.704382 -0.690636 -0.181671 -0.747489   1.02033 0.00137965 1 0.0341504 0.538339
1   0.985932  -0.164639   0.028839 -0.0970377  -0.704288  -0.703251   0.136094   0.690559  -0.710357  -0.146537  -0.725114    1.04213 0.00138052 1 0.064723 0.524628
1   0.986052   -0.16296  0.0338357 -0.0929112  -0.707631  -0.700447   0.138088   0.687533  -0.712902  -0.150049  -0.720752    1.04482 0.00138962 1 0.0472581 0.532275
1   0.990581  -0.134406  0.0261449 -0.0767095  -0.702907  -0.707133    0.11342   0.698467  -0.706597  -0.119176  -0.735241    1.03802 0.0013943 1 0.107204 0.515941
1   0.990063  -0.140004  0.0132062 -0.0885291  -0.693495  -0.715002   0.109261   0.706728  -0.698998   -0.11184  -0.747668    1.02958 0.0014275 1 0.206715 0.690026
1   0.986862  -0.158358  0.0320288 -0.0904391  -0.705723  -0.702691   0.133881   0.690563  -0.710773  -0.144831  -0.724709    1.04253 0.00136453 1 0.0677677 0.507236
1   0.985986  -0.164023  0.0304633 -0.0945142  -0.699676  -0.708181   0.137473   0.695378  -0.705373  -0.148737  -0.732133    1.03664 0.001364 1 0.120056 0.54686
1   0.986661  -0.159989  0.0300485 -0.0911503  -0.695913  -0.712318   0.134874   0.700077  -0.701214  -0.145973  -0.738937    1.03206 0.00137447 1 0.095104 0.536626
1   0.986644  -0.160242  0.0292698 -0.0929112  -0.701196  -0.706889   0.133797   0.694728  -0.706718  -0.144332  -0.731013    1.03814 0.00136384 1 0.144069 0.640825
1   0.986584   -0.16049  0.0299172 -0.0922261  -0.699115  -0.709036   0.134709   0.696765  -0.704537  -0.145632  -0.733933    1.03575 0.00136312 1 0.0720595 0.52042
1   0.986814   -0.15882  0.0312046 -0.0906479  -0.702018  -0.706367   0.134091   0.694224  -0.707158  -0.145118  -0.730005    1.03858 0.0013677 1 0.0684804 0.516619
1    0.98668  -0.159373  0.0326121 -0.0901916  -0.702778  -0.705669   0.135383   0.693328  -0.707791  -0.146721  -0.728961    1.03931 0.00137252 1 0.0474044 0.529055
1    0.98682  -0.158969  0.0302677 -0.0915489  -0.702653  -0.705619   0.133439   0.693547  -0.707945  -0.144086  -0.729161    1.03943 0.0013589 1 0.180511 0.672672
1  0.988049 -0.151614 0.0278119 -0.089027 -0.708585 -0.699987  0.125835  0.689145 -0.713614 -0.134652 -0.722409    1.0456 0.00141468 1 0.0821803 0.501084
1   0.987693  -0.154511  0.0242882 -0.0888173  -0.681886  -0.726046   0.128744   0.714953  -0.687217  -0.138306  -0.760641    1.01655 0.00142576 1 0.10764 0.518568
1    0.99035  -0.136224  0.0254769 -0.0790901  -0.706513  -0.703267   0.113801   0.694465   -0.71047  -0.119196  -0.729557    1.04208 0.00137536 1 0.128315 0.519169
1   0.991141  -0.131637  0.0176564 -0.0796098  -0.695228  -0.714367   0.106312   0.706633  -0.699549  -0.109271  -0.747274    1.03027 0.00136786 1 0.143003 0.532958
1   0.986654  -0.159371  0.0333863 -0.0895336   -0.70225  -0.706278   0.136006   0.693862  -0.707147  -0.147842  -0.729974    1.03843 0.00139614 1 0.128973 0.526711
1   0.990454  -0.135741  0.0239713 -0.0784411  -0.698047  -0.711742   0.113346   0.703068  -0.702031  -0.118666  -0.742027    1.03285 0.00137068 1 0.0549966 0.519259
1   0.986474  -0.160642  0.0326132 -0.0919122  -0.706813  -0.701404   0.135727   0.688919  -0.712017  -0.147033  -0.722415    1.04384 0.00137354 1 0.108441 0.542496
1    0.98911  -0.144307  0.0289283 -0.0809106  -0.697338  -0.712161   0.122943   0.702064   -0.70142  -0.132481  -0.740992    1.03226 0.00141744 1 0.0737095 0.524131
1   0.985887  -0.164799  0.0294495 -0.0956769  -0.699015  -0.708678   0.137375   0.695859  -0.704917  -0.148281  -0.732813    1.03611 0.00137121 1 0.154021 0.551222
1   0.986577  -0.160938  0.0276628 -0.0933164  -0.694645  -0.713275   0.134009   0.701119  -0.700338  -0.144497  -0.740555    1.03115 0.00138127 1 0.0176905 0.53115
1   0.989923   -0.13979  0.0226094 -0.0824789   -0.69897  -0.710379   0.115107   0.701356  -0.703456  -0.120334  -0.739717    1.03453 0.00136649 1 0.0313836 0.528473
1    0.98716  -0.156746  0.0307558 -0.0887203  -0.698145  -0.710438    0.13283   0.698587  -0.703087  -0.143763  -0.736496    1.03407 0.00137275 1 0.120081 0.524834
1   0.986352   -0.16214  0.0286298 -0.0936051  -0.695264  -0.712633   0.135452   0.700227  -0.700953  -0.146174   -0.73922    1.03179 0.0013734 1 0.0586679 0.537299
1   0.987134  -0.157371  0.0283085 -0.0902395  -0.694454  -0.713857   0.131999   0.702117   -0.69972  -0.142438  -0.741742    1.03046 0.00138129 1 0.0704884 0.500478
1  0.982404 -0.183682 0.0337995 -0.105541 -0.695293 -0.710935  0.154087  0.694859 -0.702445 -0.169973 -0.732558   1.03335 0.00138814 1 0.00278784 0.512899
1   0.986834  -0.158852  0.0304209 -0.0916418  -0.704145  -0.704118   0.133272    0.69206  -0.709431   -0.14394  -0.726919    1.04118 0.00137388 1 0.0788139 0.526037
1   0.99045 -0.136365 0.0203157 -0.080719 -0.693009 -0.716396   0.11177  0.707915 -0.697398 -0.116386 -0.749227   1.02787 0.0013607 1 0.0400293 0.535615
1  0.989743 -0.141173  0.021874 -0.085141  -0.70587 -0.703206  0.114714  0.694131  -0.71065 -0.119282 -0.729312   1.04242 0.00138777 1 0.0555054 0.536152
1    0.99004  -0.139338  0.0201331 -0.0835221  -0.696434  -0.712744   0.113334   0.703963  -0.701136  -0.117863  -0.743585    1.03194 0.0013584 1 0.136777 0.564283
1     0.9864  -0.161379   0.031185 -0.0932441  -0.705667  -0.702382   0.135356   0.689921  -0.711117  -0.146248   -0.72398     1.0429 0.00136256 1 0.0529589 0.521567
1   0.987632  -0.153659  0.0311798 -0.0882429  -0.709124   -0.69954   0.129601   0.688137  -0.713913  -0.139641  -0.720838    1.04597 0.00139614 1 0.119879 0.518889
1   0.991109  -0.131521  0.0201485 -0.0776373  -0.694618  -0.715177   0.108056   0.707254  -0.698653  -0.111912  -0.748226    1.02917 0.00135488 1 0.104856 0.517337
1  0.984345 -0.174157 0.0270833   -0.1011 -0.683798 -0.722634  0.144371  0.708583   -0.6907 -0.156461 -0.752598   1.02044 0.00137696 1 0.0596809 0.51197
1   0.986521  -0.160779  0.0304489 -0.0920333   -0.69901  -0.709165   0.135303   0.696804  -0.704385  -0.146406  -0.734067    1.03553 0.00136203 1 0.0856932 0.496346
1   0.990264  -0.137893  0.0190603 -0.0824859  -0.691552  -0.717602   0.112134   0.709043  -0.696193  -0.116441  -0.750946    1.02649 0.00136301 1 0.0711878 0.542797
1   0.991126  -0.131211  0.0212917 -0.0773045  -0.699257  -0.710678   0.108137   0.702725  -0.703195  -0.112254  -0.741558    1.03419 0.00135828 1 0.15563 0.637823
1  0.991166 -0.130899 0.0213413 -0.076436 -0.695286 -0.714657  0.108386  0.706713 -0.699149 -0.112676 -0.747552   1.02973 0.00136239 1 0.0829273 0.547388
1   0.989994  -0.139779  0.0193526 -0.0840279   -0.69412  -0.714939   0.113366   0.706158  -0.698919  -0.117712  -0.746789    1.02953 0.00135736 1 0.0557069 0.533036
1   0.986372  -0.161025  0.0337937 -0.0902177  -0.701084  -0.707348   0.137593    0.69466  -0.706057   -0.14993  -0.731216    1.03732 0.00139112 1 0.0620473 0.524026
1   0.986112  -0.163819  0.0273244 -0.0967217  -0.700202  -0.707362   0.135012   0.694896  -0.706323   -0.14512  -0.731484    1.03764 0.00137123 1 0.0907022 0.512115
1   0.990866  -0.133955  0.0155381 -0.0812588  -0.685046  -0.723954   0.107622   0.716078  -0.689673  -0.110624  -0.761576    1.01928 0.00138858 1 0.450775 1.26617
1   0.990678  -0.134197  0.0233977 -0.0776829  -0.697651  -0.712214   0.111901   0.703757  -0.701572  -0.116961  -0.743161    1.03239 0.00135975 1 0.134044 0.77092
1  0.984378 -0.174378 0.0243188 -0.102625 -0.680505 -0.725521  0.143064  0.711691  -0.68777 -0.154602 -0.757107   1.01722 0.00138216 1 0.0891476 0.528831
1   0.988169  -0.149924  0.0323194 -0.0832728  -0.701453  -0.707834   0.128792   0.696768  -0.705639   -0.13971   -0.73339    1.03691 0.00138288 1 0.090848 0.533925
1   0.987897  -0.152727  0.0271025 -0.0860633   -0.68506  -0.723385   0.129047   0.712297  -0.689913   -0.13942  -0.757122    1.01958 0.00142463 1 0.03491 0.532231
1   0.986811  -0.158979  0.0304815 -0.0911184  -0.701171  -0.707147   0.133794   0.695043  -0.706409  -0.144655  -0.731396    1.03775 0.00135985 1 0.195333 0.602612
1   0.987839   -0.15176  0.0338032 -0.0840332  -0.704057  -0.705154   0.130814   0.693738  -0.708248  -0.142196  -0.729076    1.03976 0.00137438 1 0.0881603 0.513141
1   0.985762   -0.16614  0.0259168 -0.0984901  -0.695414  -0.711828   0.136286    0.69914  -0.701875  -0.146279  -0.737735    1.03282 0.00139038 1 0.0702294 0.520949
1   0.985158  -0.169308  0.0282653 -0.0981111  -0.690522  -0.716627   0.140848   0.703217  -0.696884  -0.152646  -0.744542    1.02728 0.00138746 1 0.0579747 0.526108
1   0.986513  -0.161497  0.0266603 -0.0940565  -0.692607  -0.715157   0.133961   0.703004  -0.698456  -0.144147  -0.743228    1.02899 0.00138619 1 0.0871134 0.523326
1  0.981261 -0.188991 0.0375361 -0.106471 -0.694196 -0.711867  0.160594  0.694531  -0.70131 -0.178154  -0.73261   1.03206 0.00134345 1 0.211038 0.670938
1   0.990393   -0.13686  0.0197599 -0.0818094  -0.695137  -0.714207   0.111482   0.705729  -0.699656  -0.115724  -0.746048    1.03032 0.00134988 1 0.0554962 0.535508
1   0.986883  -0.158728   0.029441 -0.0914474  -0.699947  -0.708316   0.133037   0.696332  -0.705282  -0.143404  -0.733286    1.03648 0.00137105 1 0.0512416 0.524179
1   0.990248  -0.137731  0.0209413 -0.0818007  -0.696514  -0.712865   0.112769     0.7042  -0.700988  -0.117376  -0.743679     1.0318 0.00136271 1 0.0768665 0.537728
1   0.990359  -0.137478  0.0169964 -0.0837026  -0.691659  -0.717357   0.110377   0.709018  -0.696498  -0.113753  -0.750961    1.02685 0.0013652 1 0.0494691 0.536253
1   0.985321  -0.167638  0.0322486 -0.0955527  -0.698126   -0.70957   0.141465   0.696073  -0.703897  -0.153627  -0.733545    1.03486 0.00140232 1 0.0428643 0.529715
1   0.986372  -0.161637  0.0307279 -0.0925498  -0.699488  -0.708627   0.136034   0.696125  -0.704914  -0.147188   -0.73312    1.03611 0.00136004 1 0.195644 0.580268
1    0.99018   -0.13838  0.0198512 -0.0837173  -0.700684  -0.708543   0.111958   0.699924  -0.705388  -0.116069  -0.737593    1.03659 0.00135745 1 0.051363 0.502628
1   0.991336  -0.128698  0.0262512 -0.0719702  -0.699418   -0.71108   0.109875    0.70303  -0.702621  -0.115649  -0.742061    1.03354 0.0013952 1 0.118993 0.535129
1   0.989994  -0.139681  0.0200341 -0.0834156  -0.693809  -0.715312   0.113815   0.706483  -0.698518  -0.118352  -0.747237    1.02906 0.00135953 1 0.049113 0.51313
1   0.986066  -0.164142  0.0270521 -0.0975642  -0.702319  -0.705145   0.134743    0.69268  -0.708547  -0.144479   -0.72831    1.04011 0.00138576 1 0.131225 0.528445
1   0.990967  -0.131876  0.0243411 -0.0763524  -0.704055  -0.706029   0.110246   0.697793  -0.707764  -0.115076  -0.734566    1.03911 0.00138226 1 0.151535 0.567109
1   0.991223  -0.129206  0.0279942 -0.0715633  -0.702435  -0.708141    0.11116   0.699922  -0.705515  -0.117344  -0.737333    1.03675 0.00140041 1 0.0403088 0.514241
1   0.987033  -0.157671  0.0300867 -0.0913834  -0.706066  -0.702225   0.131964    0.69037  -0.711319  -0.142215  -0.724537     1.0431 0.00136979 1 0.0896354 0.531884
1   0.990537  -0.135484  0.0219299 -0.0802293  -0.701231  -0.708405   0.111355   0.699942  -0.705465  -0.115847  -0.737533    1.03669 0.00134966 1 0.159028 0.753793
1   0.986762  -0.159311  0.0303385 -0.0914034  -0.700865  -0.707414   0.133962   0.695276  -0.706148  -0.144777  -0.731684    1.03747 0.00135984 1 0.160587 0.521196
1   0.985402   -0.16834  0.0253762 -0.0987975  -0.686867  -0.720036   0.138641   0.707018  -0.693472  -0.149462  -0.749919    1.02343 0.00139313 1 0.060159 0.532197
1   0.986446  -0.161099  0.0311535 -0.0924019  -0.702297  -0.705861   0.135593   0.693416  -0.707665  -0.146631   -0.72897    1.03916 0.00136478 1 0.149058 0.512373
1   0.990374  -0.136991  0.0198171 -0.0812641  -0.691353  -0.717933   0.112051   0.709411   -0.69583   -0.11648  -0.751368    1.02623 0.00136941 1 0.148778 0.525349
1   0.986559  -0.160707   0.029574 -0.0920928  -0.696331  -0.711788   0.134983   0.699497  -0.701771  -0.145952  -0.737979    1.03267 0.00136704 1 0.142374 0.727482
1  0.985434 -0.167935 0.0267971 -0.099244 -0.695858 -0.711289  0.138097  0.698268 -0.702389 -0.148678 -0.736557   1.03331 0.00139347 1 0.0909059 0.614097
1   0.990514  -0.135903   0.020316 -0.0804927  -0.693663  -0.715788    0.11137   0.707363  -0.698022   -0.11579  -0.748421    1.02848 0.00135592 1 0.0654228 0.523988
0   0.990657  -0.136254 0.00570429 -0.0867731  -0.662062  -0.744408   0.105205   0.736959    -0.6677  -0.106584  -0.792903   0.994824 0.00163522 0.997947 0.393751 1.049
1  0.982331 -0.183187 0.0383272 -0.102898 -0.699701 -0.706987  0.156328  0.690551 -0.706188 -0.173368 -0.726327   1.03741 0.00136789 1 0.136839 0.580778
1   0.988274  -0.149411  0.0314835 -0.0840605  -0.704506  -0.704702   0.127471   0.693792  -0.708804  -0.137788  -0.729022     1.0403 0.00139367 1 0.0932003 0.516913
1   0.986679  -0.159533  0.0318433 -0.0914952  -0.706047  -0.702229   0.134512   0.689962  -0.711238  -0.145529  -0.724008    1.04303 0.0013653 1 0.111077 0.52473
1  0.981767 -0.185965 0.0393668 -0.104991 -0.703149 -0.703248   0.15846  0.686293 -0.709854 -0.175593 -0.720276   1.04149 0.00138386 1 0.114551 0.522151
1   0.985975  -0.164318  0.0292139 -0.0943716  -0.693288  -0.714455   0.137652   0.701677  -0.699072  -0.148995  -0.741496    1.02965 0.00138333 1 0.114853 0.688445
1   0.985995  -0.162951  0.0355084 -0.0934234  -0.716038  -0.691782   0.138152   0.678776  -0.721233  -0.149693  -0.707806    1.05382 0.00141912 1 0.164743 0.564949
1   0.987111  -0.157477  0.0285179 -0.0897262  -0.692122  -0.716181    0.13252   0.704391  -0.697331  -0.143281   -0.74483    1.02787 0.00139563 1 0.064917 0.520749
0   0.991713  -0.126468  0.0226143 -0.0732916  -0.701486  -0.708905   0.105518   0.701373  -0.704942  -0.109303  -0.739481    1.03611 0.00139306 1 0.0293791 0.518304
1   0.990325   -0.13727  0.0203245 -0.0820564  -0.697404  -0.711966   0.111906    0.70341   -0.70192  -0.116202  -0.742687    1.03284 0.00134784 1 0.172928 0.653096
1    0.98992  -0.139919  0.0219414 -0.0827449  -0.697096  -0.712187   0.114944   0.703192  -0.701647  -0.119909  -0.742623    1.03246 0.0013654 1 0.0592231 0.520962
1  0.990632 -0.134838 0.0216045  -0.07949 -0.698026 -0.711646  0.111037  0.703263 -0.702205 -0.115591 -0.742437   1.03316 0.0013513 1 0.0801696 0.519388
1   0.990766  -0.134222  0.0191674 -0.0803941  -0.695411  -0.714101   0.109177   0.705966   -0.69978  -0.112865  -0.746536    1.03043 0.00135366 1 0.0744563 0.508316
1  0.984805 -0.171302 0.0285439  -0.10017 -0.694582 -0.712406  0.141862  0.698721 -0.701187 -0.153329 -0.737289   1.03208 0.00141384 1 0.0490686 0.530302
1   0.990418  -0.136813  0.0188393 -0.0819472  -0.691995  -0.717236   0.111164    0.70882  -0.696575  -0.115349  -0.750618    1.02695 0.00135993 1 0.108392 0.575794
1   0.990645  -0.134907  0.0205428 -0.0784668  -0.686299  -0.723075   0.111647   0.714699  -0.690464  -0.116618  -0.759158    1.02014 0.00140636 1 0.413687 1.00882
1  0.983076 -0.180644 0.0304944 -0.106209 -0.697608 -0.708564  0.149271  0.693333 -0.704988 -0.162069 -0.730141   1.03616 0.00142821 1 0.103834 0.503846
1   0.987142  -0.157173  0.0291115 -0.0907286  -0.700872  -0.707494   0.131602   0.695755   -0.70612  -0.141723  -0.732324    1.03735 0.00137478 1 0.179833 0.512691
1   0.986417   -0.16144  0.0303123 -0.0928995  -0.700486  -0.707594   0.135467   0.695167  -0.705969  -0.146408  -0.731795    1.03723 0.00136192 1 0.105147 0.54875
1  0.982273 -0.182639   0.04223 -0.101754 -0.708684  -0.69815  0.157437  0.681476 -0.714705 -0.174945 -0.712714   1.04675 0.0013971 1 0.100917 0.554782
1   0.990051  -0.140418 0.00907135 -0.0899358  -0.681062  -0.726682   0.108217   0.718636  -0.686914  -0.109766  -0.765571    1.01617 0.00147282 1 0.24937 1.05503
1  0.990773 -0.134202 0.0189333 -0.080854 -0.697386 -0.712121  0.108772  0.704019 -0.701802 -0.112359 -0.743741    1.0326 0.00136471 1 0.384648 1.32617
1  0.980749 -0.192498 0.0327915 -0.113574 -0.698927 -0.706117  0.158845    0.6888 -0.707335 -0.175092 -0.724348    1.0388 0.00146028 1 0.0872076 0.611912
1  0.984512 -0.173508 0.0251391 -0.103106 -0.688984 -0.717406  0.141796  0.703702 -0.696202 -0.152878 -0.745261   1.02651 0.00139064 1 0.0834681 0.562688
1   0.989965  -0.140293  0.0169697 -0.0849826   -0.68697  -0.721699   0.112907   0.713015  -0.691999  -0.116915  -0.757225    1.02177 0.00140706 1 0.109069 0.549994
1   0.986382  -0.162201  0.0272363 -0.0942316  -0.693053  -0.714701   0.134802   0.702401    -0.6989  -0.145254  -0.742223    1.02954 0.00138202 1 0.108599 0.547459
1    0.98661  -0.160335  0.0299058 -0.0921031  -0.699022  -0.709144   0.134605   0.696894  -0.704429  -0.145483  -0.734038    1.03559 0.00136536 1 0.146503 0.519777
1   0.986276  -0.162642  0.0283953 -0.0936551  -0.692771   -0.71505   0.135969   0.702578  -0.698496  -0.146975  -0.742885    1.02899 0.00138885 1 0.0254439 0.551458
1  0.986106  -0.16292  0.032438 -0.091748 -0.696934 -0.711242  0.138483  0.698384 -0.702199 -0.150726 -0.736316   1.03324 0.00139531 1 0.123963 0.573533
1   0.985841  -0.164974  0.0300264 -0.0963579  -0.703893   -0.70374   0.137234   0.690882  -0.709823  -0.148068  -0.725724    1.04143 0.00137036 1 0.0624756 0.542539
