1   0.991034  -0.132783  0.0148637 -0.0820967   -0.69292  -0.716325   0.105415   0.708682  -0.697608  -0.107709  -0.750347     1.0281 0.0013759 1 0.11658 0.599051
1   0.985835  -0.164881  0.0307282 -0.0950275  -0.700072  -0.707721   0.138202   0.694776  -0.705823  -0.149508  -0.731378    1.03707 0.00136658 1 0.143319 0.711023
1   0.990389  -0.136775  0.0205602 -0.0810832   -0.69458  -0.714831   0.112051   0.706294  -0.698995  -0.116587  -0.746923    1.02958 0.00135045 1 0.169465 0.63353
1  0.984381 -0.174323 0.0245941 -0.102952 -0.683334 -0.722811  0.142808  0.708989 -0.690608 -0.154259 -0.753196   1.02039 0.00138034 1 0.0509768 0.614567
1    0.98652  -0.161338  0.0273589 -0.0945268  -0.698313  -0.709524   0.133578   0.697373   -0.70415  -0.143579  -0.734872    1.03525 0.0013715 1 0.113232 0.760385
1    0.98681  -0.158936  0.0307466 -0.0911266  -0.702361  -0.705964   0.133799    0.69385   -0.70758  -0.144633  -0.729587    1.03903 0.00135825 1 0.112135 0.84153
1   0.985117  -0.169412  0.0290647 -0.0988026  -0.696468  -0.710754   0.140653   0.697303   -0.70284  -0.152151  -0.735695    1.03387 0.0014024 1 0.0641433 0.636541
1  0.990254 -0.137601 0.0215071 -0.081923 -0.700386 -0.709047  0.112629  0.700375 -0.704833 -0.117286  -0.73821   1.03609 0.00136317 1 0.161007 0.789674
1    0.98845  -0.150871  0.0142794 -0.0939766  -0.684152  -0.723259   0.118888   0.713564  -0.690429  -0.123159  -0.758374    1.02002 0.00153597 1 0.00552739 0.625253
1   0.990384  -0.136844  0.0203465 -0.0819521  -0.698775  -0.710632   0.111463    0.70213   -0.70327  -0.115675  -0.740822    1.03429 0.00134667 1 0.151586 1.00207
1   0.986768  -0.158964  0.0319396 -0.0911834   -0.70694  -0.701371   0.134072   0.689178   -0.71208  -0.144955  -0.722771    1.04386 0.00136823 1 0.112088 0.619263
1   0.990353  -0.135881  0.0271487 -0.0789032  -0.714059  -0.695625   0.113908   0.686772  -0.717892  -0.119358  -0.718427    1.05012 0.00142132 1 0.130324 0.900959
1   0.98462 -0.172417 0.0282013 -0.100997  -0.69345 -0.713391  0.142557  0.699571 -0.700199  -0.15424 -0.739205    1.0309 0.00138956 1 0.0926682 0.615282
1   0.990591  -0.135058  0.0221081 -0.0789699   -0.69603  -0.713657   0.111773   0.705196  -0.700146  -0.116481  -0.745186    1.03096 0.0013641 1 0.115094 0.6157
1   0.990451  -0.136268  0.0209411 -0.0807839  -0.696708  -0.712791   0.111721   0.704293  -0.701063  -0.116131  -0.743939    1.03182 0.00134963 1 0.193147 0.768517
1   0.986865  -0.158834  0.0294675 -0.0917103  -0.701019  -0.707221   0.132988   0.695229  -0.706378  -0.143518  -0.731592    1.03772 0.00136174 1 0.0728352 0.680451
1  0.985944 -0.165003 0.0262529 -0.097306  -0.69481  -0.71258  0.135818  0.700009 -0.701099 -0.145995 -0.739007   1.03188 0.00138132 1 0.0622153 0.622817
1   0.987656  -0.154575  0.0253318 -0.0908546  -0.697069  -0.711225   0.127596   0.700144  -0.702508  -0.135975  -0.738536    1.03343 0.00144513 1 0.0748073 0.71905
1   0.98617 -0.163017 0.0299156 -0.094266 -0.700143 -0.707752  0.136321  0.695144 -0.705827 -0.147218 -0.731787   1.03717 0.00136412 1 0.0791387 0.563688
1   0.990917  -0.133164  0.0187482 -0.0801957  -0.697077  -0.712497   0.107948   0.704522  -0.701425  -0.111327  -0.744166    1.03237 0.00136719 1 0.0871764 0.551459
1    0.99072  -0.134305  0.0208811 -0.0788072  -0.692783  -0.716827   0.110739    0.70853  -0.696938  -0.115262   -0.75023    1.02743 0.00136462 1 0.0839206 0.653934
1   0.984921  -0.170714  0.0280458 -0.0989386  -0.688803  -0.718166   0.141919   0.704562  -0.695307  -0.153784  -0.746471    1.02555 0.00137866 1 0.103071 0.584439
1    0.98537  -0.168412  0.0261511 -0.0989116  -0.690058  -0.716963   0.138791   0.703887  -0.696621   -0.14985   -0.74497    1.02715 0.00141222 1 0.0627904 0.600931
1   0.990798  -0.133521  0.0221484 -0.0787665  -0.701916  -0.707891   0.110065   0.699633  -0.705974  -0.114299  -0.737111    1.03725 0.00136003 1 0.0585888 0.629015
1    0.99078  -0.133811  0.0212168 -0.0807386  -0.708912  -0.700661   0.108797   0.692488  -0.713179  -0.112466  -0.726712    1.04512 0.00139507 1 0.443289 1.40332
1  0.984517 -0.173025 0.0280951 -0.101118 -0.691505 -0.715259  0.143185  0.701344 -0.698294 -0.154909 -0.742026   1.02868 0.00139624 1 0.0954542 0.592998
1   0.990334  -0.137368   0.019199 -0.0829381  -0.697419  -0.711848   0.111175   0.703375  -0.702071  -0.114957  -0.742711    1.03299 0.00135629 1 0.0801637 0.592277
1    0.99027  -0.137027  0.0242718 -0.0805492  -0.706637  -0.702977   0.113478   0.694182  -0.710798  -0.118587  -0.729181    1.04257 0.00137884 1 0.0368278 0.662267
1   0.985963  -0.164518  0.0284635 -0.0961263  -0.698733  -0.708894   0.136515   0.696208   -0.70474  -0.147151  -0.733538    1.03593 0.00137176 1 0.105927 0.577066
1   0.986527  -0.160676  0.0307759 -0.0920078  -0.700471  -0.707725   0.135272   0.695358  -0.705818  -0.146305  -0.731965    1.03715 0.00136275 1 0.115131 0.632601
1   0.986025  -0.163952  0.0295854 -0.0958021  -0.703279  -0.704429   0.136299    0.69175  -0.709157  -0.146939  -0.726909    1.04069 0.00136777 1 0.0750596 0.609277
1    0.98565  -0.167376  0.0218733 -0.0985017  -0.675552  -0.730703   0.137079   0.718064  -0.682345  -0.147377  -0.766381    1.01114 0.00141329 1 0.325712 1.34499
1   0.990859  -0.133109  0.0219119 -0.0780454  -0.698128  -0.711706   0.110031    0.70349  -0.702136  -0.114422  -0.742676      1.033 0.00135408 1 0.086174 0.606333
1   0.986444  -0.161578  0.0286602 -0.0943179  -0.701172  -0.706726   0.134287   0.694443  -0.706906  -0.144641   -0.73066    1.03833 0.00136638 1 0.143359 0.607779
1   0.986332  -0.162393  0.0279017 -0.0939504  -0.693379  -0.714422   0.135364   0.702036  -0.699158  -0.145895  -0.741888    1.02973 0.00138541 1 0.166599 0.631696
1  0.989725 -0.141661 0.0193854 -0.085655 -0.695992 -0.712922  0.114486  0.703937 -0.700975 -0.118909 -0.743417   1.03184 0.0013799 1 0.123113 0.595709
1   0.990353  -0.136613  0.0232081 -0.0798728  -0.699644  -0.710013   0.113234    0.70131  -0.703806  -0.118246  -0.739552     1.0349 0.00135639 1 0.121815 0.717648
1   0.990774  -0.133732  0.0219785 -0.0783932  -0.697802  -0.711988   0.110552   0.703696  -0.701847  -0.115163   -0.74301    1.03264 0.00135678 1 0.0971783 0.585917
1   0.990322  -0.136913   0.022755 -0.0800581  -0.697439  -0.712158   0.113374   0.703444   -0.70165  -0.118501  -0.742687    1.03261 0.00136093 1 0.0732645 0.600619
1   0.990292  -0.137403  0.0210187 -0.0814517  -0.696149  -0.713261   0.112636   0.704625  -0.700583  -0.117179  -0.744516     1.0313 0.00135025 1 0.110284 0.589715
1   0.990465  -0.136157  0.0209855 -0.0813239  -0.700816  -0.708692     0.1112   0.700228  -0.705206  -0.115475  -0.738038    1.03644 0.00135063 1 0.214556 0.763845
1   0.987772  -0.153825  0.0253645 -0.0886359  -0.687943  -0.720332   0.128254   0.709276  -0.693166  -0.137714  -0.752541    1.02311 0.00139743 1 0.0243263 0.591648
1    0.99066  -0.134856  0.0201465 -0.0809111  -0.700329   -0.70922   0.109752   0.700966  -0.704699   -0.11345  -0.739059    1.03576 0.0013591 1 0.17352 0.778017
1   0.991053  -0.131803  0.0210025 -0.0782184  -0.701081  -0.708779   0.108144   0.700795  -0.705118  -0.111852  -0.738897    1.03621 0.00136824 1 0.0611073 0.65511
1   0.990596  -0.135663  0.0177622 -0.0810505  -0.686439  -0.722657    0.11023   0.714421  -0.690979  -0.114311  -0.758948    1.02077 0.00138767 1 0.112446 0.684733
1   0.986718  -0.159297  0.0318095 -0.0917641  -0.708194  -0.700029    0.13404   0.687813  -0.713405  -0.144814  -0.720882    1.04541 0.0013714 1 0.110121 0.594646
1   0.989887  -0.140661  0.0183885 -0.0851506  -0.692846   -0.71604   0.113459   0.707233  -0.697817  -0.117826    -0.7484    1.02832 0.00138258 1 0.100171 0.74814
1   0.991306  -0.130387  0.0176594 -0.0772134  -0.685138   -0.72431    0.10654   0.716649  -0.689249  -0.109881  -0.761561    1.01893 0.00145921 1 0.111219 0.596316
1   0.990569  -0.135725  0.0187812 -0.0805897  -0.687975  -0.721246   0.110812    0.71293  -0.692424  -0.114777    -0.7569    1.02236 0.00138709 1 0.133442 0.591474
1   0.990496   -0.13602  0.0204176 -0.0806499  -0.694597  -0.714864   0.111418   0.706423  -0.698966  -0.115762  -0.747066    1.02956 0.00135122 1 0.147109 0.937865
1    0.98645  -0.161607  0.0282849 -0.0945306  -0.700773  -0.707094   0.134093   0.694839  -0.706554  -0.144402  -0.731254    1.03789 0.00136773 1 0.0883165 0.679599
1   0.990963  -0.131943  0.0241544 -0.0759137  -0.700127  -0.709972   0.110587   0.701722  -0.703816  -0.115667  -0.740104    1.03487 0.00136378 1 0.0963204 0.641614
1   0.985711  -0.166726  0.0240093 -0.0970216  -0.678469  -0.728194   0.137699   0.715459  -0.684951  -0.148351  -0.762342    1.01407 0.00141217 1 0.125858 0.74267
1   0.990421  -0.136804  0.0187434 -0.0822958  -0.693818  -0.715433   0.110879   0.707037   -0.69843   -0.11478  -0.748025    1.02897 0.001353 1 0.10477 0.77675
1  0.984435 -0.173821 0.0259427 -0.101811 -0.684365 -0.721997  0.143253  0.708118  -0.69141 -0.154982 -0.751884   1.02121 0.00137327 1 0.0815122 0.733775
1   0.991006  -0.132498  0.0187587 -0.0791857  -0.693627  -0.715968   0.107876   0.708043  -0.697881  -0.111342  -0.749488    1.02835 0.00135475 1 0.182077 0.987023
1  0.980832 -0.192122 0.0325073 -0.110188 -0.684474 -0.720663  0.160706  0.703267 -0.692523 -0.177568 -0.745475   1.02245 0.00136802 1 0.126394 0.681899
1   0.986627  -0.160916  0.0259515 -0.0954114  -0.699258  -0.708474   0.132151   0.696523   -0.70526  -0.141601  -0.733527    1.03649 0.00138617 1 0.0858782 0.683854
1  0.984966 -0.170889 0.0252877 -0.100685 -0.686837 -0.719804  0.140375  0.706436 -0.693716 -0.151552 -0.749249   1.02377 0.00138092 1 0.0404493 0.717181
1   0.984814  -0.171772  0.0252268 -0.0996163  -0.678072  -0.728214   0.142193   0.714642  -0.684885  -0.154362  -0.761187    1.01407 0.00143048 1 0.0719967 0.685606
1   0.987091  -0.157412   0.029543 -0.0909523  -0.702762  -0.705587    0.13183   0.693792  -0.708007  -0.142153  -0.729381    1.03954 0.00136633 1 0.135465 0.625206
1   0.990114  -0.138075  0.0246739 -0.0809447  -0.706145  -0.703425   0.114548   0.694474  -0.710341  -0.119806  -0.729476    1.04203 0.00138219 1 0.00830083 0.620817
1   0.985249  -0.168255  0.0312104 -0.0988283   -0.70835  -0.698908   0.139703   0.685514   -0.71453  -0.150732  -0.717668    1.04668 0.00140973 1 0.051895 0.633012
1   0.990328    -0.1372  0.0206669 -0.0814152  -0.695239  -0.714153   0.112351   0.705563  -0.699685  -0.116912  -0.745877    1.03037 0.00134944 1 0.101322 0.567378
1   0.986773  -0.159182  0.0306584 -0.0917516  -0.704341  -0.703908   0.133644   0.691784   -0.70963   -0.14432   -0.72659    1.04128 0.00135967 1 0.107127 0.596708
1   0.98084 -0.191655 0.0349397  -0.11029 -0.694121  -0.71136  0.160588  0.693877 -0.701959 -0.177547 -0.731702   1.03274 0.0013612 1 0.104932 0.757398
1  0.981605 -0.186558 0.0406007 -0.102879 -0.695976 -0.710657  0.160836  0.693407 -0.702366 -0.178918 -0.730732   1.03293 0.00142961 1 0.0885298 0.573608
1  0.982375 -0.184274  0.031335 -0.105593 -0.685432  -0.72044  0.154236  0.704434 -0.692809 -0.169973 -0.746839   1.02264 0.00140596 1 0.0557857 0.588139
1  0.981371  -0.18935 0.0325297 -0.109335 -0.689644 -0.715847   0.15798  0.698955 -0.697499 -0.174367 -0.739053   1.02784 0.0013643 1 0.0306515 0.61527
1   0.986727  -0.159354  0.0312318 -0.0905416  -0.699558  -0.708816   0.134801   0.696581  -0.704701     -0.146  -0.733629    1.03591 0.00136173 1 0.0834763 0.601572
1   0.985058   -0.17035  0.0253197 -0.0994408  -0.682629  -0.723968   0.140612   0.710633  -0.689369  -0.152038  -0.755509    1.01897 0.00137837 1 0.102927 0.576905
1   0.986316  -0.161954  0.0308594 -0.0932423  -0.702325  -0.705723   0.135968   0.693189  -0.707815  -0.147226  -0.728916     1.0394 0.00138247 1 0.150785 0.719742
1   0.986722   -0.15993  0.0283249 -0.0933985  -0.701392   -0.70663   0.132878   0.694602  -0.707016  -0.143134  -0.730879    1.03844 0.00137716 1 0.0158642 0.551588
1  0.981275 -0.189044 0.0368926 -0.106598 -0.692552 -0.713449  0.160423  0.696157 -0.699736 -0.177924 -0.734982   1.03032 0.00134253 1 0.18115 0.78668
1   0.986595  -0.160273  0.0306965 -0.0926363  -0.704926  -0.703205   0.134344   0.690936  -0.710324  -0.145067  -0.725404    1.04203 0.00136147 1 0.134665 0.70214
1   0.986523  -0.160316  0.0327441 -0.0905969  -0.701816  -0.706574   0.136255   0.694084  -0.706882  -0.147898  -0.730025    1.03832 0.00136524 1 0.139718 0.73386
1  0.979499 -0.197669 0.0388275  -0.11468 -0.705619  -0.69925  0.165618  0.680462 -0.713822 -0.183091 -0.712471   1.04573 0.00141066 1 0.0328835 0.618469
1  0.986264 -0.162452 0.0298609   -0.0943  -0.70222 -0.705687  0.135609  0.693178 -0.707894  -0.14638 -0.728899   1.03939 0.00136338 1 0.0909213 0.576518
1  0.983965 -0.176604 0.0249662  -0.10519 -0.687635 -0.718396   0.14404   0.70425 -0.695186 -0.154913 -0.746113   1.02536 0.00142844 1 0.427989 1.31784
1   0.986739  -0.160163  0.0263517 -0.0943773  -0.698203  -0.709651   0.132059   0.697754   -0.70406    -0.1417  -0.735493    1.03509 0.00138363 1 0.0993671 0.578036
1   0.986287  -0.162555  0.0285459 -0.0941519  -0.696225  -0.711622   0.135552   0.699176  -0.701982  -0.146261  -0.737638    1.03283 0.0013696 1 0.125966 0.576974
1   0.986043  -0.163845  0.0295547 -0.0952347  -0.700682  -0.707089   0.136562   0.694406  -0.706506  -0.147381  -0.730653    1.03785 0.00136622 1 0.138947 0.884129
1   0.990205  -0.137777  0.0226266 -0.0818082  -0.703841  -0.705631   0.113145   0.696868  -0.708218  -0.117813  -0.733154    1.03964 0.00135882 1 0.150125 0.609876
1   0.987172   -0.15746  0.0264033 -0.0927639  -0.700263  -0.707832   0.129944   0.696303  -0.705887  -0.139176  -0.732933    1.03708 0.00141355 1 0.152574 0.622852
0   0.991415  -0.129948  0.0144796 -0.0792907  -0.685573  -0.723673   0.103966   0.716312  -0.689991  -0.106194  -0.761727    1.01959 0.00140903 1 0.513625 1.43529
1   0.990648  -0.135301  0.0175955 -0.0817789  -0.692043  -0.717209   0.109216   0.709063  -0.696636  -0.112648   -0.75108    1.02701 0.00135796 1 0.0983074 1.27602
1   0.990833  -0.133779  0.0188071 -0.0808176  -0.698532  -0.711001   0.108254   0.702963   -0.70294   -0.11164   -0.74207    1.03392 0.00135908 1 0.0584028 0.577335
1   0.990784  -0.133964  0.0200401 -0.0795827  -0.695423   -0.71418   0.109611   0.706003  -0.699675  -0.113554  -0.746544    1.03037 0.00135543 1 0.0807803 0.609191
1   0.990331  -0.136922  0.0223067 -0.0802134  -0.696361  -0.713195   0.113185    0.70451  -0.700611  -0.118082  -0.744221    1.03127 0.00136544 1 0.06043 0.585861
1   0.987201  -0.156339  0.0315011 -0.0886685  -0.702233  -0.706404   0.132559    0.69457  -0.707107  -0.143533  -0.730746    1.03845 0.00137751 1 0.126676 0.591539
1   0.990345    -0.1368  0.0224183 -0.0791803  -0.690968  -0.718536   0.113786   0.709823  -0.695129   -0.11908  -0.752083    1.02538 0.00137384 1 0.190422 0.615688
1   0.986486  -0.158033  0.0432447 -0.0849236  -0.718904  -0.689902   0.140116   0.676907   -0.72261  -0.154185  -0.705238    1.05528 0.00154256 1 0.0260301 0.558775
1   0.986761  -0.159759  0.0279242 -0.0939113  -0.703227  -0.704736   0.132225   0.692783   -0.70892  -0.142079  -0.728157    1.04045 0.00137467 1 0.0891837 0.582262
1   0.988764   -0.14723  0.0258538 -0.0839875  -0.690245  -0.718685   0.123657   0.708438  -0.694855  -0.132452  -0.750496    1.02517 0.00143665 1 0.0426545 0.590905
1   0.985825  -0.164981  0.0305185 -0.0958777  -0.703222  -0.704476   0.137686   0.691563  -0.709072  -0.148717  -0.726277    1.04072 0.00139562 1 0.0584865 0.593811
1   0.990357  -0.136624   0.022973 -0.0813771  -0.707863  -0.701646   0.112124    0.69301  -0.712155  -0.116541  -0.727469    1.04411 0.0013942 1 0.122004 0.566287
1   0.991118  -0.130612  0.0250065 -0.0739934  -0.697871  -0.712391   0.110498   0.704213  -0.701337  -0.115806  -0.743821    1.03212 0.00137716 1 0.0451843 0.584106
1   0.986954  -0.158483  0.0283648 -0.0915849  -0.697539   -0.71067   0.132415   0.698801  -0.702953  -0.142614  -0.736757    1.03396 0.00137566 1 0.132351 0.847402
1   0.990639  -0.134828  0.0213288 -0.0797633  -0.698547  -0.711105   0.110776   0.702747  -0.702762  -0.115223  -0.741628    1.03369 0.00134988 1 0.0985612 0.576926
1   0.986799  -0.158947  0.0310397 -0.0906872  -0.701133   -0.70724   0.134176   0.695089  -0.706291  -0.145365  -0.731348    1.03768 0.00137234 1 0.105693 0.574817
1   0.986734  -0.159497  0.0302828 -0.0928169  -0.707277  -0.700817   0.133196   0.688709  -0.712698  -0.143519  -0.722168    1.04463 0.00137119 1 0.0831987 0.600778
1   0.986927  -0.158177  0.0308947 -0.0906554  -0.703341  -0.705049   0.133252   0.693031  -0.708486  -0.144005  -0.728357       1.04 0.00135905 1 0.125982 0.649817
1   0.990593  -0.135035   0.022143 -0.0795653  -0.700046  -0.709651   0.111329   0.701214  -0.704205  -0.115942  -0.739318    1.03537 0.00135629 1 0.0578625 0.58003
1  0.980767 -0.192328 0.0332693  -0.11271 -0.697221 -0.707941  0.159353  0.690575 -0.705488 -0.175448 -0.726939   1.03671 0.00138631 1 0.0356591 0.600234
1   0.986144  -0.163062  0.0305112 -0.0947627  -0.704667  -0.703182   0.136163   0.690547  -0.710355  -0.146816  -0.724979      1.042 0.00137477 1 0.0593646 0.583593
1  0.981325 -0.188587 0.0379092 -0.107031 -0.699062 -0.707005  0.159833  0.689744 -0.706192 -0.177101 -0.725415   1.03749 0.00135824 1 0.163836 0.576399
0   0.991776  -0.126745  0.0177723 -0.0748427  -0.686995  -0.722798    0.10382   0.715524  -0.690831  -0.106935  -0.760106    1.02067 0.00140283 1 0.104839 0.558238
1   0.986225  -0.162257  0.0321334 -0.0920867  -0.699972  -0.708208   0.137404   0.695494  -0.705272  -0.149175  -0.732159    1.03656 0.00137181 1 0.24458 0.697199
1   0.986019  -0.163577  0.0317762 -0.0941669  -0.704308  -0.703621   0.137476   0.690791  -0.709865  -0.148754  -0.725395    1.04153 0.00136691 1 0.0910158 0.60336
1   0.990718  -0.134156  0.0219273 -0.0788769  -0.698711  -0.711043   0.110711   0.702713  -0.702807  -0.115301   -0.74159    1.03377 0.00135152 1 0.138166 0.642526
1   0.985812  -0.165652  0.0271082 -0.0984004  -0.701155  -0.706187   0.135988   0.693499  -0.707507  -0.145979  -0.729776    1.03883 0.00139672 1 0.046019 0.580063
1   0.989165  -0.145782  0.0173526 -0.0907726  -0.700206  -0.708147   0.115385   0.698899  -0.705852  -0.119138  -0.736284    1.03719 0.00141382 1 0.0487571 0.578925
1   0.989765  -0.141204  0.0206738 -0.0852859  -0.701412  -0.707635   0.114422   0.698629  -0.706276  -0.119082  -0.735513    1.03762 0.00141133 1 0.0134052 0.573384
1  0.981741    -0.187 0.0348558 -0.106896 -0.693922 -0.712072  0.157345  0.695344 -0.701241 -0.173701 -0.733454   1.03192 0.0013857 1 0.0392844 0.573517
1    0.98706  -0.157891  0.0279715 -0.0901413  -0.690642  -0.717558   0.132614   0.705751  -0.695937  -0.143277   -0.74779    1.02616 0.0014173 1 0.0249743 0.572512
1   0.987047  -0.157798  0.0289331 -0.0896271  -0.691972  -0.716339   0.133058   0.704467  -0.697152    -0.1439  -0.745143    1.02759 0.00139054 1 0.125777 0.632279
1  0.980432 -0.193358 0.0369664 -0.110097 -0.694233  -0.71128  0.163195  0.693292 -0.701936 -0.181069 -0.730955   1.03278 0.00136168 1 0.0652702 0.597626
1   0.986862  -0.158021  0.0336694 -0.0879501  -0.700218  -0.708491   0.135532   0.696221  -0.704916  -0.147227  -0.733062    1.03608 0.00138895 1 0.0867569 0.608813
1  0.985029 -0.170899 0.0226296 -0.102607 -0.686703  -0.71966  0.138529  0.706564 -0.693958 -0.148684 -0.749286    1.0241 0.00140816 1 0.1353 0.572099
1    0.99081  -0.133734  0.0202887 -0.0793456  -0.696105  -0.713542   0.109548   0.705374  -0.700319  -0.113693  -0.745471    1.03101 0.00135313 1 0.103378 0.591939
