1  0.980728 -0.192505 0.0333796 -0.112017 -0.693997  -0.71121  0.160077  0.693765 -0.702186 -0.176492 -0.731799   1.03303 0.00137107 1 0.073643 0.639627
1   0.986089  -0.163437  0.0302887 -0.0942548  -0.699889  -0.708005   0.136913   0.695301  -0.705558  -0.148047  -0.732024    1.03687 0.00136307 1 0.124438 0.698714
1    0.98598  -0.163786  0.0318875 -0.0917567  -0.691811  -0.716225   0.139368   0.703258  -0.697141  -0.151944  -0.743823    1.02761 0.00140147 1 0.0500716 0.652596
1   0.986826  -0.159248  0.0285304 -0.0906859  -0.690526    -0.7176   0.133977   0.705559  -0.695871  -0.144841     -0.747     1.0262 0.00140105 1 0.0791981 0.640563
1  0.990833 -0.134175 0.0157288  -0.08311 -0.697206 -0.712037  0.106504  0.704203 -0.701966 -0.108847 -0.743891   1.03279 0.00137671 1 0.0353321 0.608498
1  0.981121 -0.189109 0.0404906  -0.10523 -0.697673 -0.708646  0.162261  0.691007 -0.704401 -0.180744 -0.727455   1.03542 0.00136493 1 0.0183219 0.622093
1    0.98654  -0.160466   0.031468 -0.0918528  -0.703006  -0.705227   0.135287   0.692844  -0.708283  -0.146407  -0.728254    1.03979 0.00135865 1 0.0241519 0.641557
1    0.98732  -0.155989  0.0294424 -0.0897653  -0.701589  -0.706905   0.130926   0.695299  -0.706695  -0.141143  -0.731624    1.03807 0.00137099 1 0.092064 0.64724
1   0.987245  -0.155985  0.0318805 -0.0877618  -0.700254  -0.708479   0.132836   0.696644  -0.705011  -0.144006  -0.733412    1.03625 0.00137343 1 0.10332 0.623596
1    0.9844 -0.173972 0.0262826 -0.101059 -0.681348 -0.724949  0.144029  0.710984   -0.6883 -0.156116 -0.756082   1.01785 0.00137643 1 0.0620001 0.666958
1   0.990138  -0.139186  0.0159298 -0.0847816  -0.685841  -0.722796   0.111528   0.714317  -0.690878  -0.115278  -0.758754    1.02071 0.00139896 1 0.0566974 0.631552
1   0.990365  -0.136955  0.0204927 -0.0823125  -0.701195  -0.708202   0.111362   0.699692  -0.705712  -0.115556  -0.737238    1.03697 0.00135415 1 0.104556 0.859577
1   0.986008  -0.164289  0.0282512 -0.0959276  -0.697791  -0.709849   0.136334   0.697207  -0.703787  -0.146822  -0.734881    1.03485 0.00137049 1 0.15734 0.631338
1   0.990443  -0.136486  0.0198409 -0.0819434  -0.698051  -0.711343   0.110938    0.70292  -0.702564  -0.114953  -0.741946    1.03351 0.00134759 1 0.195805 0.745993
1   0.990718  -0.134699  0.0182635 -0.0819362  -0.698973  -0.710439   0.108461   0.702348  -0.703522  -0.111823   -0.74096    1.03439 0.00138305 1 0.0818711 0.63341
1   0.991088  -0.130937  0.0245092 -0.0751137  -0.701252  -0.708945   0.110014   0.700786  -0.704838   -0.11519  -0.738756    1.03591 0.00137209 1 0.109771 0.638996
1    0.98737  -0.154623  0.0345194 -0.0869358  -0.710941  -0.697858   0.132446   0.686043  -0.715404  -0.143753  -0.717954    1.04756 0.00139081 1 0.17178 0.797434
1   0.990401  -0.136651  0.0208031 -0.0814533  -0.698568  -0.710893   0.111677   0.702374  -0.702993  -0.115954  -0.741174    1.03399 0.00134801 1 0.196461 0.905952
1   0.986804  -0.158805  0.0315909 -0.0905512  -0.703003  -0.705398   0.134229   0.693229  -0.708107  -0.145276   -0.72882    1.03957 0.00136394 1 0.0421883 0.630497
1   0.986532  -0.160523  0.0314078 -0.0902249  -0.694216  -0.714089   0.136432   0.701638   -0.69935  -0.148119  -0.741342    1.02998 0.00139255 1 0.0723703 0.640098
1   0.990705  -0.134295  0.0216317 -0.0791119  -0.698219    -0.7115   0.110655   0.703175  -0.702353   -0.11506  -0.742064    1.03332 0.00136678 1 0.0843253 0.617455
1  0.987541 -0.155422 0.0246487 -0.089157  -0.68167 -0.726208  0.129671  0.714962 -0.687033 -0.139463 -0.760991   1.01635 0.00140038 1 0.0578436 0.650623
1   0.985442  -0.167362  0.0299147 -0.0970913  -0.698423  -0.709069   0.139564   0.695842  -0.704504  -0.150873   -0.73315    1.03561 0.00138352 1 0.0724614 0.6583
1   0.990972  -0.132735  0.0188951 -0.0786592  -0.689719  -0.719792   0.108574   0.711807  -0.693932  -0.112444  -0.754944      1.024 0.00136219 1 0.0749102 0.683871
1   0.986732  -0.159476   0.030449 -0.0914804  -0.701052  -0.707218    0.13413   0.695049   -0.70634  -0.144935  -0.731354    1.03765 0.00136171 1 0.132198 0.870226
1   0.985018  -0.169902  0.0295506 -0.0979935  -0.692445  -0.714785   0.141905    0.70118   -0.69872  -0.153973  -0.741248    1.02933 0.00138219 1 0.141071 0.913079
1  0.985044 -0.169826 0.0291059 -0.097575 -0.689043 -0.718122  0.142011  0.704542 -0.695308 -0.154172 -0.746294   1.02557 0.00138154 1 0.109376 0.675639
1   0.990204  -0.138882  0.0144262 -0.0856174  -0.685535  -0.722988     0.1103   0.714671   -0.69071   -0.11318  -0.759899     1.0203 0.00144196 1 0.230861 1.42817
1   0.990703  -0.135571  0.0112799 -0.0848602   -0.68067  -0.727659   0.106327   0.719937  -0.685847  -0.108301  -0.767412    1.01494 0.00144888 1 0.457952 1.37845
1   0.987288  -0.156117  0.0298379 -0.0882369   -0.69449  -0.714071   0.132201   0.702361  -0.699437  -0.142947  -0.742095    1.03008 0.00139265 1 0.0741389 0.639101
1   0.990369  -0.136981  0.0201354 -0.0821819  -0.698648   -0.71073   0.111424    0.70223  -0.703177  -0.115563   -0.74098    1.03416 0.00134722 1 0.114789 0.788473
1   0.986386  -0.161819  0.0292964 -0.0941777  -0.701894  -0.706027   0.134811   0.693656  -0.707578  -0.145197  -0.729592    1.03901 0.00136964 1 0.0606796 0.789222
1  0.981314 -0.189968 0.0305957 -0.110713   -0.6875 -0.717695  0.157373  0.700897 -0.695685 -0.173103 -0.741951    1.0259 0.00137546 1 0.116293 0.732309
1  0.985106 -0.169788 0.0271679 -0.097944 -0.683945 -0.722929  0.141326  0.709501 -0.690388 -0.153248 -0.753615   1.02022 0.00138562 1 0.108302 0.614033
1   0.990591  -0.135213   0.021125 -0.0806206  -0.701298  -0.708295   0.110586   0.699928    -0.7056  -0.114775  -0.737546     1.0368 0.00134952 1 0.0696421 0.624246
1   0.985375   -0.16777  0.0298347 -0.0971859  -0.697127   -0.71033    0.13997   0.697041  -0.703237  -0.151677  -0.735171     1.0343 0.00139559 1 0.0541955 0.662544
1   0.986444  -0.161541  0.0288517 -0.0947202  -0.704097  -0.703758      0.134   0.691485  -0.709854   -0.14416  -0.726189    1.04158 0.00137499 1 0.124547 0.617605
1   0.990232  -0.137789  0.0213041 -0.0817549  -0.697596  -0.711812   0.112941   0.703118  -0.702047  -0.117652  -0.742318    1.03295 0.00135148 1 0.0628607 0.644526
1   0.985052  -0.169637  0.0299208 -0.0964324  -0.687002  -0.720228   0.142733   0.706577  -0.693091  -0.155278  -0.749183    1.02311 0.00138853 1 0.0407124 0.683759
1   0.986533  -0.161852  0.0235731 -0.0962388  -0.690952  -0.716466   0.132249   0.704549  -0.697224   -0.14134  -0.745525    1.02761 0.00141631 1 0.11885 0.624641
1   0.989899  -0.140441  0.0193768 -0.0860859  -0.704038  -0.704925   0.112642   0.696137  -0.709017  -0.116464  -0.732103    1.04057 0.00137592 1 0.119717 0.810447
1   0.990525  -0.135991  0.0191616 -0.0819267  -0.697096  -0.712282   0.110221   0.703963  -0.701632  -0.114051  -0.743342    1.03248 0.00135626 1 0.157331 0.755563
1  0.984632 -0.172856 0.0249007 -0.101665 -0.683267 -0.723056  0.141998  0.709413  -0.69034  -0.15335 -0.753785   1.02004 0.00137638 1 0.125776 0.808013
1   0.986049   -0.16308   0.033362 -0.0919009  -0.700457  -0.707753   0.138789   0.694813  -0.705672  -0.150902  -0.731386    1.03697 0.00137365 1 0.218477 0.63741
1   0.986296  -0.162237  0.0299768 -0.0934745  -0.699225  -0.708764   0.135948   0.696249  -0.704809  -0.146966  -0.733323    1.03601 0.00136095 1 0.0781482 0.649009
1   0.986457  -0.161025   0.031193 -0.0925817  -0.703638  -0.704501   0.135391   0.692072  -0.709017  -0.146376  -0.727287    1.04056 0.00136609 1 0.103034 0.671825
1  0.991086 -0.131341  0.022339 -0.077046 -0.701828 -0.708168   0.10869  0.700134 -0.705691 -0.112765 -0.737774   1.03692 0.00136878 1 0.0487104 0.633669
1   0.989603  -0.142634  0.0184655 -0.0874967  -0.698949  -0.709799   0.114148   0.700803  -0.704163  -0.117973  -0.738858    1.03519 0.00139424 1 0.0568939 0.659376
1  0.986428 -0.160885 0.0328068 -0.091826 -0.706169 -0.702064  0.136119  0.689523 -0.711358 -0.147444 -0.723332   1.04315 0.00136476 1 0.192432 0.72759
1   0.991395  -0.130116  0.0143517 -0.0797249  -0.687103  -0.722173   0.103828   0.714814  -0.691564  -0.105967  -0.759387    1.02132 0.00139538 1 0.241285 1.2734
1   0.986507  -0.160934  0.0300616 -0.0935158  -0.704629  -0.703386   0.134381   0.691084  -0.710172  -0.144893   -0.72558    1.04186 0.001367 1 0.0779061 0.637831
1   0.987375  -0.155587  0.0297257 -0.0878381  -0.693966   -0.71463   0.131816   0.702997  -0.698871  -0.142709    -0.7429     1.0295 0.00138573 1 0.0493116 0.627465
1     0.9871  -0.157057  0.0310809 -0.0890607  -0.699974  -0.708593   0.133045   0.696684  -0.704932  -0.144109  -0.733625    1.03615 0.0013647 1 0.0244224 0.617076
1   0.986221   -0.16303   0.028103 -0.0947564  -0.695918  -0.711842   0.135609   0.699371  -0.701777  -0.146105   -0.73787    1.03267 0.00137256 1 0.0602524 0.626255
1   0.991554  -0.127279  0.0249067 -0.0717905  -0.698588  -0.711913   0.108011   0.704113  -0.701825  -0.112909  -0.743365    1.03273 0.00139726 1 0.0424637 0.643909
1   0.990123  -0.138668   0.020666 -0.0817398  -0.690719  -0.718489   0.113906   0.709703  -0.695232  -0.119073  -0.751894     1.0256 0.00139875 1 0.0774112 0.638248
1   0.986926  -0.158384  0.0298446 -0.0906459  -0.698578  -0.709769   0.133265   0.697784  -0.703802  -0.144035  -0.735492    1.03488 0.00137066 1 0.0680858 0.680203
1   0.986422  -0.161105  0.0318867 -0.0917998  -0.701881  -0.706354   0.136178   0.693836   -0.70714  -0.147484  -0.729814    1.03853 0.00136364 1 0.0671739 0.631465
1  0.984258 -0.174531 0.0278368 -0.100306  -0.68132 -0.725081  0.145515  0.710874 -0.688101 -0.158241  -0.75594   1.01766 0.00138774 1 0.0708181 0.631487
1   0.987479  -0.154545  0.0316247 -0.0870312  -0.700947  -0.707883   0.131567   0.696268  -0.705621  -0.142531  -0.732729    1.03699 0.0013823 1 0.0603249 0.642749
1   0.990836  -0.133785  0.0185871 -0.0799878   -0.69207  -0.717385   0.108839   0.709324  -0.696429  -0.112462  -0.751374     1.0268 0.00135596 1 0.116532 0.64251
1   0.990301  -0.137253  0.0215733 -0.0814108  -0.699053   -0.71042   0.112588   0.701774  -0.703447   -0.11716  -0.740288    1.03446 0.00134748 1 0.143751 0.9156
1   0.985878  -0.164357  0.0320996 -0.0945816  -0.704674  -0.703199   0.138196   0.690233  -0.710268  -0.149554  -0.724737    1.04197 0.00137237 1 0.0858906 0.605209
1   0.986166  -0.162982  0.0302266 -0.0943485  -0.701827  -0.706072   0.136291   0.693452  -0.707495  -0.147126  -0.729155     1.0389 0.00137052 1 0.161167 0.622056
1   0.986251  -0.162967  0.0274087 -0.0956061  -0.697957  -0.709729   0.134793    0.69735  -0.703942  -0.144998   -0.73504    1.03499 0.0013708 1 0.189845 0.737969
1  0.983463 -0.179966 0.0203039 -0.109529 -0.680306 -0.724698  0.144234   0.71049 -0.688767 -0.154566 -0.755721   1.01829 0.00143102 1 0.373194 1.32165
1   0.986415  -0.162339  0.0251288 -0.0965431  -0.696661  -0.710875   0.132909   0.698791   -0.70287  -0.142298  -0.736905    1.03389 0.00139283 1 0.0667928 0.62553
1   0.990429  -0.136268  0.0219503 -0.0803912  -0.698796  -0.710789   0.112197   0.702221  -0.703063  -0.116888  -0.740896    1.03403 0.0013481 1 0.113134 0.777611
1   0.988246      -0.15  0.0294761 -0.0843395  -0.695813  -0.713254   0.127498   0.702385  -0.700286  -0.137539  -0.741773    1.03106 0.00139504 1 0.0559441 0.660209
1   0.990177   -0.13818  0.0213453 -0.0822019  -0.698812  -0.710567   0.113102   0.701832  -0.703306  -0.117725   -0.74052    1.03433 0.00135508 1 0.0930858 0.633116
1   0.991077  -0.131413  0.0222807 -0.0770914  -0.701519  -0.708469   0.108732   0.700429  -0.705391  -0.112997   -0.73815    1.03653 0.00135942 1 0.0207217 0.632479
1   0.990675  -0.133838  0.0254922 -0.0761416  -0.699034  -0.711023   0.112982   0.702452  -0.702707  -0.118783  -0.741363    1.03364 0.00138115 1 0.0385914 0.623202
1   0.990194  -0.138379   0.019147 -0.0829051  -0.692413  -0.716723   0.112437   0.708107  -0.697096  -0.116706  -0.749552     1.0275 0.00135986 1 0.145711 0.703271
1   0.984849  -0.170725  0.0304095 -0.0983104  -0.694132  -0.713103   0.142853   0.699309    -0.7004  -0.155062  -0.738605    1.03113 0.00138799 1 0.0770996 0.629418
1   0.990408  -0.136582  0.0209149 -0.0812401  -0.698042  -0.711433   0.111769    0.70291  -0.702443  -0.116157  -0.741935    1.03338 0.001346 1 0.150435 0.752224
1  0.981075  -0.19113 0.0309991 -0.110581 -0.684486  -0.72059  0.158945  0.703525 -0.692668  -0.17517 -0.745721   1.02258 0.00138608 1 0.103812 0.635352
1  0.982721 -0.181029 0.0385744 -0.101331 -0.700589 -0.706333  0.154891   0.69022 -0.706827 -0.171682 -0.725441   1.03817 0.0013965 1 0.080756 0.601656
1   0.991148  -0.131604  0.0175055 -0.0796303  -0.694795  -0.714786   0.106232   0.707064  -0.699124  -0.109234  -0.748155     1.0297 0.00136571 1 0.179396 0.799376
1  0.989866 -0.140065 0.0234012  -0.08353 -0.707558 -0.701701  0.114842  0.692635 -0.712087 -0.119713 -0.726901   1.04382 0.00138252 1 0.125397 0.631848
1    0.98607  -0.163954  0.0280287 -0.0956744  -0.696918   -0.71074   0.136063   0.698157  -0.702896  -0.146697  -0.736189    1.03386 0.00137159 1 0.119077 0.619327
1    0.99094  -0.132903  0.0193546 -0.0789734  -0.693169  -0.716435   0.108632   0.708416  -0.697385  -0.112436  -0.750313    1.02773 0.00138076 1 0.0428358 0.625779
1   0.98104 -0.190106 0.0376829 -0.108316 -0.699065 -0.706807  0.160711  0.689324 -0.706402 -0.177933 -0.724917    1.0377 0.00136029 1 0.102913 0.64341
1   0.990595  -0.135419  0.0195827 -0.0817423  -0.700471  -0.708984   0.109727   0.700715  -0.704953  -0.113357  -0.738758    1.03611 0.00135654 1 0.0868349 0.635569
1   0.986639  -0.160222  0.0295518 -0.0941553  -0.708755  -0.699143   0.132963   0.687019  -0.714371  -0.143025  -0.719532    1.04651 0.00139332 1 0.049418 0.637077
1   0.989728  -0.141136  0.0227677 -0.0836301  -0.700755  -0.708483   0.115947   0.699302   -0.70536  -0.121084  -0.736678     1.0366 0.00137182 1 0.177495 0.643555
1   0.985459  -0.166911  0.0318112 -0.0966737  -0.704728   -0.70286   0.139733   0.689564  -0.710616  -0.151225   -0.72384    1.04235 0.00138073 1 0.013719 0.685434
1   0.985264  -0.168814   0.027493 -0.0983103  -0.690487  -0.716633   0.139961    0.70337  -0.696908  -0.151513  -0.744433    1.02741 0.00139292 1 0.113461 0.636928
1   0.990477  -0.135446  0.0246778 -0.0779974  -0.699751  -0.710116   0.113451   0.701429  -0.703652  -0.118946  -0.739758    1.03474 0.00136499 1 0.112131 0.65057
1   0.984724   -0.17191  0.0276592 -0.0999961  -0.688382  -0.718423   0.142544   0.704682  -0.695057  -0.154421  -0.746725    1.02522 0.00137503 1 0.138853 0.731754
1   0.986529  -0.161104  0.0283774 -0.0955795  -0.708455  -0.699254   0.132757   0.687122   -0.71431  -0.142113  -0.719765    1.04637 0.00141548 1 0.0611299 0.642132
1   0.991243  -0.131118   0.015686 -0.0795253  -0.687551  -0.721768   0.105422     0.7142  -0.691957  -0.108197   -0.75857    1.02175 0.00137864 1 0.366399 1.30557
1   0.990753  -0.133626  0.0234947 -0.0771446  -0.697278  -0.712637   0.111609   0.704235  -0.701139  -0.116717  -0.743819    1.03192 0.00136025 1 0.136516 0.829129
1  0.980637 -0.192133 0.0378877  -0.10932 -0.697598 -0.708101   0.16248  0.690248 -0.705094 -0.179985 -0.726194   1.03623 0.00137081 1 0.120324 0.643225
1   0.98295 -0.180508 0.0350087 -0.102271 -0.694951 -0.711747  0.152805  0.696031 -0.701563 -0.168222  -0.73407   1.03244 0.00144528 1 0.100612 0.655231
1   0.987314  -0.156144  0.0287991 -0.0901066  -0.700351  -0.708088   0.130733   0.696511  -0.705536  -0.140714  -0.733331    1.03677 0.00137853 1 0.155213 0.697443
1  0.986149 -0.163214 0.0295328 -0.094548 -0.699446 -0.708404  0.136278  0.695799 -0.705189  -0.14702 -0.732703   1.03646 0.00136741 1 0.132534 0.808948
1   0.987387  -0.155327  0.0306731 -0.0886628  -0.702965  -0.705677   0.131173   0.694056   -0.70787  -0.141677  -0.729666    1.03935 0.0013726 1 0.131593 0.632348
1    0.98701  -0.157717  0.0306001 -0.0898895  -0.699994  -0.708468   0.133157   0.696515  -0.705079   -0.14404  -0.733607    1.03625 0.00137053 1 0.136627 0.787436
1   0.986692  -0.159852  0.0297691 -0.0911247  -0.695248   -0.71297   0.134666   0.700769  -0.700562  -0.145537  -0.739682    1.03138 0.00138323 1 0.067584 0.647462
1  0.984354 -0.174111 0.0270607 -0.102386 -0.690188 -0.716351  0.143402  0.702372 -0.697216 -0.154922 -0.743274   1.02772 0.00139827 1 0.123514 0.642187
1    0.98664  -0.160215  0.0295397 -0.0923676   -0.69948  -0.708657     0.1342   0.696461  -0.704934  -0.144901  -0.733572    1.03608 0.00136426 1 0.128597 0.645078
1   0.986246  -0.162233  0.0316218 -0.0918034  -0.696758  -0.711408   0.137446    0.69872  -0.702068  -0.149192  -0.736882    1.03297 0.00137342 1 0.121295 0.658441
1   0.986696  -0.159843  0.0296754 -0.0913308  -0.696001  -0.712209   0.134496   0.700024   -0.70134  -0.145505   -0.73869    1.03223 0.00136784 1 0.0520315 0.637364
1   0.986901  -0.158124  0.0319964 -0.0909357  -0.709053  -0.699267   0.133258   0.687198  -0.714144  -0.144074  -0.719759    1.04619 0.00138076 1 0.0465951 0.634406
1  0.981316  -0.18861 0.0380036 -0.106653 -0.697654 -0.708452  0.160134  0.691162 -0.704735 -0.177504 -0.727505   1.03592 0.0013583 1 0.152813 0.908106
1   0.985812  -0.165071  0.0304393 -0.0955447  -0.700931  -0.706801   0.138009   0.693864  -0.706757  -0.149161  -0.730134    1.03802 0.00137344 1 0.108143 0.752134
1   0.990882  -0.133429  0.0187057 -0.0794018   -0.69046  -0.718999   0.108851   0.710958  -0.694759  -0.112637  -0.753753    1.02494 0.00135682 1 0.0136456 0.643116
1   0.990242  -0.137925  0.0199606 -0.0817747  -0.691041  -0.718174   0.112848   0.709534  -0.695577  -0.117388  -0.751613    1.02574 0.00137934 1 0.105837 0.658364
1  0.987065 -0.158073 0.0267517 -0.092159  -0.69599 -0.712113  0.131185  0.700437 -0.701555 -0.140851  -0.73901   1.03243 0.00139918 1 0.120186 0.619893
1   0.990821  -0.133812  0.0191725 -0.0796057  -0.692218  -0.717285   0.109253   0.709175  -0.696516  -0.113143  -0.751166    1.02687 0.00135403 1 0.110762 0.619676
1   0.987163  -0.156389  0.0324306 -0.0876472  -0.700185  -0.708562   0.133519   0.696623  -0.704903  -0.144942  -0.733552    1.03604 0.00137276 1 0.111938 0.652606
1   0.987126  -0.157409   0.028381 -0.0912949   -0.70019  -0.708095   0.131332   0.696388  -0.705546  -0.141512  -0.733223    1.03684 0.00137096 1 0.0558064 0.64117
1   0.990561   -0.13516  0.0228312 -0.0793474  -0.701204  -0.708531   0.111775   0.700031   -0.70531   -0.11645  -0.737741    1.03643 0.00135746 1 0.181399 0.91198
1     0.9876  -0.154141  0.0297782 -0.0870844  -0.695708  -0.713026   0.130624   0.701592  -0.700504  -0.141113  -0.740674    1.03129 0.00138832 1 0.0979245 0.639138
1   0.990338   -0.13729  0.0195621 -0.0819092  -0.692918  -0.716348   0.111903   0.707824  -0.697469  -0.116168  -0.749137    1.02791 0.00135484 1 0.115348 0.831533
1   0.989903  -0.140225  0.0207029 -0.0822846  -0.687417  -0.721587   0.115416   0.712598  -0.692014  -0.120845  -0.756158    1.02199 0.00141424 1 0.0338744 0.649285
1   0.989905   -0.14034  0.0198058 -0.0832049   -0.68856   -0.72039   0.114737    0.71147  -0.693286  -0.119774  -0.754692     1.0233 0.00139904 1 0.00709274 0.632499
1   0.990305  -0.137169  0.0219185 -0.0807152  -0.696641  -0.712865   0.113052   0.704185  -0.700959  -0.117697  -0.743711    1.03163 0.00137902 1 0.0114075 0.684911
1   0.990722  -0.134271  0.0210144 -0.0794029  -0.697358  -0.712311   0.110297   0.704034  -0.701549  -0.114701   -0.74348    1.03234 0.00135565 1 0.0715095 0.631916
1   0.985816  -0.165099  0.0301572 -0.0941504  -0.692778  -0.714978   0.138934   0.701998  -0.698496  -0.150895  -0.741956    1.02921 0.00139535 1 0.0811169 0.626131
