1  0.984781 -0.171762 0.0265495  -0.10092 -0.689483 -0.717237  0.141499  0.703641 -0.696324 -0.152828 -0.745226   1.02658 0.00138398 1 0.113686 0.670427
1   0.991259  -0.130407   0.020007 -0.0766367  -0.692579   -0.71726   0.107392   0.709457  -0.696519  -0.111147   -0.75153    1.02682 0.00136594 1 0.0746381 0.654127
1   0.986094   -0.16484  0.0211447 -0.0967755  -0.672987  -0.733296   0.135107   0.721053   -0.67958  -0.145042  -0.770659    1.00811 0.0014321 1 0.355652 1.37353
1   0.986444  -0.161295  0.0302018 -0.0929994  -0.701134  -0.706939   0.135201   0.694547   -0.70663  -0.145947  -0.730894    1.03792 0.00136764 1 0.172619 0.667808
1   0.985309  -0.169111   0.023838 -0.0996337  -0.682563  -0.724003   0.138708   0.710992  -0.689384  -0.149582  -0.755838    1.01895 0.00139154 1 0.111797 0.687887
1   0.990987  -0.131479  0.0256681 -0.0739504  -0.696686  -0.713555     0.1117   0.705225  -0.700129  -0.117482  -0.745287    1.03078 0.0013797 1 0.101116 0.692355
1   0.989686  -0.141437  0.0227596 -0.0832391  -0.697054  -0.712171   0.116592   0.702931  -0.701637  -0.122027  -0.742216    1.03244 0.00137725 1 0.119683 0.67468
1  0.985831 -0.166785 0.0178794  -0.10024 -0.671231 -0.734439  0.134494  0.722241 -0.678439 -0.143594 -0.772537   1.00677 0.00143734 0.997947 0.401297 1.44739
1  0.986015 -0.165854 0.0163419 -0.101073 -0.673073 -0.732637   0.13251  0.720739 -0.680423 -0.140842   -0.7703   1.00904 0.00147091 1 0.059753 0.674477
1   0.990659  -0.135238   0.017492 -0.0813632   -0.68914  -0.720046   0.109432   0.711897  -0.693706  -0.112982  -0.755181    1.02369 0.00136899 1 0.240605 1.41896
1   0.990391  -0.136384  0.0229083 -0.0806349  -0.704062  -0.705546   0.112354   0.696919  -0.708294  -0.117032  -0.733175    1.03981 0.00136071 1 0.0344027 0.68746
1   0.990526  -0.135649  0.0213934 -0.0792463  -0.691852  -0.717678   0.112154   0.709183  -0.696047  -0.117046  -0.750903    1.02645 0.00137775 1 0.108202 0.673833
1   0.990829  -0.133924  0.0179494 -0.0807898   -0.69365  -0.715767   0.108309   0.707753  -0.698108  -0.111643  -0.748958    1.02865 0.00136127 1 0.140507 0.672793
1  0.989856 -0.140606 0.0203507 -0.085009  -0.70095 -0.708126  0.113831  0.699213 -0.705793 -0.118153 -0.736671   1.03711 0.00136709 1 0.111165 0.691026
1   0.991006  -0.132418  0.0192983 -0.0788165  -0.694133  -0.715519   0.108144   0.707563  -0.698326  -0.111793  -0.748766    1.02888 0.00135386 1 0.0547489 0.675101
1   0.985334   -0.16819  0.0287782 -0.0973142  -0.692432   -0.71489   0.140164   0.701605  -0.698645  -0.151931  -0.741858    1.02924 0.00138481 1 0.0918983 0.664743
1   0.988539  -0.147469  0.0323079 -0.0828516  -0.708849  -0.700478     0.1262   0.689773  -0.712942  -0.136234  -0.723073    1.04487 0.00140592 1 0.0746497 0.737761
1   0.990505  -0.135876  0.0209146 -0.0806197  -0.697325  -0.712206   0.111356   0.703758  -0.701659  -0.115719  -0.743149    1.03252 0.00134732 1 0.0639453 0.687897
1   0.990523  -0.134628  0.0271906 -0.0761463  -0.703047  -0.707055   0.114306   0.698284  -0.706636  -0.120339  -0.734987    1.03813 0.00142306 1 0.0689555 0.694732
1   0.986228  -0.163058  0.0276753 -0.0964627  -0.703025  -0.704593   0.134346    0.69222  -0.709072  -0.144291  -0.727721    1.04057 0.00138849 1 0.10346 0.739624
1   0.986451  -0.161072  0.0311615 -0.0925715  -0.703295  -0.704845   0.135447    0.69241  -0.708676  -0.146326  -0.727591    1.04023 0.00136741 1 0.17682 0.671746
1    0.98638  -0.161469  0.0313421 -0.0917773   -0.69842  -0.709779   0.136498   0.697236  -0.703726  -0.148008  -0.734855    1.03483 0.00136897 1 0.123418 0.864358
1   0.986512  -0.160652  0.0313852 -0.0915825  -0.700622  -0.707631   0.135672   0.695212  -0.705885  -0.146997  -0.731507    1.03723 0.00137378 1 0.0455879 0.65031
1   0.986547  -0.160957  0.0286158 -0.0940662  -0.702054  -0.705884   0.133706   0.693696  -0.707749  -0.143895  -0.729514    1.03916 0.0013691 1 0.0837219 0.735282
1   0.985566  -0.166911  0.0282788 -0.0981566  -0.699515  -0.707844   0.137928   0.694852  -0.705802  -0.148772  -0.731303    1.03718 0.00140606 1 0.0948123 0.665519
1   0.986964   -0.15784  0.0314368 -0.0907723  -0.707236  -0.701126   0.132899   0.689132  -0.712344  -0.143628  -0.722392    1.04422 0.00140144 1 0.11454 0.704195
1   0.986229  -0.162858  0.0288141 -0.0943305   -0.69701  -0.710829   0.135848   0.698322  -0.702774  -0.146515  -0.736368    1.03377 0.00136669 1 0.0947233 0.67028
1   0.986318  -0.161994  0.0305633 -0.0943562  -0.706777  -0.701115   0.135178   0.688639  -0.712392  -0.145763  -0.722236    1.04423 0.00137101 1 0.0652816 0.660353
1   0.990514  -0.136029  0.0194332 -0.0819593  -0.698377  -0.711022   0.110291   0.702685  -0.702901  -0.114127  -0.741562    1.03388 0.00134961 1 0.0781493 0.662692
1   0.987052  -0.157304  0.0313493 -0.0893483  -0.701541  -0.707006   0.133208   0.695051  -0.706513   -0.14405  -0.731374    1.03783 0.00137174 1 0.149756 0.90298
1   0.990475    -0.1358  0.0227552 -0.0809083  -0.707718  -0.701847   0.111415   0.693321  -0.711964  -0.115709  -0.727837    1.04373 0.00137506 1 0.144874 0.823155
1   0.990899  -0.132631  0.0229874 -0.0765457  -0.695674  -0.714268   0.110726   0.706007  -0.699495  -0.115697  -0.746309    1.03018 0.00136475 1 0.0536848 0.654984
1   0.986022  -0.164004  0.0293971 -0.0952191  -0.699438  -0.708322   0.136729   0.695621  -0.705277  -0.147703  -0.732609    1.03653 0.00136924 1 0.0605858 0.674049
1   0.986837  -0.158739  0.0308838 -0.0910654  -0.703297  -0.705039   0.133638   0.692947  -0.708495  -0.144423  -0.728285       1.04 0.00135901 1 0.149324 0.940355
1  0.981524 -0.188038 0.0353774 -0.106785 -0.691767 -0.714181  0.158766  0.697208 -0.699066 -0.175826 -0.736432   1.02958 0.00134708 1 0.11223 0.697475
1   0.986176  -0.162967  0.0299696 -0.0935022   -0.69663  -0.711311   0.136798   0.698676  -0.702238  -0.147934  -0.736709    1.03326 0.00138422 1 0.112292 0.708437
1   0.990657  -0.134633  0.0217508 -0.0794835  -0.699579  -0.710121   0.110822   0.701757  -0.703744  -0.115154  -0.739984    1.03478 0.00136944 1 0.0954327 0.676113
1   0.987067  -0.157659  0.0290284 -0.0909112  -0.699658  -0.708671   0.132038   0.696867  -0.704942  -0.142192  -0.733867    1.03619 0.00137981 1 0.179147 1.13175
1   0.990834  -0.132932  0.0240072 -0.0771018  -0.702473  -0.707522   0.110916   0.699186  -0.706283    -0.1158   -0.73654    1.03754 0.00136932 1 0.0687574 0.673441
1   0.990748  -0.134031  0.0213123 -0.0790133  -0.697336  -0.712375   0.110342   0.704101  -0.701475  -0.114693  -0.743682    1.03226 0.00135426 1 0.0359286 0.665257
1  0.987355 -0.155782 0.0293429 -0.089502 -0.700608 -0.707911  0.130838  0.696334 -0.705692 -0.141201 -0.733222   1.03697 0.00137781 1 0.204315 0.822062
1   0.986771  -0.159604  0.0284515 -0.0917013  -0.694215  -0.713902   0.133693   0.701849  -0.699668  -0.144495  -0.741258    1.03037 0.00138609 1 0.0491109 0.66135
1   0.989959  -0.139566   0.022402 -0.0827923  -0.700961  -0.708378   0.114568   0.699411  -0.705478  -0.119572   -0.73672    1.03674 0.00137275 1 0.118121 0.69148
1   0.990662  -0.134839  0.0201774 -0.0802675  -0.696434  -0.713117   0.110209   0.704839  -0.700754  -0.114318   -0.74475    1.03159 0.00135367 1 0.172122 0.928783
1   0.990494  -0.136171   0.019458 -0.0815899  -0.695489   -0.71389   0.110744   0.705516  -0.699988   -0.11475  -0.745895    1.03064 0.00135524 1 0.116173 0.724403
1   0.986082  -0.163466  0.0303477 -0.0942783  -0.700118  -0.707776   0.136944   0.695064  -0.705785  -0.147968  -0.731661    1.03704 0.00136483 1 0.0239208 0.683424
1   0.986486  -0.161175  0.0294697 -0.0929909  -0.698834  -0.709213   0.134902   0.696889  -0.704378  -0.145692  -0.734211    1.03551 0.00136166 1 0.050117 0.670449
1  0.980916 -0.190969 0.0365198 -0.108117 -0.691863 -0.713888  0.161597  0.696316 -0.699307 -0.179069 -0.735124   1.02993 0.00135564 1 0.0939913 0.821557
1   0.987044  -0.157421  0.0310136 -0.0896761  -0.701555  -0.706951   0.133047   0.695011  -0.706582  -0.143904  -0.731189      1.038 0.00136414 1 0.110335 0.690082
1   0.990878  -0.133576  0.0178448 -0.0810552  -0.696516  -0.712948   0.107662   0.704998   -0.70099  -0.110857   -0.74489     1.0318 0.00135913 1 0.132003 0.699645
1    0.98576  -0.165772  0.0282178 -0.0966467  -0.695849  -0.711656   0.137608   0.698795  -0.701961  -0.148413  -0.737308    1.03287 0.00137383 1 0.179883 0.692385
1   0.986688  -0.159949  0.0293855 -0.0919946  -0.697969  -0.710194   0.134105   0.698037  -0.703392  -0.144834  -0.735801    1.03447 0.00136358 1 0.0499942 0.746289
1   0.990256  -0.137827   0.019897 -0.0818008  -0.691355   -0.71787   0.112698   0.709248  -0.695893  -0.117281  -0.751206    1.02617 0.00136609 1 0.111141 0.662648
1   0.986427   -0.16157  0.0292678 -0.0939158  -0.701374  -0.706579    0.13469    0.69424  -0.707029  -0.145168  -0.730394    1.03835 0.00136679 1 0.138194 0.679186
1   0.986336  -0.162008  0.0299255 -0.0936764  -0.700925  -0.707056   0.135524   0.694591  -0.706524  -0.146375  -0.731014    1.03781 0.0013671 1 0.0378933 0.680937
1  0.986593 -0.160685 0.0285487 -0.093305 -0.698875 -0.709132  0.133899   0.69696 -0.704498 -0.144267 -0.734073   1.03577 0.00137848 1 0.0691842 0.690391
1   0.99041 -0.136037 0.0241038 -0.079206 -0.702051 -0.707708  0.113197  0.699013 -0.706093 -0.118336 -0.736227   1.03734 0.00135823 1 0.170321 0.94183
1   0.987224  -0.156714  0.0288036 -0.0905122  -0.700325  -0.708063   0.131135   0.696409  -0.705562  -0.141327  -0.733193    1.03686 0.00136976 1 0.0440571 0.674637
1  0.991007 -0.133023 0.0144925   -0.0802 -0.677171 -0.731442  0.107112  0.723702  -0.68175 -0.110055 -0.772553   1.01051 0.00144799 1 0.461582 1.44247
1   0.987257    -0.1573  0.0240891 -0.0933125  -0.694856  -0.713069   0.128904   0.701735   -0.70068  -0.137751  -0.741198    1.03151 0.00140989 1 0.105241 0.676732
1    0.98743  -0.155381  0.0289566 -0.0887113  -0.696455  -0.712096   0.130813   0.700576  -0.701485   -0.14131  -0.739347    1.03239 0.0013803 1 0.155557 0.719448
1   0.990503  -0.135773  0.0216502 -0.0797283  -0.695508  -0.714081   0.112011   0.705573  -0.699728  -0.116744  -0.745841    1.03036 0.0013528 1 0.17131 0.703208
1    0.99089  -0.133894  0.0144853 -0.0844037   -0.70122  -0.707932   0.104945    0.70026  -0.706132  -0.106675  -0.738059    1.03743 0.0014123 1 0.0582594 0.722048
1  0.986234  -0.16236 0.0313305 -0.092775 -0.700159 -0.707934  0.136877  0.695282 -0.705583 -0.148265 -0.731943   1.03678 0.00136321 1 0.0305893 0.6973
1  0.983693 -0.178149 0.0247073 -0.105767 -0.684108 -0.721671  0.145468   0.70729 -0.691795 -0.157014 -0.750737    1.0217 0.00140478 1 0.11452 0.702564
1   0.986563   -0.15997  0.0332155 -0.0915251  -0.709526   -0.69871    0.13534   0.686281  -0.714634  -0.146482  -0.718539    1.04667 0.00137871 1 0.0730412 0.695846
1   0.990365  -0.136739  0.0219164 -0.0804757  -0.697063   -0.71248   0.112701   0.703851   -0.70135  -0.117523  -0.743395    1.03217 0.00135083 1 0.0488495 0.701351
1  0.984948 -0.171528 0.0213644 -0.101958 -0.676325 -0.729513  0.139581  0.716354 -0.683633 -0.150051 -0.763873   1.01261 0.00141337 1 0.18724 0.671198
1   0.986721  -0.159557  0.0303964 -0.0913363  -0.699802  -0.708474   0.134314   0.696289  -0.705082  -0.145139  -0.733225    1.03627 0.00136351 1 0.1537 0.849473
1  0.981581 -0.188502  0.031082 -0.109128 -0.686758 -0.718648  0.156813  0.702019 -0.694679 -0.172673 -0.743551   1.02491 0.00138025 1 0.0352737 0.68676
1   0.986869  -0.158551   0.030835 -0.0900834  -0.698729  -0.709692   0.134067   0.697596  -0.703837  -0.145147  -0.735043    1.03493 0.0013636 1 0.161653 0.848176
1  0.981125  -0.18996 0.0361714 -0.107435 -0.691005 -0.714821  0.160782  0.697443 -0.698371 -0.178229 -0.736756   1.02897 0.00135743 1 0.157374 0.70263
1  0.981032 -0.190282 0.0370072 -0.108418 -0.696853 -0.708972  0.160694  0.691512 -0.704265 -0.177915 -0.728145   1.03528 0.00135234 1 0.223802 0.937436
1   0.987537  -0.154177  0.0316101 -0.0865519  -0.699768  -0.709108   0.131448   0.697535  -0.704391  -0.142559  -0.734836    1.03555 0.00137381 1 0.0640084 0.701404
1  0.980934 -0.190557 0.0381739 -0.108034 -0.697954 -0.707947  0.161548  0.690325 -0.705233 -0.179083 -0.726209   1.03645 0.00136706 1 0.172558 0.659123
1    0.9863 -0.161509  0.033571 -0.091822  -0.70658  -0.70165  0.137044  0.688955  -0.71173 -0.148631 -0.722565   1.04359 0.00136922 1 0.075042 0.716206
1     0.9875  -0.153979  0.0336698 -0.0855026  -0.702779  -0.706251    0.13241   0.694544   -0.70716  -0.143756  -0.730484    1.03851 0.00138881 1 0.108687 0.697119
1   0.987715   -0.15413  0.0257479 -0.0891655    -0.6912  -0.717141    0.12833   0.706035  -0.696452  -0.137653   -0.74778    1.02681 0.00141363 1 0.113783 0.679558
1    0.98515  -0.169574  0.0269112 -0.0983361  -0.685739  -0.721175   0.140747   0.707819  -0.692231  -0.152507  -0.751149    1.02215 0.00137842 1 0.129548 0.703468
1   0.991455  -0.128787  0.0207359 -0.0752746  -0.694677  -0.715372   0.106535   0.707699  -0.698436  -0.110605  -0.748818    1.02899 0.00137074 1 0.178059 0.658
1   0.986132  -0.163205  0.0301234 -0.0950468  -0.704172  -0.703639    0.13605   0.691018  -0.709919  -0.146745  -0.725865    1.04168 0.00138385 1 0.0822386 0.702844
1  0.981382  -0.18842 0.0372561 -0.106643 -0.695874 -0.710202  0.159742  0.693006 -0.703011 -0.176988 -0.730217     1.034 0.00135194 1 0.107253 0.65803
1   0.990404  -0.136779  0.0197753 -0.0815782  -0.694107  -0.715235   0.111555   0.706758  -0.698604  -0.115864  -0.747442    1.02916 0.00136047 1 0.0269037 0.634918
1   0.986761  -0.159846  0.0274175 -0.0944286  -0.703713  -0.704181   0.131854    0.69227  -0.709491  -0.141523  -0.727259    1.04119 0.00138199 1 0.0563494 0.680292
1   0.990547  -0.135571  0.0208983 -0.0811926  -0.702258  -0.707277   0.110563   0.698895  -0.706627  -0.114678  -0.736057    1.03808 0.00136843 1 0.100354 0.679127
1   0.987231  -0.156962  0.0271593 -0.0906375  -0.693712  -0.714526   0.130994   0.702941  -0.699081  -0.140767  -0.742929    1.02977 0.00140648 1 0.0783862 0.669381
1  0.981489 -0.188225   0.03537 -0.107134 -0.692674  -0.71325  0.158751  0.696257 -0.700017 -0.175655 -0.735096   1.03068 0.0013477 1 0.0206865 0.718585
1   0.986187  -0.162677  0.0311765 -0.0924255  -0.696649  -0.711433   0.137453   0.698725  -0.702062  -0.149047  -0.737006    1.03295 0.00137045 1 0.0484598 0.681302
1   0.990652  -0.134236  0.0242585 -0.0784794  -0.706313  -0.703536   0.111574   0.695056  -0.710245  -0.116473  -0.730518    1.04181 0.00137469 1 0.0925212 0.655028
1   0.986282  -0.162186  0.0307231 -0.0920268  -0.694757  -0.713333   0.137038    0.70072  -0.700151  -0.148693  -0.740108    1.03083 0.00138679 1 0.120142 0.671159
1   0.987471   -0.15493  0.0299559 -0.0884279  -0.700525  -0.708128   0.130695   0.696607  -0.705449  -0.141062  -0.733453    1.03665 0.00137601 1 0.0208013 0.671169
1   0.986231  -0.163934  0.0217907 -0.0964604  -0.677262  -0.729391    0.13433   0.717246   -0.68375  -0.144098  -0.764963    1.01273 0.00141891 1 0.310215 1.37619
1   0.986551  -0.160522  0.0308178 -0.0926673  -0.704593  -0.703535   0.134647   0.691218  -0.709992  -0.145464  -0.725852    1.04168 0.00136113 1 0.0838693 0.685146
1   0.990513  -0.135689  0.0217585 -0.0804246  -0.700758  -0.708851   0.111431   0.700376  -0.705023  -0.115971  -0.738147    1.03621 0.00135133 1 0.378816 1.53268
1    0.98995  -0.139949  0.0203053 -0.0840386  -0.697686  -0.711458   0.113735   0.702601  -0.702436  -0.118265  -0.741653    1.03331 0.00136261 1 0.146497 0.72503
1   0.987423  -0.155925  0.0261321 -0.0915139  -0.698479  -0.709755   0.128921   0.698437  -0.703964   -0.13813  -0.736295    1.03497 0.00139727 1 0.0757004 0.688443
1   0.989838  -0.140582  0.0214105 -0.0849603  -0.705381  -0.703719   0.114033   0.694748  -0.710156  -0.118396  -0.730152    1.04178 0.00137424 1 0.153345 0.718886
1  0.987707 -0.153183 0.0311303 -0.085861 -0.698084  -0.71085  0.130622  0.699439 -0.702655 -0.141281 -0.737535   1.03355 0.00139163 1 0.0467367 0.654731
1   0.985648  -0.166237  0.0293975 -0.0956055  -0.693195  -0.714381   0.139135   0.701318  -0.699139  -0.150649  -0.741134    1.02982 0.00138588 1 0.148076 0.673772
1   0.986429  -0.161318  0.0305606 -0.0924128  -0.699358  -0.708772   0.135711   0.696329  -0.704775  -0.146687  -0.733299    1.03593 0.00137006 1 0.143382 0.686834
1   0.986565  -0.160054  0.0327435 -0.0904755  -0.702169  -0.706238   0.136027   0.693788  -0.707217  -0.147506  -0.729465    1.03866 0.00136954 1 0.0527736 0.685443
1   0.987732  -0.153106  0.0307191 -0.0863367  -0.699347  -0.709549   0.130119   0.698192  -0.703986  -0.140864  -0.735684    1.03511 0.00137731 1 0.0604532 0.663883
1   0.990307  -0.137158   0.021918 -0.0808281  -0.697391  -0.712119   0.112958   0.703444  -0.701717  -0.117662  -0.743265    1.03241 0.00142592 1 0.0815895 0.700108
1   0.989876  -0.139887  0.0240315 -0.0823002  -0.703627  -0.705788    0.11564   0.696664  -0.708016  -0.120911  -0.732821    1.03953 0.00137599 1 0.0875383 0.688311
1   0.986309  -0.163341  0.0226628 -0.0984946  -0.693733  -0.713465    0.13226   0.701465  -0.700324  -0.141136  -0.741195    1.03103 0.00140843 1 0.0459631 0.689939
1  0.981288 -0.189784 0.0324986 -0.109023 -0.686773 -0.718649  0.158707  0.701659 -0.694613 -0.175349 -0.743078   1.02469 0.00136189 1 0.0776301 0.67596
1   0.991154  -0.131467  0.0181754 -0.0786554  -0.692183  -0.717423   0.106898   0.709647  -0.696401  -0.110352  -0.751847    1.02675 0.00136197 1 0.0703172 0.682494
1   0.986238  -0.163299  0.0258277 -0.0957208  -0.691368  -0.716134     0.1348   0.703807  -0.697484  -0.144881  -0.744486    1.02793 0.00138929 1 0.0779276 0.679576
1   0.987059  -0.158032  0.0272011 -0.0912763  -0.693171   -0.71497   0.131843   0.703235  -0.698626  -0.142098  -0.743248    1.02944 0.00141063 1 0.0585208 0.693235
1  0.983521 -0.178302 0.0298982 -0.104912 -0.697556 -0.708808  0.147238  0.693992 -0.704767 -0.159587 -0.730685   1.03607 0.00142896 1 0.0571496 0.705005
1   0.984914  -0.170792  0.0278198 -0.0986637  -0.686339  -0.720558   0.142159   0.706943  -0.692836  -0.154148  -0.749969    1.02282 0.00137471 1 0.0335579 0.695191
1   0.986542  -0.160505  0.0311951 -0.0929283  -0.707369  -0.700709   0.134534    0.68838  -0.712765  -0.145178  -0.721636    1.04479 0.00137801 1 0.0339312 0.688441
1   0.987549  -0.154878  0.0275734 -0.0904567  -0.702462   -0.70595   0.128705   0.694666  -0.707725  -0.138056  -0.730463     1.0393 0.00140265 1 0.0381758 0.662011
1  0.982297 -0.183914 0.0356026 -0.104042  -0.69367 -0.712739  0.155779  0.696418 -0.700525 -0.172482 -0.734851   1.03128 0.00137138 1 0.210848 0.749469
1   0.986568  -0.159771  0.0340189 -0.0902127   -0.70651   -0.70193   0.136183   0.689433  -0.711433   -0.14785  -0.723275    1.04324 0.00137154 1 0.125154 0.692307
1   0.990268  -0.137382  0.0222752 -0.0821448  -0.706142  -0.703289   0.112349   0.694615  -0.710555  -0.116787  -0.729782    1.04222 0.0013654 1 0.129834 0.675984
1  0.984512 -0.173572 0.0246947 -0.101842 -0.680849 -0.725309  0.142707   0.71156  -0.68798 -0.154446 -0.756871   1.01741 0.00139325 1 0.0723933 0.694049
1   0.986708  -0.159511  0.0310418 -0.0911515  -0.701416    -0.7069   0.134531   0.694674  -0.706632  -0.145554  -0.730904    1.03797 0.00135945 1 0.111043 0.699482
1  0.981806  -0.18614 0.0375434 -0.103395 -0.689879 -0.716503   0.15927  0.699585 -0.696573 -0.176969 -0.739636   1.02687 0.00136645 1 0.0777847 0.666552
1    0.99033  -0.137295  0.0199219 -0.0821012  -0.695751  -0.713576   0.111831    0.70504  -0.700295  -0.116045  -0.745022    1.03102 0.00135036 1 0.171637 0.804365
