1   0.990224  -0.138285   0.018259 -0.0834451  -0.692183  -0.716881   0.111773    0.70835  -0.696956  -0.115835  -0.749859    1.02739 0.00136358 1 0.131881 0.797989
1  0.984939 -0.169662 0.0333278 -0.096475 -0.699217  -0.70837  0.143487  0.694486 -0.705054 -0.156287 -0.731471   1.03628 0.00140038 1 0.0144238 0.726056
1   0.986244  -0.162612  0.0296524 -0.0937378  -0.697983  -0.709953   0.136144   0.697408  -0.703625  -0.147153  -0.735081    1.03466 0.00136413 1 0.0481665 0.706077
1   0.986533  -0.161204  0.0276855 -0.0942507  -0.698607  -0.709271   0.133678    0.69711  -0.704392  -0.143843  -0.734405    1.03558 0.00137209 1 0.0678062 0.790975
1   0.990356  -0.136769  0.0221256 -0.0810082  -0.701181  -0.708367   0.112397   0.699743  -0.705498  -0.117044  -0.737291    1.03673 0.00135086 1 0.118368 0.8124
1   0.990019  -0.139315   0.021287 -0.0827388  -0.696832  -0.712446   0.114088   0.703574  -0.701404  -0.118878  -0.743008     1.0323 0.00135583 1 0.090429 0.69817
1   0.985765  -0.165018   0.032177 -0.0935347  -0.697313  -0.710638   0.139706   0.697512  -0.702822  -0.151794  -0.735401    1.03377 0.00137762 1 0.0804441 0.747523
1  0.981835 -0.187125 0.0313822 -0.107985 -0.687088 -0.718505  0.156013  0.702065 -0.694813 -0.171464 -0.743444   1.02491 0.00139682 1 0.0776057 0.695977
1   0.990331  -0.137515  0.0182885 -0.0826397  -0.690683   -0.71842   0.111425   0.709963  -0.695369  -0.115366  -0.752376    1.02562 0.00136232 1 0.0960377 0.713659
1   0.986275  -0.163155  0.0253301 -0.0936854  -0.679329  -0.727829   0.135956   0.715467   -0.68529  -0.146724  -0.762167    1.01446 0.00141285 1 0.457563 1.63514
1  0.985725 -0.167362 0.0183272 -0.100843 -0.674073 -0.731749  0.134821  0.719455 -0.681328 -0.143903 -0.768407   1.01004 0.00144656 1 0.4758 1.76683
1   0.986959  -0.157814  0.0317391 -0.0899204  -0.704035  -0.704449   0.133517   0.692409  -0.709044  -0.144539  -0.727449    1.04059 0.00136272 1 0.0754788 0.747843
1   0.990651  -0.134006   0.025563 -0.0777579   -0.70861  -0.701303   0.112093   0.692758  -0.712405  -0.117115  -0.727072    1.04419 0.00139023 1 0.185234 0.917615
1   0.986894  -0.158071  0.0324542 -0.0896641  -0.704377   -0.70414   0.134164   0.692002  -0.709319  -0.145453  -0.726979    1.04083 0.00137482 1 0.0685653 0.721327
1   0.986123  -0.163063   0.031192 -0.0937017  -0.701756  -0.706229   0.137049   0.693505  -0.707296  -0.148358  -0.729555    1.03871 0.00137232 1 0.0591162 0.719681
1   0.991352  -0.129259  0.0226735 -0.0751366  -0.700712  -0.709477   0.107594   0.701638  -0.704364  -0.111883  -0.740083    1.03536 0.00137407 1 0.427192 2.04338
1  0.980804  -0.19184 0.0349516 -0.109609  -0.69063 -0.714854  0.161276    0.6973   -0.6984 -0.178538 -0.736741   1.02888 0.00135329 1 0.158486 1.02768
1   0.989987  -0.139539  0.0213221 -0.0833759  -0.699917  -0.709341   0.113904    0.70046  -0.704543  -0.118541  -0.738443    1.03567 0.00135525 1 0.178206 0.75623
1   0.986539  -0.160402  0.0318028 -0.0912298  -0.701282  -0.707022   0.135711   0.694604  -0.706476  -0.147076   -0.73092    1.03778 0.00136589 1 0.105942 0.699658
1  0.981229 -0.189735 0.0344953 -0.108598  -0.69147 -0.714196   0.15936  0.697044 -0.699095 -0.176244 -0.736407    1.0296 0.00135083 1 0.155538 0.854653
1   0.986592  -0.159768  0.0333321 -0.0899198  -0.702545  -0.705935   0.136203   0.693472  -0.707492  -0.147849  -0.729003    1.03885 0.00137465 1 0.0895797 0.709348
1   0.986096  -0.164254  0.0251975 -0.0975246  -0.694798  -0.712562   0.134548   0.700198  -0.701156  -0.144141  -0.739296    1.03199 0.0013913 1 0.0535826 0.726886
1   0.990461  -0.137361  0.0109008 -0.0860325  -0.678264  -0.729765   0.107635   0.721866  -0.683611  -0.109737  -0.770347    1.01251 0.00145898 1 0.331947 1.85591
1   0.986604  -0.162013  0.0190916 -0.0968492  -0.675876  -0.730624   0.131274   0.718988  -0.682513  -0.140149  -0.767514    1.01132 0.00143988 1 0.0952738 0.724023
1   0.985913  -0.165184  0.0262825 -0.0973967  -0.694713  -0.712662   0.135979   0.700063  -0.701015  -0.146264  -0.739195    1.03188 0.00138372 1 0.0704142 0.732098
1  0.984643 -0.172312 0.0280612 -0.100346 -0.690124   -0.7167  0.142862  0.702878 -0.696816 -0.154789 -0.744074   1.02715 0.00137912 1 0.0829607 0.712317
1  0.981621 -0.187251 0.0368308 -0.105423 -0.692945 -0.713241  0.159077   0.69625  -0.69995 -0.176431 -0.735002   1.03055 0.00134384 1 0.158552 0.896334
1   0.986743  -0.159769  0.0284805 -0.0919835  -0.695182  -0.712925   0.133702   0.700854  -0.700662  -0.144333  -0.739826    1.03142 0.00137881 1 0.0983892 0.722847
1  0.990622 -0.134979 0.0211776  -0.07979 -0.697341 -0.712285  0.110911  0.703915 -0.701571  -0.11535 -0.743361   1.03242 0.00134907 1 0.110986 0.704566
1  0.985793 -0.166653 0.0209433 -0.099071 -0.677605 -0.728722  0.135635  0.716294 -0.684489 -0.145336 -0.763805   1.01354 0.00142272 1 0.479317 1.41408
1  0.985682 -0.166527 0.0264397 -0.099709 -0.702125 -0.705038  0.135972  0.692307 -0.708676 -0.145669 -0.727856   1.04026 0.00139314 1 0.122328 0.717531
1   0.986064  -0.164089  0.0274256 -0.0952193  -0.691834  -0.715751   0.136421   0.703165  -0.697817  -0.147033  -0.743681    1.02828 0.00139072 1 0.118068 0.718652
1  0.981925 -0.184881 0.0405165 -0.106448 -0.716451 -0.689468  0.156498  0.672694 -0.723182  -0.17258 -0.699963   1.05596 0.00146677 1 0.0580365 0.744678
1   0.986298  -0.162915  0.0259823 -0.0930744  -0.679536  -0.727714   0.136212   0.715325  -0.685388  -0.147336  -0.762116    1.01446 0.00140643 1 0.225917 1.64548
1   0.986406  -0.161932  0.0279494 -0.0947133  -0.699244  -0.708581   0.134286   0.696301  -0.705076  -0.144483  -0.733442    1.03622 0.0013691 1 0.0860577 0.792952
1   0.990261  -0.137328  0.0228811 -0.0798839  -0.695081   -0.71448   0.114022   0.705694  -0.699282  -0.119332  -0.745989    1.02992 0.00136117 1 0.193469 0.80232
1  0.984675 -0.172146  0.027929 -0.100042 -0.688743  -0.71807  0.142849  0.704272  -0.69541 -0.154782  -0.74609   1.02558 0.00137695 1 0.0521487 0.722503
1  0.980693 -0.192994 0.0315197 -0.111845 -0.685791 -0.719154  0.160408  0.701744 -0.694136 -0.176813 -0.743189   1.02424 0.00138375 1 0.0223803 0.71513
1   0.986339  -0.162534  0.0268035 -0.0971533  -0.705366  -0.702154    0.13303   0.689957  -0.711521  -0.142329  -0.724191    1.04331 0.00139441 1 0.0665986 0.700105
1   0.990274  -0.137117  0.0235782 -0.0801846  -0.700962  -0.708676   0.113699   0.699893  -0.705139  -0.118882   -0.73753    1.03633 0.00135637 1 0.156923 0.853082
1   0.990352  -0.138089  0.0116146 -0.0869913  -0.684746  -0.723571    0.10787    0.71558  -0.690152  -0.109845  -0.760969    1.01974 0.00142874 1 0.301374 1.44793
0   0.991787  -0.127757 0.00599109 -0.0841145  -0.686844  -0.721921  0.0963451   0.715489  -0.691949 -0.0954245  -0.760432    1.02168 0.00157197 1 0.450787 1.53361
1   0.990857  -0.133438  0.0198932 -0.0793271  -0.695513  -0.714121   0.109127   0.706014  -0.699739   -0.11298  -0.746497    1.03037 0.00135285 1 0.112686 0.756301
1   0.986231  -0.162904  0.0284693 -0.0939135  -0.693409  -0.714398   0.136119   0.701888   -0.69916   -0.14682  -0.741455    1.02979 0.00139463 1 0.0238724 0.722015
1   0.990714  -0.134998  0.0161425 -0.0821285  -0.688844  -0.720243   0.108351   0.712229  -0.693535  -0.111469  -0.755637    1.02357 0.00136765 1 0.341769 1.6691
1   0.990161   -0.13802  0.0230413 -0.0809131  -0.699078  -0.710452   0.114164   0.701598  -0.703368  -0.119389  -0.739959    1.03447 0.0013652 1 0.0679017 0.716677
1   0.989934  -0.139288  0.0250782 -0.0803207  -0.698819  -0.710775   0.116528   0.701606  -0.702973  -0.122384  -0.739968    1.03397 0.00138561 1 0.0314896 0.778544
1   0.990531   -0.13572   0.020686 -0.0809147  -0.698862  -0.710665   0.110908   0.702262  -0.703226   -0.11509  -0.740834    1.03419 0.00135676 1 0.0681209 0.727525
1   0.986528  -0.160758  0.0303348 -0.0927047  -0.702123  -0.705995   0.134793   0.693671  -0.707567  -0.145596   -0.72954    1.03901 0.00136107 1 0.137956 0.908686
0   0.992299   -0.12167   0.023196 -0.0696949  -0.703286  -0.707482   0.102393   0.700418   -0.70635  -0.105981  -0.737782    1.03751 0.00143732 1 0.0728443 0.753811
1  0.981695 -0.187187 0.0351473 -0.107583 -0.697279 -0.708681  0.157163  0.691927 -0.704653  -0.17347 -0.728763   1.03569 0.00136847 1 0.097561 0.705357
1  0.986335 -0.161894 0.0305682 -0.092795 -0.699199  -0.70888  0.136137  0.696356 -0.704667  -0.14729 -0.733564   1.03578 0.00136522 1 0.0522176 0.69994
1   0.986266  -0.162603  0.0289728 -0.0944778  -0.699305  -0.708553   0.135473   0.696084  -0.705063  -0.146194  -0.732849    1.03627 0.00138724 1 0.105173 0.742099
1   0.988484  -0.148405  0.0295861 -0.0842289  -0.702006  -0.707172   0.125718   0.696537  -0.706422  -0.135416  -0.733135    1.03774 0.00139755 1 0.0606085 0.769801
1   0.986003  -0.163983  0.0301401 -0.0944023  -0.698081  -0.709768    0.13743   0.696988  -0.703791   -0.14862  -0.734495    1.03489 0.00136438 1 0.0669175 0.796358
1   0.990965  -0.132125   0.023052 -0.0760111  -0.694868  -0.715109   0.110502   0.706896  -0.698632  -0.115334  -0.747509    1.02923 0.00137721 1 0.127126 0.741655
1   0.986292  -0.162896  0.0263175 -0.0954912  -0.693536  -0.714065   0.134571   0.701763  -0.699585  -0.144585  -0.741438    1.03023 0.00138182 1 0.108726 0.922976
1   0.991317  -0.129394  0.0234202 -0.0737007  -0.694228  -0.715972   0.108901   0.708028  -0.697736  -0.113851  -0.749359    1.02818 0.00137686 1 0.142518 0.709523
1   0.986703  -0.159539  0.0310579 -0.0910742  -0.700972   -0.70735    0.13462   0.695116  -0.706181  -0.145691  -0.731455    1.03754 0.00135999 1 0.0529678 0.703763
1  0.986755 -0.159672 0.0286222 -0.091558 -0.693854 -0.714271  0.133909   0.70219 -0.699283 -0.144587 -0.742013   1.02996 0.00138371 1 0.0463974 0.722044
1     0.9905  -0.135911  0.0209063 -0.0803572   -0.69547  -0.714048   0.111586   0.705585  -0.699785  -0.116052  -0.745828    1.03046 0.0013496 1 0.140461 1.01238
1   0.986517   -0.16049  0.0320464 -0.0919719  -0.705635  -0.702582    0.13537   0.690161  -0.710881  -0.146534   -0.72458    1.04262 0.0013852 1 0.0944475 0.723645
1   0.985936  -0.163792  0.0331865 -0.0947016  -0.711189  -0.696593   0.137698   0.683654  -0.716698  -0.148979   -0.71476    1.04896 0.00140062 1 0.0857289 0.712291
1   0.986606  -0.161905  0.0198821 -0.0956885  -0.673149   -0.73329   0.132107   0.721566  -0.679625  -0.141376  -0.771313    1.00813 0.00144442 1 0.564797 1.51023
1   0.986015  -0.164304   0.027914 -0.0958312  -0.695996  -0.711622   0.136351   0.698994  -0.702008   -0.14696  -0.737479    1.03295 0.00137002 1 0.213008 0.914987
1  0.987455 -0.154544 0.0323868 -0.086995 -0.703638 -0.705213  0.131775  0.693549 -0.708255  -0.14285 -0.728921   1.03979 0.00137139 1 0.0738018 0.694747
1   0.986781  -0.159238   0.030108 -0.0914682  -0.700617  -0.707651   0.133779   0.695543   -0.70592  -0.144592  -0.732095    1.03721 0.00136147 1 0.139342 0.750932
1   0.990656  -0.134722  0.0212299 -0.0799236  -0.699599  -0.710052   0.110512    0.70172  -0.703829  -0.114807  -0.740133     1.0349 0.00134899 1 0.147634 0.788238
1   0.990503  -0.135302  0.0244361 -0.0775819  -0.696745  -0.713111   0.113511   0.704443  -0.700625  -0.119081  -0.743994    1.03145 0.00137786 1 0.045159 0.701275
1   0.990393  -0.136454  0.0223972 -0.0797338  -0.695863  -0.713735   0.112977   0.705092  -0.700058  -0.117894  -0.745232    1.03066 0.00136352 1 0.0884484 0.690421
1   0.990183  -0.138466  0.0190726 -0.0834092  -0.694855  -0.714296   0.112159   0.705694  -0.699583  -0.116313   -0.74594    1.03026 0.00135878 1 0.146167 0.697679
1   0.986486  -0.161001  0.0304044 -0.0928868  -0.702404  -0.705691   0.134973    0.69333  -0.707867  -0.145804  -0.728964    1.03932 0.00135963 1 0.104364 0.710996
1   0.986695  -0.160101  0.0283095 -0.0923787  -0.695349   -0.71271   0.133791   0.700612  -0.700887  -0.144402  -0.739666    1.03159 0.00138635 1 0.0195603 0.712799
1   0.986747  -0.158938   0.032699 -0.0904707  -0.706153  -0.702256   0.134706    0.68999  -0.711174  -0.145902  -0.723956    1.04297 0.00136333 1 0.101215 0.834444
1   0.986222  -0.162389    0.03156 -0.0936292  -0.705216  -0.702783   0.136381   0.690145  -0.710704  -0.147445  -0.724322    1.04247 0.00136502 1 0.0526443 0.722035
1  0.981941 -0.185778 0.0357425 -0.105767 -0.695727 -0.710476  0.156858  0.693866 -0.702813  -0.17349 -0.731405   1.03371 0.00135494 1 0.0627048 0.711977
1   0.986097  -0.164956  0.0200475 -0.0982683  -0.676178  -0.730155   0.133999   0.718033  -0.682988  -0.143471  -0.766175    1.01192 0.00142618 1 0.078502 1.51718
1  0.984744 -0.172936 0.0193133 -0.103478 -0.671204 -0.734014  0.139901  0.720818 -0.678859 -0.150034 -0.770353   1.00735 0.00146754 1 0.254395 1.60834
1   0.990857   -0.13314   0.021839 -0.0788362  -0.702702  -0.707103    0.10949   0.698916  -0.706774  -0.113674  -0.736055    1.03807 0.00135824 1 0.0968565 0.715815
1  0.983645 -0.176832 0.0342521 -0.102948 -0.707993 -0.698676  0.147798  0.683723 -0.714618 -0.160926 -0.715517    1.0468 0.0014644 1 0.0482587 0.72595
1    0.99019  -0.137889  0.0225712 -0.0822878  -0.706049  -0.703365   0.112923   0.694608   -0.71047  -0.117463  -0.729893    1.04211 0.00136668 1 0.0891587 0.699914
1    0.98674  -0.159871  0.0280385 -0.0918534  -0.692434   -0.71561    0.13382   0.703545  -0.697937  -0.144527  -0.743943    1.02844 0.00138696 1 0.106148 0.711598
1   0.990097  -0.138536  0.0227244 -0.0803897  -0.692183  -0.717231   0.115092   0.708301  -0.696465  -0.120472  -0.749798     1.0269 0.0013829 1 0.09267 0.72891
1   0.991091  -0.130917  0.0244941 -0.0753561  -0.702818  -0.707368   0.109822    0.69922  -0.706421  -0.114731  -0.736522    1.03764 0.00137342 1 0.00135258 0.735157
1   0.990862  -0.132763  0.0237853 -0.0757104  -0.693427  -0.716538   0.111623    0.70819  -0.697142  -0.117117  -0.749648     1.0275 0.00137587 1 0.0525786 0.685856
1   0.990497   -0.13592  0.0210207 -0.0803934  -0.696178  -0.713353   0.111593   0.704884  -0.700489  -0.116086  -0.744824    1.03121 0.00134875 1 0.157781 0.770317
1   0.986407  -0.161654  0.0294929 -0.0927428  -0.695845  -0.712179   0.135649   0.699763  -0.701378  -0.146724  -0.738623     1.0322 0.00137741 1 0.120521 0.717368
1   0.986684  -0.159665  0.0310013 -0.0916979  -0.703505   -0.70475   0.134333   0.692523  -0.708778  -0.145291  -0.727634    1.04031 0.0013656 1 0.163193 0.701277
1  0.981606 -0.187583 0.0355309 -0.108107 -0.699516 -0.706392  0.157361  0.689558 -0.706928 -0.173875  -0.72533   1.03817 0.00138045 1 0.0461106 0.714032
1   0.990962  -0.132251  0.0224663 -0.0766119  -0.695434  -0.714494   0.110116   0.706315   -0.69928  -0.114869  -0.746915    1.02987 0.00135939 1 0.0156482 0.723592
1  0.987084 -0.156831  0.032701 -0.088821 -0.705619 -0.703003  0.133327  0.691018 -0.710435 -0.144458 -0.725434   1.04214 0.001367 1 0.128614 0.973574
1  0.986397 -0.161363 0.0313627 -0.092112 -0.700599 -0.707585  0.136151   0.69507 -0.705932 -0.147441 -0.731435   1.03725 0.00136179 1 0.0966191 0.732582
1   0.986623  -0.160197  0.0302108 -0.0912483   -0.69625  -0.711976   0.135091   0.699695  -0.701553   -0.14617  -0.738092     1.0325 0.00137743 1 0.119262 0.718404
1   0.986657  -0.160042  0.0299081 -0.0924228  -0.701789  -0.706364   0.134037   0.694174  -0.707217  -0.144682  -0.730107    1.03865 0.00136061 1 0.093328 0.721592
1   0.991191   -0.13113  0.0185556 -0.0786211  -0.695367  -0.714342   0.106575   0.706591  -0.699551  -0.109818  -0.747402    1.03018 0.0013603 1 0.123409 0.745346
1   0.990445  -0.136162   0.021893 -0.0803777  -0.698934  -0.710656   0.112066   0.702105  -0.703199  -0.116718  -0.740786    1.03416 0.001349 1 0.0565678 0.712225
1  0.978404 -0.204134  0.032493 -0.120416 -0.690654  -0.71309  0.168007  0.693777 -0.700319 -0.185309 -0.732431   1.03088 0.00144903 1 0.439208 1.29187
1    0.98651  -0.160765  0.0308507 -0.0933307  -0.707197  -0.700829   0.134487   0.688496  -0.712661  -0.145098  -0.721883    1.04456 0.00136673 1 0.0566503 0.709823
1   0.990685  -0.136018 0.00643524 -0.0885204  -0.679206   -0.72859   0.103472   0.721234   -0.68492  -0.103875   -0.76933    1.01396 0.00151736 1 0.27301 1.46723
1   0.991262  -0.130406  0.0198531 -0.0773143  -0.696326  -0.713549   0.106875   0.705779  -0.700324  -0.110429  -0.745833    1.03106 0.00136848 1 0.101032 0.709465
1   0.985768  -0.165654  0.0286458 -0.0966613  -0.697921  -0.709622   0.137544   0.696753     -0.704  -0.148367  -0.734146    1.03515 0.00137521 1 0.194302 1.77286
1   0.990462  -0.136584  0.0181519 -0.0822623   -0.69187  -0.717321   0.110533   0.708986  -0.696507  -0.114439   -0.75075    1.02689 0.00136401 1 0.0500944 0.70702
1   0.990538  -0.135613  0.0210581 -0.0804526  -0.698113  -0.711453   0.111183   0.703027  -0.702418  -0.115667  -0.742109    1.03333 0.00135107 1 0.170693 0.745421
1   0.991364   -0.12964  0.0197781 -0.0759077   -0.69025  -0.719579   0.106938   0.711863  -0.694129  -0.110826  -0.755145    1.02421 0.00138242 1 0.0155162 0.730682
1   0.986015  -0.163891  0.0302492 -0.0948101  -0.700883  -0.706947   0.137064   0.694192   -0.70662  -0.148119   -0.73041    1.03797 0.00136223 1 0.0808537 0.706566
1   0.990205  -0.137393   0.024836 -0.0792923  -0.699798  -0.709926   0.114919   0.701004  -0.703838  -0.120525  -0.739183    1.03497 0.00137035 1 0.0647227 0.706242
1   0.98509 -0.168548 0.0344772 -0.095727 -0.703528  -0.70419  0.142946  0.690391 -0.709174  -0.15576 -0.725278   1.04071 0.00140749 1 0.0735236 0.700517
1   0.986513  -0.160495  0.0321415 -0.0906814  -0.699372  -0.708982   0.136267   0.696505  -0.704494  -0.147772  -0.733392    1.03577 0.00138491 1 0.0326486 0.696056
1   0.985139  -0.169335  0.0287682 -0.0967295  -0.685361  -0.721751   0.141934   0.708242  -0.691555  -0.154324  -0.751741    1.02144 0.00138101 1 0.076929 0.70534
1   0.990239  -0.137914  0.0201596 -0.0824614  -0.696304  -0.712994   0.112369   0.704372   -0.70088  -0.116749  -0.744134     1.0317 0.00134965 1 0.117607 0.777182
1   0.990503  -0.136082  0.0196419 -0.0808257  -0.691867  -0.717486   0.111227   0.709085  -0.696296  -0.115552   -0.75089    1.02676 0.00136757 1 0.000873737 0.741814
1   0.987187   -0.15625  0.0323687 -0.0877236  -0.700877  -0.707867   0.133291   0.695957  -0.705604   -0.14466  -0.732449    1.03684 0.00137558 1 0.0852965 0.724038
1   0.990614  -0.135152  0.0204509 -0.0800041  -0.694585  -0.714948   0.110831   0.706602  -0.698878  -0.115083   -0.74722    1.02944 0.001357 1 0.135935 0.7018
1  0.982793 -0.180891 0.0373812 -0.102042 -0.700386 -0.706433  0.153968  0.690462 -0.706792 -0.170275 -0.726015     1.038 0.00139809 1 0.10774 0.714385
1   0.991007  -0.132237  0.0204414 -0.0789144  -0.700966  -0.708815   0.108061   0.700828  -0.705098  -0.111763  -0.738809    1.03625 0.00135614 1 0.0189737 0.705668
1   0.990525  -0.135812  0.0203797 -0.0806401  -0.695303  -0.714178   0.111164   0.705768  -0.699667  -0.115517  -0.746141    1.03033 0.0013495 1 0.126904 0.824118
1   0.985805  -0.164159  0.0352198 -0.0920844  -0.704057  -0.704148   0.140389   0.690909   -0.70918  -0.152927  -0.725414    1.04073 0.00140567 1 0.0927089 0.771352
1   0.990798  -0.134043  0.0187786 -0.0799402  -0.691473  -0.717966   0.109223   0.709858  -0.695825  -0.113041  -0.752167    1.02613 0.00135616 1 0.197856 1.12024
1   0.989791  -0.140975  0.0209596 -0.0840916  -0.696377  -0.712733   0.115073   0.703694  -0.701123  -0.120032  -0.743139    1.03196 0.00137351 1 0.142298 0.717268
1   0.987001  -0.158335  0.0275691 -0.0914887  -0.694558  -0.713596   0.132135   0.701798  -0.700015  -0.142498  -0.741358    1.03074 0.00138564 1 0.0586895 0.725679
