1   0.990576  -0.135342  0.0210123 -0.0795057  -0.693133  -0.716411   0.111525   0.707989  -0.697362  -0.116072  -0.749324    1.02778 0.00135997 1 0.02579 0.786683
1  0.987449 -0.154819 0.0312428 -0.087707 -0.702021 -0.706735  0.131349  0.695124 -0.706789 -0.142248 -0.731148   1.03825 0.00137662 1 0.0403852 0.799131
1  0.988743 -0.145868 0.0333084 -0.080333 -0.705349 -0.704294  0.126228   0.69369 -0.709127 -0.136759 -0.728835   1.04072 0.00140363 1 0.0257103 0.758101
1   0.990441  -0.136313   0.021124 -0.0810339  -0.698906  -0.710608   0.111629   0.702103  -0.703271  -0.116033  -0.740733    1.03429 0.00134581 1 0.0830815 1.26859
1   0.990569  -0.135299  0.0215984 -0.0799967  -0.699106  -0.710529   0.111234     0.7021  -0.703336  -0.115713   -0.74069    1.03434 0.0013477 1 0.137662 1.07868
1   0.990169  -0.138678  0.0182908 -0.0850567  -0.700737  -0.708331   0.111047   0.699812  -0.705643  -0.114482  -0.737399    1.03697 0.00137381 1 0.333869 1.90309
1   0.986113  -0.163237  0.0305778 -0.0935009  -0.697855   -0.71011   0.137255   0.697389  -0.703427  -0.148523  -0.735014    1.03447 0.00136647 1 0.116596 0.771787
1   0.985072  -0.169954  0.0273506 -0.0988344   -0.68848  -0.718489   0.140941   0.705061     -0.695   -0.15269  -0.747025    1.02525 0.00138554 1 0.109305 0.784911
1   0.986334  -0.162555  0.0268512 -0.0953322  -0.696004  -0.711682   0.134376   0.699396  -0.701989  -0.144518   -0.73795    1.03289 0.00137114 1 0.0910637 0.744107
1   0.987823  -0.152518  0.0307352 -0.0859125  -0.699419  -0.709529   0.129712   0.698248  -0.704006   -0.14025  -0.735907    1.03513 0.00139123 1 0.055424 1.20396
1   0.986785  -0.159872  0.0263786 -0.0941077  -0.697995  -0.709892   0.131904   0.698028  -0.703816  -0.141458  -0.735726    1.03489 0.00138113 1 0.122645 0.792832
1   0.990597  -0.135347  0.0199796 -0.0804649  -0.694466  -0.715012    0.11065   0.706681  -0.698827  -0.115125  -0.747419    1.02937 0.00137643 1 0.0607345 0.74635
1   0.990674  -0.135187  0.0170407 -0.0823169  -0.693459  -0.715779   0.108581     0.7077  -0.698119  -0.111754  -0.748952     1.0286 0.00136035 1 0.158695 0.752662
1   0.990798  -0.133486  0.0223761 -0.0788525  -0.703655  -0.706153   0.110006   0.697891  -0.707705  -0.114426  -0.734369    1.03914 0.00136676 1 0.00939982 0.7831
1   0.986003  -0.164258  0.0286037 -0.0960658  -0.699908  -0.707743   0.136272   0.695089  -0.705891  -0.146789  -0.731613    1.03726 0.00137469 1 0.0594501 0.76737
1   0.986224  -0.162984  0.0282581 -0.0943481  -0.694562  -0.713219    0.13587   0.700728  -0.700371  -0.146509  -0.739891    1.03111 0.00137361 1 0.110031 0.813957
1   0.986827   -0.15899  0.0299224 -0.0912482  -0.699719  -0.708567   0.133592   0.696502  -0.705009  -0.144338   -0.73351     1.0362 0.00136186 1 0.108559 0.860915
1    0.98845  -0.148661  0.0294368 -0.0837346  -0.697647  -0.711531   0.126313   0.700848  -0.702038  -0.136236  -0.739511    1.03288 0.00140113 1 0.0821612 0.848533
1   0.98086 -0.190968  0.038008 -0.108142 -0.696607 -0.709256  0.161922   0.69157 -0.703926 -0.179596 -0.728544   1.03491 0.00136178 1 0.530735 1.71061
1   0.990786  -0.134005  0.0196465 -0.0798009  -0.694808  -0.714754   0.109432   0.706601    -0.6991  -0.113354  -0.747406     1.0297 0.00135224 1 0.0341581 0.821949
1  0.981254 -0.189774 0.0335612 -0.109008 -0.690158 -0.715401  0.158927  0.698332 -0.697907 -0.175542 -0.738124   1.02831 0.00135531 1 0.135018 0.753365
1   0.986684  -0.159877  0.0298864 -0.0924862  -0.702661  -0.705489   0.133791   0.693331  -0.708091  -0.144176    -0.7289    1.03961 0.00137223 1 0.095058 0.728426
1   0.990678  -0.135682  0.0121248 -0.0845281  -0.682088  -0.726368   0.106825   0.718572  -0.687199  -0.109146  -0.765305    1.01648 0.00142545 1 0.20599 1.84608
1   0.990275  -0.137085  0.0237168 -0.0805219  -0.703791  -0.705828    0.11345   0.697055  -0.707986  -0.118549  -0.733373    1.03947 0.00136361 1 0.117442 0.798272
1   0.990728  -0.134506  0.0191327 -0.0805402  -0.694882  -0.714599   0.109413   0.706432  -0.699273  -0.113194  -0.747188    1.02987 0.00135325 1 0.156857 0.753605
1   0.986706  -0.160189  0.0274039 -0.0935578  -0.697774  -0.710182   0.132885   0.698177  -0.703484   -0.14299  -0.736079    1.03447 0.00137503 1 0.134532 0.77559
1   0.986493  -0.160896  0.0307116 -0.0931202  -0.705121  -0.702946   0.134756   0.690592   -0.71058  -0.145495  -0.724964    1.04242 0.00137129 1 0.0699837 0.769974
1   0.985472  -0.167402  0.0286564 -0.0974511  -0.695539  -0.711848   0.139096   0.698714  -0.701748  -0.150192  -0.737419     1.0326 0.00138574 1 0.112848 0.734818
1    0.99038   -0.13707  0.0189277 -0.0825749  -0.695231  -0.714027   0.111031   0.705596  -0.699862   -0.11498  -0.745922    1.03056 0.00135131 1 0.0133231 0.76165
1   0.990564  -0.135996   0.016988 -0.0817163  -0.685566   -0.72341   0.110028   0.715196   -0.69021  -0.113612  -0.760115    1.01989 0.0013857 1 0.119012 0.802098
1   0.986635  -0.159627  0.0327299 -0.0896639   -0.69956  -0.708926    0.13606   0.696516  -0.704523  -0.147783   -0.73371    1.03564 0.00137572 1 0.0858817 0.79393
1  0.986242 -0.162276 0.0315146 -0.092914 -0.701845 -0.706244  0.136725    0.6936 -0.707266 -0.148046 -0.729496    1.0387 0.00136102 1 0.0913857 0.747541
1  0.981378 -0.189198 0.0331911 -0.110437 -0.697115 -0.708403  0.157167  0.691545 -0.705028 -0.172924 -0.727865   1.03618 0.00140554 1 0.0356967 0.732778
1   0.986381   -0.16158  0.0307397 -0.0932207  -0.703173  -0.704882    0.13551   0.692416  -0.708659  -0.146507  -0.727609    1.04024 0.00136473 1 0.169758 0.784589
1   0.986951  -0.157979   0.031136 -0.0917948  -0.710901  -0.697276    0.13229   0.685319  -0.716126  -0.142583  -0.717004    1.04837 0.00139259 1 0.0745556 0.777035
1   0.990537  -0.135731  0.0203416 -0.0803021   -0.69335  -0.716113   0.111303   0.707703  -0.697688  -0.115663  -0.748804    1.02817 0.00136085 1 0.0921888 0.74186
1   0.985956  -0.164785  0.0271572 -0.0982161  -0.703633  -0.703743   0.135075   0.691192  -0.709935  -0.145039  -0.725958    1.04155 0.00139914 1 0.037017 0.761832
1   0.990262  -0.137722  0.0203271 -0.0837402  -0.705923  -0.703321   0.111212    0.69477  -0.710582  -0.115041  -0.730066    1.04231 0.00137283 1 0.0444731 0.79334
1  0.981388 -0.189523 0.0309663 -0.111849 -0.695197 -0.710064  0.156101  0.693385 -0.703456 -0.171191 -0.730941   1.03439 0.00139963 1 0.0500901 0.74377
1   0.989676  -0.141926  0.0199349 -0.0857242  -0.697675  -0.711267   0.114856   0.702216  -0.702639  -0.119532  -0.741161    1.03356 0.00139027 1 0.116354 0.731285
1   0.989858  -0.140569  0.0205346 -0.0839125  -0.695185  -0.713916    0.11463   0.704952   -0.69993  -0.119417  -0.744876    1.03057 0.00137995 1 0.060088 0.764805
1   0.991377  -0.129648  0.0190522 -0.0772703  -0.695796  -0.714071   0.105834   0.706441  -0.699814  -0.109226  -0.747125    1.03041 0.00136577 1 0.142029 0.733906
1  0.981412 -0.187933 0.0388854 -0.105127 -0.695962 -0.710342   0.16056   0.69305 -0.702782 -0.178362 -0.730297   1.03366 0.00134888 1 0.212709 0.999738
1   0.986989  -0.157292  0.0333395 -0.0876512  -0.700186   -0.70856   0.134795   0.696419  -0.704863   -0.14652  -0.733283    1.03605 0.00137327 1 0.121009 0.747404
1   0.986701  -0.159198  0.0328221 -0.0907231  -0.706918  -0.701453   0.134872   0.689146   -0.71196  -0.146099  -0.722756    1.04377 0.0013648 1 0.161324 0.765017
1  0.980947 -0.191549 0.0324187 -0.110791 -0.688649 -0.716581  0.159586  0.699336  -0.69675 -0.176104 -0.739686   1.02707 0.0013617 1 0.128318 0.976596
1   0.985383  -0.167709  0.0298821 -0.0955898  -0.689555  -0.717897   0.141003   0.704547  -0.695508  -0.153261  -0.746141    1.02583 0.00138708 1 0.00257995 0.736578
1   0.987341  -0.155677   0.030383 -0.0892707  -0.703735  -0.704832   0.131108   0.693197  -0.708723  -0.141249  -0.728355    1.04034 0.0013907 1 0.166046 0.755946
1   0.986761  -0.158954  0.0321909 -0.0906355  -0.705081  -0.703311   0.134492   0.691082  -0.710153   -0.14562  -0.725588    1.04182 0.00136094 1 0.0657497 0.775242
1   0.991553  -0.127479  0.0239242 -0.0727603  -0.699384  -0.711033   0.107374   0.703286  -0.702751  -0.112087  -0.742141    1.03372 0.00138327 1 0.0720321 0.771997
1   0.990584  -0.135415    0.02014 -0.0804164  -0.694584  -0.714903   0.110798   0.706552  -0.698933  -0.115094  -0.747282    1.02956 0.0013515 1 0.131354 0.924474
1   0.986474  -0.161521  0.0279466 -0.0939725  -0.696939  -0.710947    0.13431   0.698704   -0.70269  -0.144618  -0.736874    1.03378 0.00137609 1 0.196529 0.789296
1   0.986955  -0.157306  0.0342811 -0.0875803  -0.703243  -0.705534   0.135093   0.693328  -0.707846  -0.146793  -0.729148    1.03921 0.00141857 1 0.139837 0.792162
1  0.981243 -0.189479 0.0355018 -0.107439 -0.690425 -0.715381  0.160061  0.698148 -0.697832 -0.177217 -0.737796   1.02833 0.00135325 1 0.0571512 0.733339
1   0.985655  -0.166766   0.025949 -0.0962894  -0.681929  -0.725052   0.138609   0.712153  -0.688205  -0.150035  -0.757635    1.01765 0.00138193 1 0.091883 0.753668
1  0.982758  -0.18067 0.0393005 -0.101033 -0.702754 -0.704222  0.154851   0.68811 -0.708891 -0.171652 -0.722376   1.04047 0.0013995 1 0.0584545 0.770202
1   0.986918  -0.158064  0.0317653 -0.0897774  -0.702445  -0.706054   0.133915   0.693965  -0.707446  -0.144974    -0.7297    1.03884 0.00136344 1 0.0509554 0.755864
1  0.984029 -0.176516 0.0229797 -0.105732 -0.683457 -0.722293  0.143202  0.708328 -0.691205 -0.154082  -0.75245   1.02088 0.00140637 1 0.0982865 0.761351
1  0.981656 -0.186719 0.0385733 -0.105316 -0.699676 -0.706656  0.158935   0.68963 -0.706505 -0.176329 -0.724931   1.03775 0.00137577 1 0.147351 0.797823
1   0.990123  -0.138053  0.0244705 -0.0793489  -0.695651  -0.713984   0.115591    0.70499  -0.699734  -0.121258  -0.744996    1.03037 0.00138261 1 0.147507 0.845043
1    0.99035   -0.13717    0.01977 -0.0814495  -0.691503  -0.717767   0.112127   0.709231  -0.696002  -0.116562   -0.75122    1.02631 0.00135865 1 0.107463 0.899695
1   0.985707  -0.166051  0.0284364 -0.0979044  -0.701983  -0.705432     0.1371   0.692565  -0.708207  -0.147544  -0.728268    1.03986 0.00140154 1 0.0705727 0.779304
1   0.990506  -0.135279   0.024434 -0.0778294  -0.698371  -0.711491   0.113314   0.702835   -0.70227  -0.118779  -0.741851    1.03314 0.00136399 1 0.145481 0.772687
1   0.986602  -0.160536  0.0290599 -0.0929982  -0.699753  -0.708306   0.134043   0.696113  -0.705307  -0.144585  -0.733085    1.03651 0.00136337 1 0.0789752 0.74134
1   0.987513  -0.154356  0.0315034 -0.0880077  -0.706384  -0.702336   0.130663   0.690794  -0.711148  -0.141154  -0.724847    1.04292 0.00137962 1 0.0975002 0.76997
1   0.986942  -0.157948  0.0316048 -0.0898678  -0.702756  -0.705732   0.133679   0.693676  -0.707774  -0.144705  -0.729343    1.03924 0.00136048 1 0.0697056 0.786607
1   0.986554  -0.160557  0.0305249 -0.0919372  -0.699627  -0.708569   0.135122   0.696236  -0.704981  -0.146161  -0.733292    1.03615 0.00136218 1 0.160077 0.995344
1   0.986963  -0.158312  0.0290143 -0.0921571  -0.703659  -0.704536   0.131952   0.692677  -0.709075  -0.142087  -0.727826    1.04067 0.00136632 1 0.147154 0.956364
1   0.98148 -0.188167 0.0359081 -0.107155 -0.694663  -0.71131  0.158789  0.694289 -0.701961 -0.175688 -0.732158   1.03268 0.00135507 1 0.133566 0.793499
1  0.984549  -0.17303 0.0269072 -0.100472  -0.68404 -0.722492  0.143419  0.708626 -0.690855 -0.155494 -0.752354   1.02068 0.0013895 1 0.0567879 0.766717
1   0.987298   -0.15597  0.0302705 -0.0885717  -0.698484  -0.710123   0.131901   0.698422  -0.703427  -0.142686  -0.735814    1.03447 0.00141011 1 0.0537436 0.735576
1   0.989873  -0.140422  0.0207907 -0.0832119  -0.692659  -0.716449   0.115006   0.707463   -0.69733  -0.119932  -0.748612    1.02774 0.00137641 1 0.0252046 0.791951
1    0.99085  -0.132906  0.0234868 -0.0763134  -0.695239  -0.714716   0.111319   0.706384   -0.69902  -0.116602  -0.746808    1.02964 0.00137416 1 0.0633297 0.789519
1   0.990341  -0.136882  0.0220974 -0.0808225  -0.699395  -0.710151   0.112661   0.701506  -0.703702  -0.117402  -0.739801    1.03474 0.00135335 1 0.102393 0.750288
1   0.991008  -0.131986  0.0219752 -0.0763811  -0.692881  -0.716995   0.109859   0.708869  -0.696732  -0.114463  -0.750661    1.02712 0.00136407 1 0.201412 0.830228
1   0.986433  -0.161376  0.0301231 -0.0931434  -0.701281  -0.706774   0.135181    0.69438  -0.706798  -0.145986  -0.730527    1.03814 0.00136147 1 0.0796682 0.748852
1   0.986851  -0.158877  0.0297011 -0.0913702  -0.699952  -0.708321   0.133326   0.696293  -0.705266  -0.143936  -0.733089    1.03646 0.00136722 1 0.083371 0.808486
1   0.990373   -0.13686  0.0207342 -0.0817945  -0.699457  -0.709978   0.111671   0.701448  -0.703918  -0.116063  -0.739862    1.03495 0.00135474 1 0.0859543 0.744887
1   0.987099  -0.157138  0.0307065 -0.0893951  -0.700007  -0.708518    0.13283   0.696633  -0.705024  -0.143717  -0.733584    1.03623 0.00136396 1 0.113857 0.797554
1     0.9909  -0.132284  0.0248547 -0.0754784  -0.698999  -0.711128   0.111444   0.702781  -0.702623  -0.116849   -0.74169    1.03346 0.00137213 1 0.0463682 0.780341
1   0.991465  -0.128639   0.021194 -0.0755003  -0.699058  -0.711068   0.106287   0.703399  -0.702803  -0.109957  -0.742545    1.03371 0.00136819 1 0.139818 0.755542
1    0.99044  -0.136196  0.0218845 -0.0808976  -0.701996  -0.707571   0.111731   0.699036  -0.706303  -0.116214  -0.736246    1.03764 0.00135339 1 0.0434513 0.742135
1   0.990437  -0.136447  0.0204297 -0.0816238  -0.698878  -0.710569   0.111233   0.702106  -0.703331  -0.115449  -0.740757    1.03435 0.00134594 1 0.156321 1.09927
1   0.985131  -0.169469  0.0282339 -0.0989325  -0.693924  -0.713219    0.14046   0.699821  -0.700372  -0.151622  -0.739293     1.0311 0.00139695 1 0.0880507 0.757591
1  0.986364 -0.161637 0.0309917 -0.091374 -0.694443 -0.713723  0.136886  0.701158 -0.699742 -0.148511 -0.740497   1.03047 0.00137752 1 0.034117 0.757536
1  0.980979 -0.191017 0.0345412 -0.109229 -0.690291 -0.715239  0.160466  0.697862 -0.698025 -0.177472 -0.737629   1.02847 0.00134824 1 0.159498 1.11559
1  0.980573 -0.192691 0.0367006 -0.110372 -0.696673 -0.708848  0.162157  0.691026 -0.704406  -0.17911 -0.727653   1.03545 0.0013872 1 0.116416 0.756988
1    0.98677  -0.159386  0.0296751 -0.0925341  -0.703987  -0.704159   0.133124   0.692097  -0.709422  -0.143544  -0.726981    1.04114 0.00137078 1 0.0825971 0.751797
1  0.986443 -0.161416 0.0295723 -0.092801  -0.69733 -0.710717  0.135343  0.698337 -0.702856 -0.146295 -0.736315    1.0339 0.00136388 1 0.165764 1.08209
1   0.986784   -0.15909  0.0307734 -0.0915579  -0.704113  -0.704161   0.133693   0.692037  -0.709374  -0.144395  -0.726864    1.04102 0.00136401 1 0.10823 0.793283
1   0.990406  -0.136644   0.020608 -0.0815607  -0.698395   -0.71105   0.111553   0.702547   -0.70284  -0.115775  -0.741423    1.03381 0.0013478 1 0.0860176 0.787105
1   0.987437  -0.154955  0.0309401 -0.0884284  -0.704171  -0.704502   0.130953   0.692915  -0.709027  -0.141456  -0.728033    1.04061 0.00137306 1 0.105863 1.00179
1   0.986473  -0.161535  0.0278967 -0.0944208  -0.699027  -0.708834   0.134002   0.696611  -0.704823  -0.144088  -0.733778      1.036 0.00137089 1 0.0868154 0.736571
1   0.990836  -0.133211  0.0223393 -0.0774087   -0.69556  -0.714285   0.110689   0.706011  -0.699498  -0.115376  -0.746451    1.03011 0.00136036 1 0.221244 1.01976
1   0.986782  -0.159179  0.0303893 -0.0908632  -0.698748  -0.709574   0.134183   0.697434  -0.703975  -0.145099   -0.73478    1.03516 0.00136819 1 0.0327539 0.747788
1   0.990212  -0.138269  0.0190085 -0.0834513  -0.695719   -0.71345   0.111872   0.704881  -0.700448  -0.115973  -0.744971     1.0312 0.00135711 1 0.105538 0.733992
1   0.986656  -0.160085  0.0297101 -0.0921529  -0.699492  -0.708674    0.13423    0.69648   -0.70491  -0.144979  -0.733515    1.03617 0.00136236 1 0.0659622 0.750307
1    0.98632  -0.161692  0.0320617 -0.0929352  -0.706101  -0.701986   0.136144   0.689404  -0.711469   -0.14734  -0.723267    1.04326 0.00136599 1 0.088027 0.77279
1   0.985488  -0.167284  0.0287945 -0.0978057  -0.698249  -0.709142   0.138734   0.696035  -0.704478  -0.149768  -0.733202    1.03572 0.00138283 1 0.0757068 0.785962
1   0.986456  -0.161717  0.0274115 -0.0946993  -0.697974  -0.709834   0.133925   0.697625  -0.703835  -0.144091  -0.735394     1.0349 0.00137126 1 0.0356649 0.777184
1    0.99042   -0.13658  0.0203685 -0.0816816  -0.698361  -0.711069   0.111343   0.702593  -0.702827  -0.115513  -0.741449    1.03378 0.00134721 1 0.0514042 0.763517
1   0.986745  -0.159371  0.0305667 -0.0916373  -0.702697  -0.705563   0.133925    0.69341  -0.707987  -0.144686  -0.728971    1.03948 0.00135905 1 0.11599 0.762877
1   0.986509  -0.160789  0.0307566 -0.0914662  -0.697192  -0.711025   0.135768    0.69862  -0.702494  -0.147221  -0.737059    1.03346 0.00139018 1 0.0900542 0.738661
1  0.986518 -0.160537 0.0317741 -0.092186 -0.705562 -0.702626  0.135216  0.690224 -0.710849 -0.146299 -0.724495    1.0426 0.00136679 1 0.0406428 0.787499
1  0.982015 -0.183878 0.0428412 -0.102331 -0.709057 -0.697687  0.158666  0.680755 -0.715121 -0.176479 -0.711749   1.04719 0.00139405 1 0.135931 1.09013
1   0.991067  -0.131552  0.0219289 -0.0763967  -0.694758  -0.715175   0.109318    0.70711  -0.698602   -0.11398  -0.748045    1.02913 0.00135947 1 0.0607253 0.764297
1  0.984424 -0.174059 0.0247414 -0.102568 -0.682902 -0.723274  0.142788  0.709471 -0.690118 -0.154322 -0.753808   1.01982 0.00138321 1 0.0934899 0.759001
1   0.986531  -0.160757  0.0302451 -0.0932772  -0.704744  -0.703303   0.134376   0.691009  -0.710246  -0.144969  -0.725562    1.04191 0.00136348 1 0.142412 1.00946
1   0.986352  -0.162032  0.0292533 -0.0940527  -0.700293  -0.707632   0.135145   0.695223  -0.705975  -0.145763  -0.731888    1.03727 0.00136341 1 0.106654 0.774073
1   0.986877  -0.158199  0.0323688 -0.0891029  -0.700683  -0.707887   0.134667   0.695713  -0.705583  -0.146387  -0.732461     1.0368 0.00138424 1 0.0834056 0.779687
1   0.990397  -0.136485  0.0220514 -0.0809148  -0.701544  -0.708018   0.112104   0.699434   -0.70585  -0.116646  -0.736854    1.03707 0.0013496 1 0.062977 0.797863
1   0.990374  -0.136858  0.0207266 -0.0815089   -0.69764  -0.711797   0.111875   0.703255   -0.70208  -0.116266  -0.742449    1.03297 0.00134639 1 0.144085 1.07051
1   0.990613  -0.134891  0.0221377 -0.0798589  -0.702525  -0.707164   0.110942   0.698758  -0.706703  -0.115016  -0.735596    1.03804 0.00140391 1 0.0841719 0.751256
1   0.986898  -0.158347  0.0309699 -0.0908284  -0.703875  -0.704493   0.133353    0.69245  -0.709035  -0.144117  -0.727537    1.04061 0.00135865 1 0.197209 1.0734
1  0.984707 -0.172596 0.0237226 -0.100526 -0.674108  -0.73176   0.14229  0.718185 -0.681149 -0.153889 -0.766618   1.00991 0.00140542 1 0.135523 0.770799
1   0.986743  -0.159057  0.0322221 -0.0905706  -0.704477  -0.703924   0.134664   0.691674  -0.709544   -0.14583   -0.72653    1.04119 0.00136265 1 0.16149 0.945616
1   0.984936  -0.170907  0.0262993 -0.0991831  -0.682954  -0.723696   0.141646   0.710186  -0.689617  -0.153375  -0.754713    1.01923 0.00137677 1 0.11377 0.769495
1   0.986515  -0.161036  0.0292585 -0.0932571  -0.699949  -0.708078   0.134505   0.695801  -0.705527  -0.145065  -0.732672    1.03671 0.00136548 1 0.0880466 0.771608
1    0.99035  -0.137086  0.0203579 -0.0819261  -0.697569  -0.711819   0.111781   0.703282  -0.702068  -0.116062   -0.74248    1.03296 0.00134679 1 0.182497 0.780543
1   0.986568  -0.161057  0.0272674 -0.0938495  -0.695492  -0.712379   0.133698   0.700251  -0.701265  -0.143893  -0.739176    1.03206 0.00137786 1 0.0730184 0.758175
