1   0.985639  -0.167414  0.0221068 -0.0995075  -0.681574  -0.724951   0.136434   0.712341  -0.688445  -0.145988  -0.757965    1.01781 0.00144763 1 0.163752 0.977498
1   0.987264  -0.155762  0.0323737 -0.0875795  -0.701998  -0.706773   0.132815   0.694936  -0.706699   -0.14406  -0.731026    1.03815 0.00137043 1 0.0996159 0.801861
1   0.986825  -0.158485  0.0325348 -0.0914508  -0.712287  -0.695905   0.133465   0.683762  -0.717396  -0.144101  -0.715002    1.04972 0.00139423 1 0.0850979 0.783492
1  0.984768 -0.171614  0.027955 -0.098701 -0.684096 -0.722683  0.143146  0.708916 -0.690614 -0.155428 -0.752945   1.02044 0.00137876 1 0.0639751 0.789962
1   0.985628   -0.16682   0.026607 -0.0977889  -0.691868  -0.715371   0.137747   0.702488  -0.698238  -0.148211  -0.742743    1.02879 0.00139603 1 0.123055 0.785142
1  0.983102 -0.180967 0.0275786 -0.106438 -0.687673 -0.718176  0.148931  0.703105 -0.695315 -0.161336 -0.744602   1.02556 0.00142776 1 0.108359 0.883924
1    0.98641  -0.161333  0.0310904 -0.0917894  -0.698062   -0.71013    0.13627   0.697625  -0.703384  -0.147666  -0.735227    1.03442 0.00136667 1 0.0565912 0.83557
1  0.980725 -0.191676 0.0379384 -0.108281 -0.694763 -0.711041  0.162648  0.693227 -0.702126 -0.180477 -0.730854   1.03298 0.00135166 1 0.0355291 0.864986
1   0.987085   -0.15832  0.0244657 -0.0917668  -0.683981  -0.723705   0.131311   0.712113  -0.689676  -0.141034  -0.756865    1.01928 0.00140127 1 0.0786165 0.940278
1  0.984296 -0.174034 0.0295615 -0.100461 -0.689949 -0.716853  0.145153  0.702625 -0.696597 -0.157774 -0.743562   1.02693 0.00140004 1 0.0365419 0.871876
1    0.98672  -0.159846  0.0288661 -0.0917796  -0.695283  -0.712852   0.134016   0.700736   -0.70072  -0.144748  -0.739655    1.03157 0.00137405 1 0.115351 0.885933
1   0.986711  -0.159896  0.0288888 -0.0933164  -0.703198  -0.704844   0.133016   0.692782  -0.708774  -0.143154  -0.728173    1.04027 0.00137046 1 0.129524 0.915566
1   0.990355  -0.137725  0.0151584 -0.0839789  -0.683667  -0.724946   0.110206   0.716681  -0.688639  -0.113587  -0.762143     1.0183 0.00141004 1 0.1505 0.902229
1   0.990446  -0.136277  0.0211077 -0.0809902  -0.698719  -0.710797   0.111614   0.702296  -0.703081  -0.116011  -0.741018    1.03406 0.00134589 1 0.175418 1.13378
1   0.990537  -0.135523  0.0216627 -0.0799767  -0.698259  -0.711363   0.111532   0.702899  -0.702491  -0.116058  -0.741931     1.0334 0.00134969 1 0.169524 1.08745
1   0.985986  -0.163802  0.0316392 -0.0934609  -0.699439  -0.708555   0.138192   0.695668  -0.704946  -0.149992  -0.732587    1.03613 0.00137358 1 0.103583 0.781189
1   0.991065  -0.131976   0.019318 -0.0785739  -0.694702  -0.714994   0.107782   0.707087  -0.698864  -0.111387  -0.748025    1.02938 0.00135395 1 0.0584474 0.793522
1   0.986251  -0.162365  0.0307787 -0.0951868  -0.710385  -0.697346   0.135089   0.684829  -0.716073  -0.145416  -0.716252    1.04824 0.00142724 1 0.145097 0.926496
1   0.990892  -0.133416  0.0182674 -0.0805515  -0.695964  -0.713544   0.107911   0.705574  -0.700372  -0.111355  -0.745613    1.03119 0.00136916 1 0.138285 0.785643
1   0.986322  -0.162381  0.0282941 -0.0948026  -0.699297  -0.708517   0.134836   0.696143  -0.705127   -0.14521  -0.733165    1.03632 0.00136577 1 0.0636222 0.842012
1    0.99117  -0.130456  0.0237238 -0.0744773  -0.695774  -0.714389   0.109702   0.706314  -0.699347  -0.114832  -0.746855    1.02991 0.00137049 1 0.172918 0.813729
1   0.986957  -0.158268  0.0294557 -0.0912811  -0.700884  -0.707411   0.132606   0.695495  -0.706189  -0.142988   -0.73187    1.03749 0.00136916 1 0.0716772 0.788622
1   0.990595  -0.134714  0.0239394 -0.0775271  -0.696799  -0.713065   0.112741   0.704503  -0.700689  -0.118276  -0.744599    1.03134 0.00141117 1 0.0568661 0.790852
1    0.99077  -0.133848  0.0214553 -0.0789763  -0.698591  -0.711149   0.110175   0.702891  -0.702713  -0.114446   -0.74172    1.03369 0.00135619 1 0.189583 0.902201
1   0.990752  -0.134302  0.0193228 -0.0793799  -0.689209  -0.720201   0.110042   0.712007  -0.693496  -0.114248   -0.75547    1.02351 0.00137508 1 0.0449421 0.798565
1   0.986235  -0.162827  0.0287563 -0.0937499  -0.693921  -0.713922   0.136201   0.701399  -0.699635  -0.147199  -0.740952    1.03031 0.00137486 1 0.0876158 111.144
1  0.990717 -0.134103  0.022272 -0.078784 -0.699928 -0.709855  0.110782   0.70151 -0.703996 -0.115358 -0.739857   1.03514 0.00135802 1 0.154529 1.24479
1  0.981488 -0.188758 0.0324219 -0.109763 -0.693108 -0.712428  0.156948  0.695681 -0.700996 -0.172926 -0.734602   1.03164 0.00140474 1 0.11349 0.768072
1   0.990613  -0.134768  0.0228953 -0.0782952  -0.696658  -0.713119   0.112056   0.704632  -0.700669  -0.117101  -0.744409    1.03143 0.00135707 1 0.171532 1.03864
1   0.990388  -0.136218  0.0240138 -0.0781987   -0.69462  -0.715114   0.114092   0.706363  -0.698595  -0.119747   -0.74684    1.02913 0.00138272 1 0.105548 0.811637
1    0.98638  -0.161786  0.0296782 -0.0932197  -0.698499  -0.709514   0.135519   0.697083  -0.704066  -0.146412  -0.734482    1.03519 0.00136227 1 0.0973239 0.810673
1   0.991076  -0.131396  0.0224206 -0.0763132  -0.697228  -0.712776   0.109288   0.704705  -0.701033  -0.113721  -0.744567    1.03183 0.00136232 1 0.0856884 0.795995
1   0.989907  -0.139231  0.0264409 -0.0816259  -0.712661  -0.696744   0.115852   0.687553  -0.716833   -0.12123  -0.719448    1.04925 0.00145813 1 0.0900218 0.82187
1  0.984952 -0.170982 0.0251727 -0.100506 -0.685177 -0.721409  0.140596  0.708023 -0.692052 -0.151695 -0.751469   1.02196 0.00138532 1 0.0943055 0.824229
1  0.980494 -0.193996 0.0315657 -0.112836 -0.687085 -0.717762  0.160931    0.7002 -0.695573 -0.177477 -0.741191   1.02577 0.00137077 1 0.0704181 0.805838
1   0.991099  -0.131761  0.0190251 -0.0780911  -0.691141  -0.718489   0.107818   0.710608  -0.695278  -0.111556  -0.753132    1.02548 0.00135939 1 0.0806713 0.822762
1   0.985988  -0.164108  0.0299331 -0.0940264  -0.694954   -0.71288   0.137792   0.700077  -0.700647  -0.149152  -0.739029    1.03144 0.00137161 1 0.0938287 0.842817
1   0.990928  -0.133113  0.0185065 -0.0794849  -0.691524  -0.717967   0.108368   0.709982  -0.695831   -0.11199  -0.752295    1.02612 0.00135455 1 0.182784 1.03122
1   0.990383  -0.137054  0.0189243 -0.0822351  -0.693128  -0.716109   0.111263   0.707665  -0.697732  -0.115403  -0.748879    1.02823 0.00135618 1 0.212503 1.14655
1   0.990466  -0.135893   0.022569 -0.0801616   -0.70182   -0.70783   0.112028   0.699273  -0.706022  -0.116718  -0.736672    1.03733 0.00135633 1 0.125473 0.80013
1   0.989842  -0.140407  0.0223121 -0.0825736  -0.695543  -0.713723   0.115731   0.704631  -0.700072  -0.120986   -0.74448    1.03079 0.00136899 1 0.118095 0.783782
1    0.98654  -0.160546  0.0310457 -0.0928619  -0.706332  -0.701764   0.134594   0.689435  -0.711733  -0.145291  -0.723235    1.04352 0.00136632 1 0.0524445 0.808577
1   0.985868  -0.164618  0.0310724 -0.0945664  -0.699958  -0.707895   0.138282   0.694953  -0.705633  -0.149776  -0.731683    1.03686 0.00136815 1 0.0565127 0.814103
0   0.991422  -0.130266  0.0106562 -0.0807218  -0.674395  -0.733945   0.102794   0.726789  -0.679125  -0.104377  -0.777425    1.00749 0.00149236 0.997947 0.368002 1.78059
1  0.990816 -0.133758 0.0197887  -0.07998 -0.697767 -0.711846  0.109023  0.703726 -0.702057   -0.1127 -0.743292   1.03282 0.00136451 1 0.104845 0.832861
1   0.990441   -0.13685  0.0172829 -0.0835367  -0.694805   -0.71433   0.109764   0.706058  -0.699595   -0.11304  -0.746604    1.03021 0.00136029 1 0.458115 1.92513
1   0.986877  -0.158602  0.0303233 -0.0910673  -0.701745  -0.706583   0.133345   0.694549   -0.70698  -0.144051  -0.730598     1.0384 0.00135898 1 0.14203 1.0614
1   0.990623  -0.136209  0.0106041 -0.0862366  -0.683604   -0.72474   0.105965    0.71703  -0.688941  -0.107516  -0.763149    1.01844 0.00144249 1 0.29191 1.71073
1   0.986712  -0.159476  0.0310954 -0.0909024  -0.700458  -0.707881   0.134671   0.695648  -0.705647  -0.145774  -0.732291     1.0369 0.00136023 1 0.0643849 0.842764
1   0.991248  -0.130459   0.020203 -0.0767548  -0.694046  -0.715828   0.107408   0.708012  -0.697984  -0.111336  -0.749428     1.0284 0.00136346 1 0.0781863 0.79748
1   0.990721    -0.1344  0.0201932 -0.0792159  -0.691775  -0.717755   0.110435   0.709496  -0.696003  -0.114831  -0.751631    1.02629 0.00135882 1 0.0544385 2.05387
1   0.985811  -0.165066  0.0304791 -0.0948618  -0.697658  -0.710123   0.138481   0.697156  -0.703417  -0.150174  -0.734956    1.03452 0.0013789 1 0.1113 0.792575
1   0.986473  -0.160524  0.0332242 -0.0917461  -0.708611   -0.69961   0.135847   0.687098  -0.713752  -0.147156  -0.719706    1.04581 0.00138034 1 0.0610069 0.816852
1   0.990226  -0.137832  0.0213312 -0.0818876  -0.698349  -0.711057   0.112903   0.702361   -0.70281  -0.117473  -0.741212     1.0338 0.00134985 1 0.231403 0.909339
1  0.991034 -0.131998 0.0207038 -0.076693 -0.688868 -0.720818  0.109409  0.712768 -0.692815 -0.113963  -0.75634   1.02276 0.00137515 1 0.0499451 0.796654
1  0.990952 -0.133205 0.0164471 -0.080714 -0.689344 -0.719924  0.107235  0.712083 -0.693858 -0.110282 -0.755502   1.02389 0.0013658 1 0.538614 1.75318
1  0.981298 -0.188713 0.0379542 -0.106976 -0.698563 -0.707507  0.160029  0.690215 -0.705687 -0.177235 -0.726095   1.03684 0.00136079 1 0.140754 0.859704
1   0.986698  -0.159812  0.0297886 -0.0922636  -0.701388  -0.706783   0.133846   0.694633  -0.706803  -0.144479  -0.730809    1.03824 0.0013612 1 0.118056 0.788167
1   0.985977  -0.164234  0.0295937 -0.0941674  -0.693961  -0.713828   0.137771   0.701031  -0.699696  -0.149294  -0.740434    1.03042 0.0013818 1 0.0828834 0.81007
1   0.986094  -0.163644   0.028958 -0.0944585  -0.695275   -0.71251   0.136732   0.699866  -0.701065  -0.147836  -0.738831     1.0318 0.00138271 1 0.117088 0.824102
1   0.984724  -0.172144  0.0261739 -0.0999439  -0.681885  -0.724599   0.142583   0.710915  -0.688673  -0.154359  -0.755813    1.01827 0.00138075 1 0.0682351 0.848467
1   0.98675 -0.159758 0.0283295 -0.091886  -0.69414 -0.713951  0.133724  0.701888 -0.699622 -0.144271 -0.741539   1.03029 0.00138244 1 0.22433 0.872533
1   0.98174 -0.185896 0.0403606 -0.104102 -0.702606 -0.703923  0.159214  0.686867 -0.709129 -0.176713 -0.720932    1.0407 0.00137952 1 0.0870592 0.7926
1   0.986308   -0.16201  0.0308103 -0.0933372  -0.702421  -0.705616   0.135959   0.693079  -0.707925  -0.146894   -0.72894    1.03929 0.00138572 1 0.0552098 0.810455
1   0.987428  -0.155243  0.0297723 -0.0880008  -0.696337    -0.7123   0.131311   0.700725  -0.701243  -0.142024  -0.739557    1.03212 0.00137852 1 0.115989 0.815197
1   0.990916  -0.132803  0.0211987 -0.0776416  -0.693636  -0.716129   0.109808   0.707977  -0.697646  -0.114324  -0.749304    1.02807 0.00135824 1 0.0210175 0.798354
1  0.982068  -0.18571 0.0324834 -0.108154 -0.696085 -0.709766  0.154422  0.693525 -0.703688 -0.170095 -0.730991    1.0347 0.00139968 1 0.07479 0.796058
1   0.987019  -0.157559  0.0311209 -0.0901454  -0.703878  -0.704577   0.132918   0.692626  -0.708945  -0.143705  -0.727776    1.04052 0.00136045 1 0.0632818 0.832372
1   0.989571  -0.142989  0.0174231 -0.0873812  -0.692043  -0.716548   0.114516   0.707553   -0.69732  -0.118421  -0.748876    1.02779 0.00139409 1 0.0959557 0.81897
1   0.990753  -0.134089  0.0207101 -0.0788619  -0.693327  -0.716295   0.110406   0.708038   -0.69749  -0.114907  -0.749421    1.02792 0.00135763 1 0.228916 0.807978
1   0.990122  -0.138293  0.0231112 -0.0813517   -0.70087  -0.708635   0.114197   0.699755  -0.705196  -0.119301  -0.737331    1.03632 0.00135978 1 0.0837998 0.821423
1   0.990571  -0.135037   0.023093 -0.0786584  -0.698618  -0.711158   0.112166   0.702636  -0.702653  -0.117084  -0.741587    1.03359 0.00135888 1 0.100033 0.816335
1   0.986643  -0.161295  0.0228008 -0.0943227  -0.679787  -0.727319   0.132813   0.715453  -0.685921  -0.142441  -0.762141    1.01517 0.00141353 1 0.332005 1.61009
1   0.989925   -0.14029  0.0191801 -0.0846608  -0.695007  -0.714002   0.113498   0.705184  -0.699881  -0.117749  -0.745642    1.03048 0.00138179 1 0.0503366 0.813879
1   0.985675  -0.166312  0.0280227 -0.0973949  -0.696939  -0.710486   0.137692   0.697579  -0.703153  -0.148318  -0.735525    1.03418 0.00137709 1 0.121762 0.803565
1  0.982867 -0.179574 0.0415392 -0.100501 -0.711057 -0.695915  0.154505  0.679817 -0.716922 -0.171452 -0.710257   1.04921 0.00142403 1 0.01705 0.802196
1   0.987767   -0.15275  0.0313745 -0.0859394  -0.701122  -0.707844    0.13012   0.696488  -0.705672  -0.140946   -0.73324      1.037 0.00137934 1 0.0669449 0.827582
1   0.986387  -0.161706  0.0298508 -0.0935144  -0.700948  -0.707055   0.135259   0.694638  -0.706528  -0.146047  -0.730966    1.03786 0.00136067 1 0.0663671 0.790796
1    0.98652  -0.160768  0.0305251 -0.0914955  -0.696564  -0.711637   0.135671   0.699252  -0.701883  -0.146995  -0.737601     1.0328 0.00136906 1 0.044102 0.866346
1   0.986195  -0.163029  0.0289998 -0.0954643  -0.702869  -0.704884     0.1353   0.692385  -0.708729  -0.145687  -0.727701    1.04023 0.00136928 1 0.11504 0.826618
1   0.987495  -0.154509  0.0313093 -0.0876709  -0.703279  -0.705488   0.131023   0.693921   -0.70803  -0.141645   -0.72943    1.03959 0.00137712 1 0.0780527 0.798163
1  0.981317 -0.189697 0.0321293 -0.109879 -0.689643 -0.715764  0.157936  0.698861 -0.697602 -0.174309 -0.739094   1.02796 0.0013744 1 1.522e-08 0.782102
1   0.986281  -0.162183  0.0307746 -0.0935692  -0.702831  -0.705176   0.135997   0.692622  -0.708364  -0.146938   -0.72788    1.03991 0.00136549 1 0.141089 0.777397
1    0.98604  -0.163604  0.0309575 -0.0944248  -0.702562   -0.70533   0.137144   0.692561  -0.708203  -0.148351  -0.728221    1.03968 0.00137563 1 0.106282 0.855081
1   0.986423  -0.161356  0.0305689 -0.0922401  -0.698362  -0.709776   0.135875    0.69732  -0.703763  -0.147087  -0.734908    1.03484 0.00136318 1 0.128151 0.789117
1   0.987309  -0.155883  0.0303647 -0.0884329  -0.698441  -0.710182   0.131913   0.698484  -0.703363  -0.142583  -0.736194    1.03441 0.0013747 1 0.0787383 0.897678
1    0.98622   -0.16277  0.0295832 -0.0939473  -0.698212    -0.7097   0.136173   0.697141  -0.703883   -0.14716  -0.734665    1.03492 0.00136636 1 0.192339 0.999651
1  0.986033 -0.165247 0.0208148 -0.098453   -0.6791 -0.727414  0.134338  0.715204 -0.685883 -0.143848 -0.761806   1.01514 0.00143083 1 0.163043 0.816775
1  0.980705 -0.192648 0.0332449 -0.111126 -0.689255 -0.715945   0.16084  0.698437 -0.697364 -0.177671 -0.738592   1.02773 0.00135808 1 0.473385 1.74326
1  0.981475 -0.188143 0.0361875 -0.108099 -0.699739 -0.706173  0.158183  0.689179 -0.707114 -0.174832 -0.724986   1.03831 0.00139005 1 0.0538952 0.817811
1   0.990721  -0.134147   0.021844 -0.0775748  -0.690086  -0.719558   0.111601   0.711187  -0.694088  -0.116713  -0.754145    1.02425 0.00137586 1 0.119843 1.04082
1   0.990724  -0.134698  0.0179441 -0.0812878  -0.693279   -0.71607   0.108893   0.707969  -0.697798  -0.112335  -0.749338    1.02823 0.00135756 1 0.520745 3.52652
1    0.99006  -0.138821   0.022575 -0.0823285  -0.702172  -0.707232    0.11403   0.698343  -0.706621  -0.119021  -0.735278    1.03795 0.00136535 1 0.112034 0.85152
1   0.986374  -0.161695  0.0303402 -0.0931829  -0.701087  -0.706961   0.135583   0.694501  -0.706602  -0.146476  -0.730591    1.03804 0.00136806 1 0.0812589 0.801442
1   0.985852  -0.165024  0.0293859 -0.0934384  -0.686591  -0.721014   0.139161   0.708067  -0.692297  -0.151265  -0.751306    1.02221 0.0013947 1 0.0649922 0.848171
1   0.987097  -0.158296  0.0241375 -0.0922448  -0.685359  -0.722339   0.130887   0.710792  -0.691118  -0.140402   -0.75503    1.02088 0.00139816 1 0.144515 0.810199
1   0.986169  -0.163021   0.029913 -0.0939902   -0.69871  -0.709204   0.136516   0.696583  -0.704369  -0.147547  -0.733782    1.03548 0.00136682 1 0.0559442 0.781015
1   0.990551  -0.135246  0.0227405 -0.0788395  -0.697228  -0.712501   0.112218   0.703975  -0.701303  -0.117033   -0.74344     1.0322 0.00136304 1 0.0808051 0.76435
1   0.990543  -0.135631  0.0206882 -0.0808099  -0.698612  -0.710923   0.110876   0.702528  -0.702966  -0.115042  -0.741285      1.034 0.00135283 1 0.105218 0.753333
1   0.986206  -0.162664  0.0306204 -0.0940077  -0.702712  -0.705237   0.136234    0.69263   -0.70831  -0.147209  -0.728058    1.03983 0.00136128 1 0.182672 1.17016
1  0.980994 -0.190608 0.0363319 -0.107447 -0.689517 -0.716255  0.161576  0.698738 -0.696892 -0.179308 -0.738765   1.02724 0.00135153 1 0.097803 0.806863
1   0.985682  -0.165696  0.0312329 -0.0970927  -0.709201  -0.698288   0.137854   0.685258  -0.715135  -0.148693  -0.717198    1.04728 0.00139707 1 0.141354 0.837038
1   0.990321  -0.137496  0.0189392 -0.0822516  -0.691305  -0.717866   0.111796    0.70936  -0.695924  -0.116002  -0.751338     1.0263 0.00136468 1 0.0376283 0.789385
1  0.989887 -0.139987 0.0229623 -0.082264 -0.698341 -0.711023   0.11557  0.701943 -0.702794 -0.120829 -0.740635   1.03372 0.00136427 1 0.147275 0.870628
1  0.990434 -0.135846 0.0241987 -0.078785 -0.700721 -0.709072  0.113281  0.700383 -0.704721 -0.118576 -0.738217   1.03589 0.00135897 1 0.13745 0.827559
1   0.986711  -0.159167  0.0326682 -0.0900885  -0.703225  -0.705237   0.135223   0.692922  -0.708219    -0.1467  -0.728261    1.03972 0.00136405 1 0.0896137 0.818455
1   0.986518  -0.160712  0.0308891 -0.0923282  -0.702398  -0.705771   0.135123   0.693404  -0.707766  -0.146101  -0.729057    1.03925 0.00135801 1 0.337235 1.14639
1  0.986659 -0.160433 0.0276506 -0.093912 -0.699634 -0.708303   0.13298  0.696257 -0.705367 -0.143027 -0.733307   1.03653 0.0013734 1 0.123382 0.797873
1    0.98852  -0.149849  0.0193067 -0.0925854  -0.701771   -0.70636   0.119397   0.696464  -0.707589  -0.123835  -0.732591    1.03892 0.00146634 1 0.0575727 0.871659
1  0.986137 -0.163552 0.0279999 -0.095261 -0.696187 -0.711512  0.135862  0.698981 -0.702116 -0.146403 -0.737446   1.03303 0.00136956 1 0.103465 0.785296
1    0.98991  -0.140567   0.017872 -0.0846287  -0.687657  -0.721087   0.113651   0.712299  -0.692614  -0.118077  -0.755945    1.02257 0.00139877 1 0.0994048 0.792806
1   0.986016   -0.16338  0.0328478 -0.0928413  -0.702225  -0.705876   0.138393   0.692956  -0.707573  -0.150221  -0.728592    1.03906 0.00136819 1 0.0753603 0.803436
1   0.990356  -0.136878  0.0214435 -0.0803862  -0.693744  -0.715721   0.112843   0.707095  -0.698057  -0.117734  -0.748319    1.02845 0.00137915 1 0.0214268 0.793716
1   0.990518  -0.136123  0.0185795 -0.0818451  -0.693285  -0.716001   0.110345   0.707691  -0.697852  -0.114044  -0.749015    1.02838 0.00136043 1 0.0721062 0.773412
1   0.986301   -0.16177  0.0322627 -0.0915755  -0.699649  -0.708594   0.137202   0.695932  -0.704879  -0.148932   -0.73293    1.03607 0.00136678 1 0.108359 0.810511
1   0.990234  -0.137608  0.0223665 -0.0809579  -0.698195  -0.711315   0.113499   0.702558  -0.702517  -0.118549  -0.741441    1.03356 0.00136466 1 0.00769101 0.865158
1  0.981047 -0.190623 0.0347905 -0.108338 -0.688453 -0.717144  0.160655  0.699782 -0.696057 -0.177875 -0.740404   1.02635 0.00135057 1 0.156919 1.01355
1   0.98133  -0.18987 0.0306836 -0.112677 -0.696834 -0.708327  0.155871  0.691645 -0.705218 -0.170465 -0.728389   1.03633 0.00141951 1 0.0593658 0.788513
1  0.982907 -0.182252 0.0260332 -0.110327 -0.696313 -0.709208  0.147382  0.694213 -0.704519 -0.158774 -0.731492    1.0357 0.00143246 1 0.0620374 0.786871
1   0.989932  -0.140169  0.0196733 -0.0856841  -0.704077  -0.704935   0.112662   0.696152  -0.708999  -0.116766  -0.732193    1.04049 0.00139802 1 0.113388 0.807171
