1  0.980582 -0.192869 0.0355092 -0.110713 -0.693883 -0.711526  0.161871  0.693778 -0.701762 -0.178859 -0.731638   1.03255 0.00136107 1 0.0976609 0.851351
1    0.98678  -0.159113  0.0308071 -0.0911636  -0.702108  -0.706211   0.133997   0.694066  -0.707331  -0.144787  -0.729918    1.03878 0.00136144 1 0.130903 0.863406
1   0.990439  -0.136102  0.0225063 -0.0808527  -0.704906  -0.704677   0.111773    0.69612  -0.709171  -0.116161  -0.731956     1.0407 0.00136433 1 0.0218681 0.905627
1   0.990333  -0.137137  0.0208261 -0.0814034   -0.69617  -0.713247   0.112311   0.704657  -0.700604  -0.116775  -0.744436    1.03136 0.00135146 1 0.118119 0.852976
1   0.984564  -0.172674  0.0286097 -0.0998511  -0.688376  -0.718448   0.143751   0.704501  -0.694992  -0.156057  -0.746351    1.02517 0.00138297 1 0.070276 0.833882
1   0.98663  -0.16008 0.0306008 -0.091732 -0.700639 -0.707595  0.134712  0.695327 -0.705955 -0.145747 -0.731731    1.0373 0.00136461 1 0.174598 1.13417
1   0.98597 -0.165602 0.0209742 -0.098022 -0.676098 -0.730262  0.135114   0.71796 -0.682845 -0.144854 -0.766191    1.0117 0.00142326 1 0.482803 2.43226
1   0.990561  -0.135514  0.0206305 -0.0803164  -0.695751  -0.713778    0.11108   0.705384  -0.700068  -0.115448  -0.745447    1.03079 0.0013509 1 0.139061 0.87175
1  0.990136 -0.138916 0.0182427 -0.083632 -0.690454 -0.718526   0.11241  0.709913 -0.695261  -0.11648 -0.752299    1.0255 0.00136669 1 0.175474 0.981783
0    0.99162  -0.127944  0.0178896 -0.0767208  -0.694631  -0.715264    0.10394   0.707897  -0.698626    -0.1067  -0.749226    1.02914 0.0013827 1 0.121531 0.843835
1   0.990542  -0.135747   0.020009 -0.0810164  -0.696296  -0.713167   0.110742   0.704801  -0.700708  -0.114882  -0.744764    1.03149 0.00135086 1 0.0906903 0.861895
1   0.990207   -0.13811  0.0203868 -0.0837691  -0.704611  -0.704632   0.111681   0.696023   -0.70928  -0.115649  -0.731859    1.04095 0.00137259 1 0.113622 0.814272
1   0.988249  -0.149764  0.0305622 -0.0846688  -0.702838  -0.706293   0.127257   0.695406   -0.70726  -0.137267  -0.731306    1.03874 0.00139366 1 0.0847606 0.855096
1   0.986352  -0.161484  0.0321236 -0.0923291  -0.704025  -0.704148   0.136324   0.691572  -0.709326  -0.147474  -0.726514    1.04087 0.00137333 1 0.0501633 0.828272
1   0.990414   -0.13658  0.0206489 -0.0815722  -0.698943   -0.71051   0.111474   0.702014  -0.703384  -0.115765  -0.740638    1.03443 0.00134634 1 0.11022 0.820917
1   0.985858   -0.16453  0.0318416 -0.0939296  -0.699857   -0.70808   0.138785   0.695076  -0.705414  -0.150507  -0.731801    1.03671 0.00136829 1 0.0584213 0.825362
1   0.990419  -0.136342  0.0219232 -0.0805025  -0.699038  -0.710539   0.112202   0.701966  -0.703317  -0.116809  -0.740596    1.03432 0.00134906 1 0.0774618 0.814824
1   0.990437  -0.136377  0.0208626 -0.0809188  -0.696709  -0.712775   0.111742   0.704271  -0.701082  -0.116165  -0.743894    1.03188 0.0013473 1 0.145939 1.29525
1  0.982602  -0.18343 0.0290825 -0.107982 -0.691658 -0.714107  0.151104  0.698543 -0.699432 -0.163924 -0.737918   1.03008 0.00143256 1 0.0420656 0.867177
1   0.990059  -0.139207  0.0201297 -0.0843682  -0.702257  -0.706907   0.112543   0.698181   -0.70702  -0.116696  -0.735038    1.03842 0.00136448 1 0.0977964 0.826316
1   0.986813  -0.158477  0.0329278 -0.0895137  -0.703813  -0.704723   0.134858   0.692483  -0.708718  -0.146248  -0.727668    1.04024 0.00136613 1 0.0643063 0.847619
1   0.988254  -0.149987  0.0292986 -0.0857509  -0.702931   -0.70607   0.126496   0.695264  -0.707535  -0.135968   -0.73144    1.03883 0.00140831 1 0.0771282 0.885863
1   0.990265   -0.13748  0.0217922 -0.0804638  -0.693122  -0.716315   0.113584   0.707588  -0.697437  -0.118627  -0.748652    1.02785 0.00137603 1 0.0742694 0.832235
1   0.986925  -0.158145  0.0311217 -0.0903286  -0.702607  -0.705822   0.133489   0.693782  -0.707705  -0.144364  -0.729504    1.03917 0.00135979 1 0.139212 1.11426
1  0.980786 -0.192422 0.0321391 -0.111619 -0.688598 -0.716502  0.160002  0.699147 -0.696845 -0.176358 -0.739413   1.02716 0.00137177 1 0.0612494 0.813088
1   0.986141  -0.164023   0.024954 -0.0973811  -0.694005  -0.713354   0.134325   0.701038  -0.700359  -0.143957  -0.740414    1.03118 0.00139118 1 0.0667992 0.87373
1   0.984795  -0.171517  0.0275982 -0.0995596    -0.6874  -0.719423   0.142364   0.705736  -0.694023  -0.154216  -0.748282    1.02408 0.00137352 1 0.108561 1.15915
1   0.986525  -0.160644  0.0310105 -0.0925152  -0.704057  -0.704091   0.134941   0.691735  -0.709432  -0.145718  -0.726704    1.04103 0.00136664 1 0.110159 0.852423
1   0.990347  -0.136907  0.0216454 -0.0808532  -0.697447  -0.712061   0.112583   0.703438  -0.701784  -0.117301  -0.742689    1.03266 0.00134775 1 0.102559 1.08319
1   0.986545  -0.161112   0.027777 -0.0937452  -0.696659  -0.711251   0.133942   0.699077  -0.702389  -0.144337  -0.737811    1.03333 0.00140127 1 0.093919 0.865484
1   0.986099  -0.163041  0.0320461 -0.0932343   -0.70256   -0.70549   0.137538   0.692695  -0.707995   -0.14903  -0.728195     1.0395 0.00136309 1 0.0771456 0.825943
1   0.990837  -0.134028  0.0166885 -0.0822874  -0.697024   -0.71231   0.107102    0.70441  -0.701666  -0.109739  -0.744231     1.0324 0.00137276 1 0.096703 1.27116
1   0.986341  -0.161832  0.0306885 -0.0921105   -0.69637  -0.711748   0.136554   0.699199  -0.701764  -0.147956  -0.737598    1.03267 0.0013671 1 0.118726 1.14478
1   0.985515  -0.167202  0.0283498 -0.0967476  -0.691607  -0.715765   0.139284   0.702654  -0.697766  -0.150685  -0.743226    1.02824 0.00138796 1 0.0775272 0.855819
1   0.986273  -0.162352   0.030115 -0.0952534  -0.708383  -0.699372   0.134877   0.686903  -0.714123  -0.145163  -0.719637    1.04619 0.00137907 1 0.0909492 0.822468
1  0.981704  -0.18663 0.0377816 -0.107515 -0.707042  -0.69895  0.157158    0.6821 -0.714171 -0.173471 -0.714067   1.04614 0.00140136 1 0.105627 0.869229
1   0.988188  -0.149633  0.0330753 -0.0823411  -0.700484  -0.708902   0.129244   0.697805  -0.704531  -0.140478  -0.734929    1.03572 0.00138404 1 0.146054 1.0244
1  0.990872  -0.13298 0.0220918 -0.077787 -0.697891 -0.711967  0.110095   0.70375 -0.701865 -0.114621 -0.743121   1.03269 0.00135675 1 0.142062 0.838107
1   0.986582  -0.159708  0.0338902 -0.0886505  -0.698345   -0.71025     0.1371   0.697716  -0.703133  -0.149411  -0.735518    1.03414 0.00138832 1 0.113856 0.829605
1   0.987407  -0.155256  0.0303758 -0.0895772  -0.706959  -0.701559   0.130395   0.690003  -0.711964  -0.140316  -0.723541    1.04382 0.00140496 1 0.139146 0.879387
1   0.986279  -0.162027  0.0316305 -0.0924289  -0.700727  -0.707417   0.136785   0.694787  -0.706089  -0.148198  -0.731326    1.03729 0.00137506 1 0.0971303 0.833744
1   0.986494  -0.160758  0.0313946 -0.0918818  -0.701794   -0.70643   0.135597   0.694004  -0.707086   -0.14676  -0.729865    1.03848 0.00136024 1 0.125864 0.83628
1   0.986412  -0.161788  0.0285789 -0.0935123   -0.69591  -0.712015   0.135084   0.699667  -0.701583  -0.145908  -0.738448    1.03244 0.00137594 1 0.094675 0.858092
1  0.990228 -0.137457 0.0235504 -0.080401 -0.700665 -0.708946  0.113951  0.700125 -0.704869 -0.119111 -0.737928   1.03599 0.00135656 1 0.0398226 0.874189
1   0.986817  -0.158862  0.0308883 -0.0910048  -0.702535  -0.705806   0.133826   0.693691  -0.707731   -0.14469  -0.729346    1.03919 0.00135831 1 0.0836208 0.862795
1  0.991144 -0.131149 0.0208154 -0.077009 -0.695389 -0.714496   0.10818  0.706565  -0.69933 -0.112237 -0.747207   1.02993 0.00135409 1 0.0900098 0.875335
1   0.985751  -0.166064  0.0267895 -0.0964425  -0.688446  -0.718847   0.137817   0.706021  -0.694652  -0.148967  -0.748655    1.02483 0.00140313 1 0.0365846 0.829351
1  0.986345 -0.161756  0.030962 -0.092121 -0.697714 -0.710429  0.136519  0.697876 -0.703087 -0.148046 -0.735792   1.03413 0.00137292 1 0.0875496 0.847821
1   0.986822  -0.158847  0.0308185 -0.0911946  -0.703316  -0.705003   0.133663   0.692902  -0.708534  -0.144478  -0.728227    1.04007 0.00135899 1 0.11274 0.860251
1   0.989884  -0.140153  0.0220729 -0.0831976  -0.699413  -0.709858   0.114927   0.700841  -0.703998  -0.119834  -0.739023      1.035 0.00136254 1 0.0736079 0.829867
1   0.986986  -0.157375    0.03305 -0.0887272  -0.704361  -0.704275   0.134114   0.692177  -0.709158  -0.145475  -0.726933    1.04075 0.00137513 1 0.122492 0.863477
1   0.986135  -0.162944  0.0314163 -0.0933203  -0.701077  -0.706953   0.137219   0.694219  -0.706562  -0.148602  -0.730401    1.03795 0.00136175 1 0.100527 0.833233
1   0.985973  -0.163743    0.03232 -0.0933363  -0.701481   -0.70655   0.138365   0.693623  -0.706925  -0.149913  -0.729355     1.0384 0.0013888 1 0.0875686 0.842655
1  0.981424 -0.188307 0.0367118 -0.106626 -0.694448 -0.711598  0.159493  0.694465 -0.701627 -0.176724  -0.73247   1.03242 0.00134373 1 0.150628 0.845959
1   0.990394  -0.136672  0.0209767 -0.0809919  -0.696358   -0.71311   0.112069   0.704561  -0.700738  -0.116605   -0.74424    1.03154 0.00135416 1 0.141301 0.872508
1   0.986213  -0.162362  0.0319807 -0.0923691   -0.70046  -0.707689   0.137303   0.694978    -0.7058  -0.148918  -0.731506    1.03707 0.00136299 1 0.133478 0.844082
1    0.98594  -0.164281  0.0305517 -0.0944982  -0.698969  -0.708881    0.13781   0.696028  -0.704666  -0.149198  -0.733372    1.03589 0.00138584 1 0.119711 0.865891
1   0.990527   -0.13574  0.0207426 -0.0807046  -0.697696  -0.711834   0.111097   0.703417  -0.702042  -0.115425  -0.742609    1.03293 0.00134729 1 0.114576 0.859503
1   0.986501  -0.160906   0.030403 -0.0917829  -0.697076  -0.711098   0.135613   0.698709  -0.702435  -0.146749  -0.736868    1.03335 0.00136831 1 0.148712 0.815218
1   0.987267  -0.157638  0.0213143 -0.0930663  -0.681062  -0.726287   0.129007   0.715056  -0.687061  -0.137873  -0.761448    1.01635 0.00142758 1 0.355398 1.52382
1    0.98598  -0.164082  0.0303546 -0.0946562  -0.699784  -0.708056   0.137421   0.695255  -0.705504  -0.148621  -0.732028    1.03675 0.0013632 1 0.135313 1.13333
1   0.990788  -0.133882  0.0203809 -0.0790619  -0.694028  -0.715594    0.10995    0.70739   -0.69822  -0.114189  -0.748403    1.02865 0.0013639 1 0.0643972 0.858288
1   0.991306  -0.129887  0.0210178 -0.0766917   -0.70018  -0.709835   0.106914   0.702052  -0.704054  -0.110459  -0.740453    1.03517 0.00137756 1 0.137829 0.821732
1   0.988038  -0.151599   0.028267 -0.0858231  -0.692845  -0.715961   0.128124    0.70497  -0.697568  -0.137897   -0.74572    1.02799 0.00141297 1 0.0507184 0.829566
1  0.981131 -0.189529  0.038216 -0.106908   -0.6965 -0.709548  0.161097  0.692074  -0.70362 -0.178772 -0.728866   1.03463 0.0013525 1 0.268928 1.04583
1  0.986361 -0.161673 0.0308963 -0.092994 -0.702241  -0.70584  0.135812  0.693339 -0.707698 -0.146788 -0.729026   1.03914 0.00136095 1 0.0850053 0.837082
1   0.987105  -0.157038  0.0310351 -0.0902519  -0.706105  -0.702332   0.132207   0.690474  -0.711173  -0.142586  -0.724143    1.04309 0.00143248 1 0.049956 0.817479
1   0.990432  -0.136115  0.0227483 -0.0797375  -0.698977  -0.710685   0.112636   0.702071  -0.703142  -0.117555   -0.74086    1.03418 0.00136533 1 0.112238 0.839339
1   0.991338  -0.129065  0.0242948 -0.0729864   -0.69521  -0.715092   0.109183   0.707125  -0.698608  -0.114263  -0.747826    1.02914 0.00138558 1 0.133086 0.914976
1   0.986259  -0.162841  0.0278566 -0.0942785  -0.693234   -0.71452   0.135664   0.702075  -0.699061  -0.146551  -0.742089    1.02966 0.00138776 1 0.0558098 0.846748
1   0.986514  -0.160642  0.0313793 -0.0926224  -0.705959   -0.70217   0.134951   0.689794  -0.711318  -0.145774  -0.723697    1.04323 0.00137577 1 0.0963906 0.837558
1   0.990244  -0.137816  0.0205662 -0.0818421  -0.694699   -0.71463   0.112775   0.705975  -0.699201  -0.117338  -0.746481     1.0298 0.00135222 1 0.199175 0.959404
1   0.991268  -0.130603  0.0181791 -0.0767635  -0.683653  -0.725759   0.107214   0.718026  -0.687709  -0.110956  -0.764062    1.01719 0.00140099 1 0.107979 0.814807
1   0.985571  -0.166515  0.0303841 -0.0955508  -0.695492  -0.712152   0.139716   0.698973  -0.701367  -0.151384  -0.737568    1.03222 0.00137852 1 0.124303 0.845779
1   0.990886  -0.133843  0.0152047 -0.0823426  -0.691174  -0.717982   0.106606   0.710187  -0.695895  -0.109232  -0.752628    1.02611 0.00137099 1 0.422972 1.88891
1   0.985898  -0.166241  0.0192212 -0.0991215  -0.672632  -0.733309   0.134834   0.721062  -0.679624  -0.144275  -0.770773    1.00816 0.0014416 1 0.325392 1.85717
1   0.990547  -0.136207  0.0162491 -0.0836658  -0.693781   -0.71531   0.108704   0.707189  -0.698618  -0.111719  -0.748208    1.02914 0.001366 1 0.462697 1.84583
1   0.991187  -0.131615  0.0150404 -0.0801241  -0.686048  -0.723131   0.105493   0.715553  -0.690547  -0.108687  -0.760679    1.02022 0.00146769 1 0.039765 0.829087
1    0.98719   -0.15702  0.0282941 -0.0900073  -0.694508  -0.713833   0.131736   0.702142  -0.699744  -0.142093  -0.741567    1.03046 0.00138462 1 0.051063 0.84567
1   0.986346  -0.161697  0.0312452 -0.0925419  -0.701122  -0.707011   0.136228   0.694465  -0.706512  -0.147448  -0.730693    1.03785 0.00136003 1 0.0213463 0.83149
0     0.990917    -0.134473 -0.000882302   -0.0920335    -0.673372    -0.733553    0.0980489     0.726971    -0.679632   -0.0961649    -0.777922      1.00799 0.00168271 0.995893 0.17913 2.45676
1   0.990617  -0.135136  0.0203825 -0.0795902    -0.6917  -0.717786   0.111097   0.709429  -0.695965  -0.115631  -0.751584    1.02623 0.0013622 1 0.139006 1.15803
1   0.990802  -0.133905  0.0195058 -0.0795269  -0.692843   -0.71669   0.109483   0.708547  -0.697119  -0.113532   -0.75024    1.02754 0.00135535 1 0.103392 0.916318
1   0.987182  -0.157572  0.0253507 -0.0906928  -0.684553  -0.723299   0.131326   0.711729  -0.690069  -0.141283  -0.756184    1.01975 0.00140269 1 0.0896303 1.00523
1   0.990527  -0.135688  0.0211174 -0.0804823   -0.69823  -0.711335   0.111264   0.702896  -0.702536  -0.115665  -0.741894    1.03343 0.00134809 1 0.096221 0.984092
1   0.990966  -0.133339  0.0143611 -0.0813189  -0.682581  -0.726272   0.106643   0.718543  -0.687258  -0.109388  -0.765115    1.01655 0.00140117 1 0.429554 2.10858
1    0.98645  -0.160821  0.0324487 -0.0914243  -0.703073  -0.705216   0.136227   0.692694   -0.70825  -0.147676  -0.727886    1.03982 0.00136834 1 0.100802 0.918893
1   0.986684  -0.159619  0.0312564 -0.0912119  -0.702113    -0.7062   0.134668   0.693945  -0.707322  -0.145702  -0.729826    1.03873 0.00135892 1 0.0901158 0.835211
1   0.98044 -0.193811 0.0342833 -0.110881 -0.687815 -0.717367  0.162614  0.699534 -0.695852  -0.18008 -0.740115   1.02622 0.00137774 1 0.124191 0.843698
1  0.989856 -0.140431 0.0215512 -0.083333 -0.696728 -0.712478   0.11507  0.703455 -0.701363 -0.119991 -0.742988   1.03218 0.00136264 1 0.0955335 0.860747
1   0.989461  -0.143221  0.0212994 -0.0855092  -0.696678   -0.71227   0.116851   0.702942  -0.701582   -0.12181  -0.742517    1.03241 0.00140762 1 0.0693874 0.83721
1  0.980659 -0.192352 0.0361689 -0.109667 -0.693079 -0.712471  0.162113  0.694724 -0.700769 -0.179517 -0.732939   1.03151 0.00135341 1 0.0501773 0.840809
1   0.985868  -0.165746  0.0243433 -0.0985653  -0.691391  -0.715726    0.13546   0.703212  -0.697957  -0.145139   -0.74394    1.02844 0.00140194 1 0.0954388 0.896291
1   0.986544  -0.160454   0.031383 -0.0916665  -0.701783  -0.706468    0.13538   0.694085  -0.707049  -0.146507  -0.730093    1.03843 0.00136034 1 0.0872666 0.849291
1   0.985446  -0.167212  0.0306061 -0.0963811   -0.69791   -0.70967   0.140025   0.696392  -0.703869  -0.151693  -0.733881    1.03496 0.00138024 1 0.0452098 0.837149
1  0.980278  -0.19537 0.0297584  -0.11452 -0.684302  -0.72015   0.16106  0.702539  -0.69318 -0.177006 -0.744551   1.02322 0.00140485 1 0.0695448 0.876764
1   0.991215  -0.129918  0.0247962 -0.0733815  -0.696165  -0.714121    0.11004   0.706028  -0.699582  -0.115508  -0.746191    1.03027 0.00138864 1 0.122268 0.815676
1   0.986219  -0.162805  0.0294279 -0.0946217  -0.700964  -0.706892   0.135713   0.694366  -0.706709  -0.146337  -0.730546    1.03812 0.00136585 1 0.0540439 0.810487
1  0.981538 -0.188157 0.0343437 -0.108204  -0.69432 -0.711486  0.157717  0.694634 -0.701861 -0.174193 -0.732645   1.03268 0.00135515 1 0.0405444 0.833574
1   0.986316  -0.162324   0.028822 -0.0945724  -0.700278  -0.707578   0.135041   0.695171  -0.706047  -0.145601  -0.731771    1.03731 0.00136556 1 0.0710364 0.931906
1   0.986192   -0.16308  0.0288093 -0.0941123  -0.695043  -0.712782   0.136264   0.700229  -0.700794  -0.147174  -0.739125     1.0316 0.00137193 1 0.0613369 0.859
1   0.989905   -0.14075  0.0166275 -0.0859417  -0.689403  -0.719262   0.112699   0.710572   -0.69454  -0.116543  -0.753315    1.02467 0.00138412 1 0.071025 0.940948
1   0.986854  -0.158883  0.0295759 -0.0914477  -0.699865  -0.708397   0.133252    0.69638  -0.705195  -0.143797  -0.733362    1.03633 0.00136852 1 0.0677366 1.019
1   0.986614  -0.160241   0.030273 -0.0916755  -0.698527  -0.709687   0.134867   0.697411  -0.703867   -0.14587  -0.734936    1.03496 0.00136214 1 0.0615962 0.963914
1   0.990416   -0.13647  0.0212596 -0.0805278  -0.695631  -0.713872   0.112211   0.705318  -0.699954  -0.116935  -0.745422    1.03063 0.00135251 1 0.132217 0.88528
1    0.98657  -0.160871  0.0282748 -0.0931639   -0.69641  -0.711571   0.134162   0.699381  -0.702045  -0.144821   -0.73775    1.03301 0.00137688 1 0.09697 0.863663
1   0.986993  -0.157236  0.0334989 -0.0879576  -0.702568   -0.70616   0.134569   0.694028  -0.707259  -0.146124  -0.729769    1.03866 0.00137232 1 0.0588582 0.921497
1  0.980055  -0.19501 0.0382412 -0.111416  -0.69855 -0.706834  0.164554  0.688476 -0.706345 -0.182514 -0.723729   1.03755 0.00139015 1 0.117771 0.852883
1   0.97974 -0.197627 0.0324492 -0.117431 -0.698132 -0.706273  0.162233  0.688154 -0.707195 -0.178332 -0.723805   1.03843 0.00142141 1 0.0969657 0.859874
1   0.985979  -0.163888  0.0314025 -0.0944096  -0.703041  -0.704855   0.137595   0.692007  -0.708656  -0.148815  -0.727339    1.04013 0.00137011 1 0.176393 0.904666
1   0.986282  -0.162379  0.0296923 -0.0937169   -0.69889  -0.709063   0.135888   0.696553   -0.70452  -0.146798  -0.733659    1.03568 0.00136711 1 0.0925669 0.896132
1   0.990418  -0.136392  0.0216778 -0.0807118  -0.699023  -0.710529   0.112064   0.701971  -0.703334   -0.11658  -0.740532    1.03438 0.00135012 1 0.148251 0.84906
1   0.990865  -0.133544  0.0187828 -0.0804354  -0.697029  -0.712517   0.108244   0.704498  -0.701403  -0.111772  -0.744414    1.03217 0.00136357 1 0.174475 0.86351
1   0.990581  -0.135375  0.0205626 -0.0808308  -0.699338  -0.710206   0.110525   0.701855  -0.703693  -0.114596  -0.740347    1.03471 0.00134911 1 0.137202 1.16429
1   0.990689  -0.134472  0.0212922 -0.0798527  -0.700573  -0.709098    0.11027   0.700795  -0.704788  -0.114452  -0.738759    1.03596 0.00135191 1 0.0942347 0.850067
1   0.990019  -0.139425  0.0205851 -0.0824644  -0.691511  -0.717643   0.114292   0.708783  -0.696107  -0.119312  -0.750507    1.02655 0.00138243 1 0.0594429 0.850567
1   0.986288  -0.162126  0.0308372 -0.0931444  -0.701107  -0.706946   0.136234    0.69438  -0.706595   -0.14733  -0.730594    1.03794 0.00136018 1 0.0497369 0.861698
1   0.986104  -0.163529  0.0292765 -0.0945912  -0.697555  -0.710261    0.13657   0.697621   -0.70333  -0.147468  -0.735376    1.03436 0.00136519 1 0.119109 0.817204
1  0.986147 -0.164534 0.0210574 -0.097022 -0.675104 -0.731315  0.134542   0.71914 -0.681715 -0.144264 -0.767804   1.01047 0.00142601 1 0.322173 2.05209
1   0.990341  -0.137128  0.0204874 -0.0820969  -0.699035  -0.710359   0.111732   0.701816  -0.703541   -0.11591  -0.740365    1.03459 0.00134906 1 0.12831 0.852982
