1   0.990842  -0.133223  0.0219882 -0.0778631  -0.696791  -0.713035   0.110314   0.704793  -0.700783   -0.11492  -0.744737     1.0315 0.00135578 1 0.187728 1.00109
1  0.984942 -0.170957 0.0257469 -0.100221 -0.685953 -0.720711  0.140872  0.707278 -0.692757 -0.152221 -0.750511   1.02274 0.00137575 1 0.0991666 0.920429
1  0.985222 -0.169454 0.0249547 -0.099195 -0.683261 -0.723405  0.139635   0.71024 -0.689972 -0.150824 -0.754704   1.01965 0.00138405 1 0.118719 0.911411
1   0.990405  -0.137039  0.0178274 -0.0828173  -0.691848  -0.717278   0.110629    0.70892  -0.696559  -0.114457  -0.750674    1.02689 0.00136841 1 0.125361 0.876131
1   0.986432  -0.161148  0.0313514 -0.0921131  -0.701363  -0.706827   0.135893   0.694349  -0.706691  -0.147097  -0.730426    1.03806 0.00135898 1 0.109108 0.957271
1   0.986329  -0.161786  0.0313083 -0.0923641  -0.700115  -0.708031   0.136469    0.69546  -0.705487  -0.147805  -0.732207    1.03673 0.00136075 1 0.0426627 0.966997
1   0.986448  -0.161966  0.0262337 -0.0958989  -0.698871  -0.708789   0.133134   0.696668  -0.704932  -0.142814  -0.733986    1.03609 0.00137776 1 0.0447174 0.890433
1   0.990677  -0.134773  0.0198672 -0.0806871  -0.697997   -0.71154   0.109764   0.703304  -0.702364   -0.11377  -0.742519    1.03328 0.00135167 1 0.0938424 0.960732
1   0.990906  -0.132547  0.0231546 -0.0768232  -0.698594  -0.711382   0.110467   0.703134  -0.702424  -0.115242  -0.742109    1.03331 0.00136091 1 0.0760224 0.988897
1   0.987275  -0.156266   0.029478 -0.0898957  -0.701346   -0.70713   0.131175   0.695482  -0.706469  -0.141523  -0.731879    1.03781 0.00136751 1 0.122544 0.927126
1   0.986418  -0.161349  0.0307606 -0.0920558  -0.698151  -0.710008   0.136035   0.697533  -0.703521  -0.147359  -0.735296    1.03457 0.00136943 1 0.113678 0.955727
1  0.981485  -0.18849 0.0340312 -0.108316 -0.692743 -0.713004  0.157969  0.696116 -0.700334 -0.174346 -0.734865   1.03103 0.00135696 1 0.119741 1.05855
1   0.986817  -0.159253   0.028823 -0.0922619  -0.699892  -0.708265   0.132966   0.696268  -0.705358  -0.143314  -0.733018    1.03662 0.00137041 1 0.0992478 0.956371
1   0.986154  -0.163357  0.0285278 -0.0955026  -0.700105  -0.707625   0.135568   0.695103  -0.706013  -0.146067  -0.731724    1.03723 0.00137015 1 0.121293 0.941855
1   0.985283  -0.168288  0.0299519 -0.0976657  -0.698056  -0.709351   0.140284   0.695986  -0.704219  -0.151981  -0.733318    1.03542 0.00139057 1 0.0625762 0.90303
1  0.980883  -0.19055 0.0394815 -0.106986 -0.697528 -0.708526  0.162549  0.690757  -0.70458 -0.180676 -0.727046   1.03565 0.00135593 1 0.112857 0.932869
1  0.984744 -0.172194 0.0250896 -0.100762 -0.681811 -0.724556   0.14187  0.710973  -0.68876 -0.153363  -0.75579   1.01828 0.00139417 1 0.0837464 0.896673
1   0.98463 -0.172642 0.0264149 -0.100241 -0.682479 -0.723999   0.14302  0.710224 -0.689295 -0.154972 -0.754784   1.01888 0.00137999 1 0.118195 0.895176
1   0.986279  -0.161728  0.0331264 -0.0923838  -0.707005  -0.701148   0.136816   0.688468  -0.712245  -0.148253  -0.721812    1.04406 0.00137456 1 0.077226 0.912346
1   0.987605  -0.155534  0.0211063 -0.0915081  -0.679799  -0.727667   0.127525   0.716716  -0.685606  -0.136307  -0.763686    1.01484 0.00142325 1 0.0658554 0.862841
1   0.985762  -0.165564  0.0293416 -0.0970264  -0.702619   -0.70492   0.137325   0.692037  -0.708679  -0.147993  -0.727435    1.04019 0.00137208 1 0.111979 0.884611
1  0.983221 -0.180355 0.0273697 -0.107837 -0.695663 -0.710228  0.147133   0.69536 -0.703439 -0.158851 -0.732893    1.0345 0.00142997 1 0.090858 0.901669
1   0.986987  -0.157791  0.0309751 -0.0902614  -0.703057  -0.705382    0.13308   0.693407   -0.70815  -0.143799  -0.728883    1.03963 0.00136136 1 0.152556 1.00162
1   0.990229  -0.138698  0.0144562 -0.0865459  -0.692536  -0.716173   0.109343   0.707925  -0.697773  -0.111819  -0.749263     1.0281 0.00141984 1 0.123372 0.867866
1    0.98948  -0.143163  0.0208254 -0.0857273  -0.696185  -0.712725   0.116534   0.703442  -0.701134  -0.121414  -0.742754    1.03201 0.00138758 1 0.064815 0.878555
1   0.985721  -0.165799   0.029418 -0.0958298     -0.696  -0.711619    0.13846   0.698638   -0.70195  -0.149904  -0.737196    1.03285 0.00138406 1 0.138351 0.919299
1   0.986463  -0.161085  0.0306969 -0.0938235  -0.707956  -0.699997   0.134491   0.687641  -0.713486  -0.144985  -0.720764    1.04547 0.00137542 1 0.101594 0.866535
1   0.98144 -0.188341 0.0361039 -0.107395  -0.69577 -0.710191  0.158878  0.693132 -0.703083 -0.175728 -0.730295   1.03403 0.00135878 1 0.114045 1.26117
1  0.986676 -0.159042 0.0342928 -0.090067 -0.709474 -0.698953  0.135492  0.686551 -0.714345 -0.147072  -0.71891    1.0464 0.00137885 1 0.0985147 0.923057
1   0.991026  -0.132307   0.019045 -0.0788302  -0.693542   -0.71609   0.107953   0.708163  -0.697748  -0.111603  -0.749627    1.02821 0.00135192 1 0.148863 0.919937
1  0.980688 -0.192464 0.0347756 -0.110756 -0.693058 -0.712323  0.161198  0.694715  -0.70099 -0.178126 -0.733112   1.03174 0.00135603 1 0.188132 1.1625
1  0.990208 -0.138514 0.0173632 -0.084412 -0.693176 -0.715809  0.111185  0.707334 -0.698081 -0.114776 -0.748517   1.02854 0.00136381 1 0.0244725 0.891194
1   0.986674  -0.160128  0.0288525 -0.0926722  -0.698824  -0.709265   0.133736    0.69714  -0.704351  -0.144169  -0.734493    1.03548 0.00136511 1 0.0700121 0.888064
1  0.980868 -0.190644 0.0394056 -0.108271 -0.702457 -0.703442  0.161788  0.685718 -0.709659 -0.179452 -0.719613   1.04129 0.00137259 1 0.125917 0.891231
1   0.985853  -0.164813  0.0304902 -0.0947732  -0.698178  -0.709624   0.138243   0.696695  -0.703921  -0.149679  -0.734276    1.03502 0.00137133 1 0.12095 0.898326
1   0.986328  -0.161913  0.0306648 -0.0937473  -0.704343  -0.703642   0.135528   0.691147  -0.709893  -0.146325  -0.725723    1.04164 0.001368 1 0.131838 0.89714
1   0.990045  -0.139798  0.0163766 -0.0859538  -0.692617  -0.716166   0.111461   0.707628  -0.697738  -0.114935  -0.748987    1.02823 0.00137101 1 0.158868 0.958495
1   0.986417  -0.161269  0.0312139 -0.0924367  -0.702063   -0.70609   0.135785   0.693614  -0.707434   -0.14691  -0.729367    1.03888 0.00135826 1 0.157599 1.22618
1   0.986661  -0.159742  0.0313602 -0.0916237  -0.704154  -0.704111   0.134558   0.691846  -0.709397  -0.145516  -0.726731    1.04103 0.00135932 1 0.18408 1.31183
1  0.985967 -0.164299  0.029594 -0.094759 -0.696729 -0.711048  0.137444  0.698266  -0.70252 -0.148622 -0.736395   1.03346 0.00136866 1 0.0637656 0.899507
1   0.990919  -0.133913  0.0121502 -0.0831256  -0.681109  -0.727449    0.10569   0.719832  -0.686055  -0.107719  -0.766991    1.01529 0.00141809 1 0.511572 2.11503
1   0.990232   -0.13785  0.0209259 -0.0811025  -0.691549  -0.717762   0.113415   0.709053  -0.695974  -0.118307  -0.750847    1.02636 0.00137011 1 0.101111 0.913461
1   0.986102   -0.16287   0.032795 -0.0929011  -0.704205  -0.703893   0.137738   0.691064  -0.709549   -0.14939   -0.72561    1.04116 0.00137926 1 0.0341859 0.878639
1  0.981073 -0.189869 0.0380075 -0.107771 -0.698482 -0.707466  0.160874   0.68998 -0.705725   -0.1783 -0.725861   1.03688 0.00135483 1 0.10545 0.887352
1  0.981301 -0.189271 0.0350054  -0.10771 -0.690688 -0.715087  0.159523  0.697944 -0.698159 -0.176533 -0.737499   1.02856 0.00135304 1 0.0726695 0.919965
1    0.99058  -0.135403  0.0204136 -0.0797135  -0.691419  -0.718043    0.11134   0.709652    -0.6957  -0.115741  -0.751642    1.02602 0.00137323 1 0.0597524 1.27827
1   0.990127  -0.138756  0.0198896 -0.0823739  -0.690773  -0.718364   0.113416   0.709634  -0.695383  -0.118224  -0.751844    1.02572 0.00137746 1 0.05933 1.07031
1   0.990852  -0.132708   0.024533 -0.0768454  -0.704237  -0.705794   0.110941   0.697452  -0.707992  -0.116065  -0.734075    1.03944 0.00138932 1 0.0575909 1.02523
1   0.990418  -0.136683  0.0197501 -0.0819519  -0.696794  -0.712574   0.111159   0.704127  -0.701319  -0.115269  -0.743762    1.03213 0.00134883 1 0.111691 1.28285
1    0.98491  -0.171129  0.0258174 -0.0997753  -0.683356  -0.723236   0.141409   0.709746  -0.690119  -0.153081  -0.754094    1.01976 0.00137878 1 0.143597 1.29857
1  0.982143 -0.183979 0.0393286 -0.102286 -0.697623 -0.709126  0.157901  0.692441 -0.703984 -0.175676 -0.729144   1.03497 0.00137175 1 0.048726 1.03047
1   0.985332  -0.168394  0.0276317 -0.0966768  -0.684289  -0.722774   0.140619   0.709501  -0.690532  -0.152595  -0.753638    1.02026 0.00137969 1 0.0647919 0.904134
1   0.985708  -0.166382  0.0264066 -0.0985088  -0.696418  -0.710843   0.136662   0.698082  -0.702855  -0.146798  -0.736471    1.03382 0.00139063 1 0.0355105 0.917919
1   0.986629  -0.159742  0.0323254 -0.0902021  -0.700402  -0.708026   0.135742   0.695643  -0.705447  -0.147292  -0.732305    1.03677 0.0013664 1 0.13685 0.93079
1   0.990544  -0.135359   0.022383 -0.0792401   -0.69762  -0.712073      0.112   0.703566  -0.701749  -0.116846  -0.742732    1.03262 0.00135737 1 0.140235 0.84443
1   0.990284  -0.137428   0.021227 -0.0812672  -0.695821  -0.713603   0.112839   0.704944  -0.700229  -0.117534  -0.744823    1.03102 0.00135684 1 0.0837955 0.880657
1  0.980419 -0.193873 0.0345246 -0.114121  -0.70225 -0.702725  0.160484  0.685024 -0.710624 -0.176432 -0.718756    1.0423 0.00141122 1 0.107104 0.869022
1   0.986237  -0.162647     0.0297 -0.0937215  -0.697944  -0.709994   0.136207   0.697439  -0.703582  -0.147239  -0.735113    1.03466 0.00136179 1 0.172732 1.19518
1   0.990204  -0.137755  0.0228167 -0.0812445  -0.701303  -0.708218   0.113562   0.699426  -0.705625  -0.118501  -0.737045    1.03672 0.00137261 1 0.111741 0.922901
1  0.984709 -0.172179 0.0264955 -0.100366 -0.685038 -0.721561  0.142388  0.707868 -0.691844 -0.154148 -0.751402    1.0217 0.00137119 1 0.0767223 0.903065
1   0.986672  -0.159788  0.0307682 -0.0915217  -0.701273  -0.706994   0.134546   0.694755   -0.70655  -0.145533   -0.73086    1.03794 0.00136319 1 0.143118 1.10965
1  0.985704  -0.16762 0.0170551 -0.101602 -0.672106 -0.733451  0.134404  0.721233 -0.679528 -0.143125  -0.77108   1.00805 0.00147084 1 0.35876 2.01365
1   0.990382  -0.136557   0.022279 -0.0806052  -0.700308  -0.709276   0.112459   0.700658  -0.704579  -0.117179  -0.738607    1.03568 0.00135004 1 0.129023 0.840398
1   0.986355  -0.162282  0.0277033 -0.0952726  -0.699906  -0.707852   0.134262   0.695554  -0.705818  -0.144395  -0.732223    1.03715 0.0013717 1 0.0451708 0.873627
1   0.986427  -0.160948   0.032525 -0.0913984  -0.702747  -0.705544   0.136413   0.692995  -0.707919  -0.147843  -0.728419    1.03941 0.00136384 1 0.0969241 0.914657
1   0.986955  -0.157613  0.0328428 -0.0887923  -0.703035   -0.70559     0.1343   0.693469  -0.707859  -0.145857  -0.728963    1.03939 0.00137151 1 0.147194 0.952501
1   0.987255  -0.155559  0.0335984 -0.0868696  -0.703637  -0.705229   0.133346   0.693322  -0.708183  -0.144826   -0.72867    1.03962 0.0013764 1 0.175939 0.97129
1   0.986519  -0.161018  0.0292081 -0.0937807  -0.702537  -0.705441   0.134109   0.693192  -0.708166  -0.144507   -0.72895    1.03968 0.00137288 1 0.123366 1.09846
1   0.986006  -0.164378  0.0277852 -0.0956324  -0.694226  -0.713375   0.136552   0.700735  -0.700231  -0.147295    -0.7398    1.03107 0.00139229 1 0.123322 0.888811
1   0.990227   -0.13779  0.0215432 -0.0817605  -0.698693  -0.710735   0.112984   0.702027   -0.70313  -0.117553  -0.740412     1.0341 0.00138443 1 0.0401633 0.929171
1   0.990592  -0.134911  0.0229215 -0.0783541  -0.696502  -0.713265   0.112192   0.704758   -0.70052  -0.117328  -0.744544    1.03131 0.00135961 1 0.0397907 0.949587
1   0.985869  -0.165178  0.0279138 -0.0975742  -0.701648  -0.705811    0.13617   0.693113   -0.70785  -0.146362  -0.728533    1.03941 0.00140826 1 0.0614524 1.07616
1   0.986959  -0.158622  0.0274157 -0.0927569  -0.699594  -0.708494   0.131563   0.696712  -0.705184  -0.141355  -0.733824    1.03634 0.00137582 1 0.0596875 1.10538
1   0.98174 -0.187093 0.0343813 -0.106971  -0.69243 -0.713511    0.1573  0.696804   -0.6998 -0.173954 -0.735887   1.03045 0.00136116 1 0.190648 1.16901
1   0.990241  -0.137399  0.0233212 -0.0809041  -0.703008  -0.706565   0.113476   0.697783  -0.707264  -0.118512  -0.734437    1.03861 0.00135983 1 0.122691 0.973488
1   0.991021  -0.131985  0.0214079 -0.0775372  -0.697708  -0.712173   0.108933   0.704119  -0.701677  -0.113216  -0.743608    1.03255 0.00135598 1 0.0890861 0.989169
1   0.991053  -0.131853  0.0206977 -0.0770274  -0.691685  -0.718079   0.108997   0.710061  -0.695653  -0.113428  -0.752398     1.0259 0.00136376 1 0.0226707 0.872918
1   0.990479  -0.135963  0.0215603 -0.0807411  -0.700615  -0.708957   0.111497   0.700466  -0.704922  -0.115929  -0.738401    1.03607 0.0013488 1 0.0885749 0.883709
1    0.98701  -0.156467  0.0364702 -0.0854718  -0.703592  -0.705445   0.136039   0.693164  -0.707826  -0.148742  -0.728474    1.03926 0.00139414 1 0.0414052 0.89986
1  0.990515 -0.135478 0.0229332  -0.07962 -0.701932  -0.70778  0.111986  0.699241 -0.706061 -0.116542 -0.736483   1.03737 0.00136961 1 0.099716 0.999054
1   0.984784   -0.17024  0.0349034 -0.0987307   -0.71337  -0.693798   0.143011   0.679795  -0.719324  -0.155321  -0.709708    1.05184 0.00143896 1 0.0350217 0.902426
1   0.98109 -0.190592 0.0337227 -0.109995 -0.692384 -0.713095  0.159259  0.695901 -0.700256 -0.175846  -0.73472    1.0309 0.00135421 1 0.111795 0.906587
1   0.985999  -0.165442  0.0208563 -0.0989558  -0.681201  -0.725378   0.134215   0.713158  -0.688035  -0.143525  -0.758876    1.01751 0.00142754 1 0.231231 1.75474
1   0.986593  -0.159788  0.0332031 -0.0909147  -0.707063  -0.701282   0.135533   0.688861   -0.71211   -0.14672  -0.722357      1.044 0.00137973 1 0.0621384 0.981073
1  0.980886 -0.191705 0.0333444  -0.11053 -0.689968 -0.715351  0.160143  0.697992 -0.697969 -0.176819 -0.737692   1.02847 0.0013601 1 0.0882134 1.16018
1   0.990438  -0.136341  0.0210793 -0.0809369  -0.697971  -0.711538   0.111724   0.703028  -0.702332  -0.116163   -0.74211    1.03328 0.00134681 1 0.0460435 0.89882
1   0.986434   -0.16138  0.0300701 -0.0929131  -0.699888  -0.708183   0.135332   0.695782  -0.705388  -0.146231   -0.73252    1.03661 0.00136208 1 0.0681173 0.88865
1   0.986535  -0.160921  0.0292041 -0.0934996  -0.701433  -0.706576   0.134188   0.694331  -0.707035  -0.144734  -0.730447    1.03843 0.00136452 1 0.0492942 0.914099
1   0.990334  -0.138696 0.00131251 -0.0931277  -0.671916  -0.734749   0.102789   0.727525  -0.678337  -0.101893  -0.778787    1.00673 0.00164058 0.997947 0.163027 1.82782
1   0.990217  -0.138005  0.0205922 -0.0822562  -0.696559  -0.712769    0.11271   0.704102  -0.701097  -0.117172  -0.743639    1.03195 0.00135224 1 0.395571 2.30684
0  0.991238 -0.131438 0.0130994 -0.080586 -0.680337 -0.728456  0.104659  0.721017 -0.684968 -0.106889 -0.768732     1.014 0.00143206 1 0.275641 2.00607
1  0.981142 -0.190221 0.0343128 -0.108219  -0.68768 -0.717903  0.160156  0.700652 -0.695296  -0.17729 -0.741589    1.0255 0.00135097 1 0.117955 0.892742
1   0.990359  -0.137254  0.0187311 -0.0818532    -0.6889   -0.72022   0.111757   0.711743  -0.693493  -0.116181  -0.754934    1.02357 0.00137912 1 0.137762 0.92746
1   0.987554  -0.155567  0.0231424 -0.0909735  -0.685033   -0.72281   0.128299   0.711708   -0.69066  -0.137353  -0.756258    1.02032 0.00140085 1 0.0245503 0.910823
1  0.990636 -0.134139 0.0254316  -0.07751 -0.705905 -0.704053  0.112393  0.695489 -0.709692 -0.117608 -0.731143   1.04125 0.00138092 1 0.0487466 0.921997
1   0.985993  -0.164297  0.0287195 -0.0956149  -0.697887  -0.709797    0.13666   0.697109  -0.703821  -0.147459  -0.734819    1.03483 0.00137237 1 0.105505 0.90538
1  0.987591 -0.154024 0.0306668 -0.086537 -0.696661 -0.712162  0.131055  0.700671 -0.701345 -0.141888 -0.739391   1.03224 0.00138257 1 0.0411733 0.870927
1  0.984744 -0.171961 0.0266225 -0.100625 -0.687567 -0.719115  0.141964  0.705466 -0.694381 -0.153341 -0.747887   1.02447 0.00138407 1 0.081207 0.865125
1   0.985422  -0.166971  0.0326345 -0.0956542  -0.702387  -0.705339   0.140693   0.691934  -0.708119  -0.152831  -0.727108    1.03973 0.00139775 1 0.158501 0.967387
1   0.985459  -0.167594  0.0279832 -0.0995261  -0.702824  -0.704367   0.137715    0.69134  -0.709284  -0.148031  -0.726537    1.04082 0.00138655 1 0.076526 0.934667
1   0.989893  -0.140206  0.0213145 -0.0834568  -0.697434  -0.711773    0.11466     0.7028  -0.702086  -0.119528  -0.741578    1.03301 0.00139213 1 0.0926311 0.883738
1   0.985796  -0.165186  0.0303345 -0.0956512  -0.700668  -0.707047   0.138049   0.694102  -0.706516  -0.149181  -0.730336    1.03794 0.00137084 1 0.040423 0.9466
1   0.985597  -0.167132  0.0257854 -0.0996534  -0.697196  -0.709921   0.136628   0.697126   -0.70381  -0.146669  -0.734708    1.03498 0.00139844 1 0.147064 0.965592
1   0.990065  -0.138932  0.0216467 -0.0822948  -0.697384  -0.711958    0.11401   0.703103  -0.701889  -0.118647  -0.742284    1.03264 0.00137644 1 0.0285999 0.917825
1    0.99055  -0.135916  0.0183518 -0.0808384  -0.686694  -0.722438   0.110793   0.714128  -0.691192  -0.114822  -0.758261    1.02096 0.00139806 1 0.15109 0.890561
1  0.984828 -0.171948 0.0234198 -0.103976 -0.692725 -0.713667  0.138937  0.700404 -0.700093 -0.148665 -0.740185   1.03076 0.00141812 1 0.118294 0.930036
1   0.990687  -0.134409  0.0217743 -0.0791042  -0.698304  -0.711417   0.110826   0.703069  -0.702432  -0.115237   -0.74206    1.03333 0.00135272 1 0.0835963 0.927015
1   0.986214  -0.162737  0.0299676 -0.0938732  -0.699369  -0.708569   0.136269   0.695988  -0.705004  -0.147321  -0.733011    1.03626 0.00136265 1 0.0820719 0.899686
1   0.991043  -0.131465  0.0234645 -0.0754801  -0.696385  -0.713688   0.110165   0.705524  -0.700071   -0.11522  -0.745738    1.03067 0.00136639 1 0.0643849 0.927607
1   0.987574  -0.154236   0.030135 -0.0890311  -0.707121  -0.701465     0.1295   0.690066  -0.712066  -0.139208  -0.723807    1.04396 0.00140022 1 0.0867965 0.908134
1    0.98676  -0.159044  0.0317771 -0.0902859  -0.701423  -0.707004   0.134734   0.694774  -0.706495   -0.14599  -0.731017    1.03784 0.00136058 1 0.134079 0.95287
1   0.987761  -0.152721   0.031696 -0.0857026  -0.701202  -0.707793    0.13032   0.696414  -0.705708  -0.141153   -0.73286    1.03707 0.00138602 1 0.119967 0.935171
1   0.990838  -0.133534   0.020193 -0.0791113  -0.695071  -0.714575   0.109456   0.706431  -0.699267  -0.113551  -0.746991    1.02989 0.00135453 1 0.107623 0.900364
1   0.990265  -0.137626  0.0208214 -0.0817482  -0.696116   -0.71326   0.112657   0.704615   -0.70059  -0.117219  -0.744486    1.03136 0.00134864 1 0.0847625 0.999648
1   0.990559  -0.135561  0.0204256 -0.0807996   -0.69767  -0.711848   0.110749   0.703477  -0.702037  -0.114927   -0.74276    1.03291 0.0013484 1 0.151463 1.30974
1   0.985894  -0.164699  0.0298003 -0.0947534  -0.695986  -0.711776   0.137969   0.698912  -0.701774  -0.149273  -0.737436    1.03265 0.00137039 1 0.101341 0.949485
1  0.985962  -0.16614 0.0166189 -0.100699 -0.671076 -0.734518  0.133186  0.722534 -0.678385 -0.141874 -0.772829   1.00672 0.00144924 0.997947 0.357129 1.7895
1   0.990033  -0.139594  0.0186417 -0.0843653  -0.693842  -0.715169   0.112768   0.706468  -0.698703  -0.116924  -0.747246    1.02928 0.001359 1 0.0935241 0.913589
1   0.984677  -0.172251  0.0272347 -0.0999129  -0.685224  -0.721447   0.142931   0.707671  -0.691934  -0.154934  -0.751163    1.02179 0.00137079 1 0.0835243 0.889012
1    0.99089   -0.13321  0.0197845 -0.0792699  -0.695689  -0.713956    0.10887   0.705884  -0.699911  -0.112732  -0.746104    1.03065 0.00135747 1 0.0765568 0.901082
