1   0.990431  -0.136671  0.0191919 -0.0829941   -0.70092  -0.708395   0.110269   0.700023  -0.705555  -0.113782  -0.737757    1.03675 0.00135843 1 0.179292 0.897374
1   0.990587  -0.135274  0.0209269 -0.0798518  -0.695247  -0.714321   0.111178   0.705927  -0.699505  -0.115525  -0.746314    1.03018 0.00135462 1 0.127204 1.03187
1   0.991112  -0.132039   0.016225 -0.0800923   -0.68963  -0.719719    0.10622   0.712022  -0.694076  -0.108989  -0.755383    1.02409 0.00137338 1 0.503458 3.29417
1   0.990768  -0.134046   0.020253 -0.0800721  -0.699176  -0.710451   0.109393   0.702271  -0.703455  -0.113321  -0.740822    1.03447 0.00135458 1 0.130511 1.39507
1   0.985655  -0.167462  0.0209849 -0.0991508  -0.675185  -0.730955   0.136575   0.718389  -0.682103  -0.146672  -0.766679    1.01092 0.00142099 1 0.114361 1.02635
1   0.987083  -0.157504  0.0293316 -0.0914843  -0.704414  -0.703869   0.131524   0.692093  -0.709724  -0.141612  -0.726995    1.04131 0.00137021 1 0.146258 1.25688
1   0.985495  -0.167386  0.0279588 -0.0996655  -0.704205  -0.702966   0.137355   0.689983  -0.710673  -0.147576  -0.724267    1.04245 0.00139201 1 0.0843768 0.97564
1   0.985739  -0.166542  0.0241265 -0.0964359   -0.67655  -0.730055   0.137908   0.717317  -0.682963  -0.148791  -0.765139     1.0119 0.00140639 1 0.498434 2.99592
0    0.99143    -0.1305 0.00601418 -0.0843059  -0.674298  -0.733631  0.0997939   0.726837  -0.679521 -0.0998209  -0.777484    1.00796 0.00157415 1 0.263811 2.0931
1   0.986907  -0.158537  0.0296677 -0.0906648  -0.697428  -0.710897   0.133395   0.698899   -0.70267  -0.144179  -0.736938    1.03367 0.00136613 1 0.0571902 0.977831
1   0.986754  -0.159698  0.0285035 -0.0921745  -0.696541  -0.711572    0.13349    0.69952  -0.702035  -0.143819  -0.737917      1.033 0.0013771 1 0.114184 0.937165
1    0.99057  -0.135341  0.0213223 -0.0808433  -0.703013  -0.706567   0.110617    0.69818  -0.707325  -0.114882  -0.735004    1.03863 0.0013595 1 0.118508 0.895744
1   0.990675  -0.134878  0.0192494 -0.0817415  -0.701435   -0.70803      0.109   0.699855   -0.70592  -0.112589  -0.737475    1.03716 0.0013591 1 0.0970161 0.953894
1   0.986674  -0.159962  0.0297743 -0.0925377   -0.70219   -0.70595   0.133832   0.693787  -0.707636  -0.144417   -0.72963    1.03909 0.00136028 1 0.0976239 0.912081
1   0.990499  -0.135828  0.0214958 -0.0801691  -0.697335  -0.712247   0.111733   0.703757  -0.701599  -0.116327  -0.743121    1.03243 0.0013488 1 0.104876 0.928536
1   0.990596  -0.135111  0.0215568 -0.0794321  -0.696201  -0.713439   0.111402   0.705018  -0.700386  -0.116125  -0.744851    1.03114 0.00135793 1 0.0872398 0.883789
1   0.987116  -0.156879   0.031482 -0.0886156  -0.699827  -0.708794   0.133227   0.696872  -0.704713   -0.14439  -0.733939    1.03586 0.00136764 1 0.122187 0.950041
1   0.990853  -0.133267  0.0212175 -0.0785187  -0.697238  -0.712526    0.10975   0.704343  -0.701324  -0.113983  -0.744212    1.03199 0.00137193 1 0.133318 1.09702
1  0.981487  -0.18784 0.0374204 -0.105728 -0.694268 -0.711908  0.159704  0.694772 -0.701275 -0.177112 -0.732843   1.03205 0.0013458 1 0.174789 1.28766
1  0.985881   -0.1652 0.0273217 -0.096137 -0.692046 -0.715423  0.137096  0.702696 -0.698157 -0.147905 -0.743082   1.02871 0.00138393 1 0.204038 1.04153
1   0.984916  -0.170535  0.0292826 -0.0982122  -0.690303  -0.716823   0.142458   0.703135   -0.69664  -0.154519  -0.744288    1.02699 0.00138673 1 0.151226 1.06734
1    0.98641  -0.161521  0.0301124 -0.0927538  -0.698697  -0.709379   0.135619   0.696946  -0.704183  -0.146662  -0.734319    1.03532 0.00136086 1 0.261128 1.09624
1  0.984579 -0.173394 0.0231981 -0.102704 -0.680276 -0.725725  0.141618  0.712151 -0.687594  -0.15268 -0.757729   1.01701 0.0013872 1 0.164057 1.3023
1   0.98648 -0.160852 0.0313592 -0.092308 -0.703495 -0.704681   0.13541  0.692259 -0.708831 -0.146455 -0.727412   1.04039 0.00135902 1 0.167365 1.43402
1    0.98608  -0.163759  0.0287807 -0.0956341  -0.700209  -0.707504   0.136013   0.694904  -0.706123  -0.146643  -0.731487     1.0374 0.00136681 1 0.104235 0.952793
1   0.986088  -0.163549  0.0296899 -0.0946524  -0.699311  -0.708523   0.136641   0.695856  -0.705063  -0.147581  -0.732783    1.03628 0.00136251 1 0.185329 0.939185
1  0.981582 -0.188286 0.0323304 -0.108961 -0.690778  -0.71481  0.156922  0.698122 -0.698571 -0.173051 -0.737557   1.02916 0.00138438 1 0.0653185 1.01665
1   0.989895  -0.140578   0.018603 -0.0853369   -0.69534  -0.713596   0.113251   0.704798   -0.70031  -0.117396  -0.744848    1.03104 0.00136359 1 0.106502 0.993256
1   0.986548  -0.160593  0.0305538 -0.0918331  -0.699063  -0.709138   0.135242   0.696793  -0.704407  -0.146315  -0.734015    1.03556 0.00136127 1 0.0807088 1.08769
1   0.98116 -0.190181 0.0339906   -0.1089  -0.68976 -0.715802  0.159577  0.698615 -0.697476 -0.176205 -0.738334   1.02801 0.00139018 1 0.0799202 0.978764
1   0.990013  -0.139039  0.0233028 -0.0820481   -0.70267  -0.706769   0.114642   0.697799   -0.70706   -0.11982  -0.734522    1.03844 0.00136544 1 0.0373901 1.10042
1   0.990386   -0.13681  0.0204335 -0.0825996  -0.703392  -0.705986   0.110959   0.697512   -0.70793  -0.114926  -0.734067     1.0394 0.00135915 1 0.113449 1.06162
1   0.986503  -0.160553  0.0321738 -0.0921307  -0.706667  -0.701522   0.135368   0.689089  -0.711921  -0.146488  -0.722708    1.04376 0.00136423 1 0.17525 1.24455
1   0.986519  -0.160343  0.0327179 -0.0913093  -0.705245  -0.703059   0.135804   0.690593  -0.710379  -0.147174  -0.724962    1.04211 0.00136367 1 0.309618 1.22248
1    0.98589  -0.164621  0.0303551 -0.0954502  -0.701809  -0.705941   0.137516   0.693083   -0.70762  -0.148546  -0.728974    1.03905 0.00137077 1 0.16154 1.05025
1   0.990969  -0.132651  0.0196021 -0.0794655  -0.698709  -0.710979   0.108008      0.703   -0.70294  -0.111579   -0.74201     1.0339 0.00135447 1 0.154767 1.28554
1   0.985715  -0.166674  0.0241972 -0.0969251  -0.678882  -0.727822   0.137736    0.71508  -0.685339  -0.148676  -0.761885    1.01442 0.00139688 1 0.439383 2.50903
1   0.987144   -0.15684  0.0307751 -0.0901676  -0.705455  -0.702996   0.131968   0.691184  -0.710528  -0.142397  -0.725696    1.04225 0.00137056 1 0.0624413 1.03574
1   0.990442   -0.13682  0.0174608 -0.0821127  -0.686605  -0.722379   0.110825   0.714041  -0.691277  -0.114655   -0.75859    1.02101 0.00138676 1 0.148342 1.14095
1   0.986858  -0.158561  0.0311358 -0.0904131  -0.701523  -0.706888   0.133928   0.694783   -0.70664  -0.144958  -0.730994      1.038 0.00136013 1 0.0953033 1.00536
1   0.990311   -0.13734  0.0205248 -0.0815024  -0.694518  -0.714844   0.112431   0.706246  -0.698982  -0.116985  -0.746892    1.02959 0.0013509 1 0.076203 0.998739
1   0.985932  -0.163848  0.0330503 -0.0939865  -0.706951   -0.70099    0.13822   0.688022  -0.712405   -0.14988  -0.721467    1.04429 0.00138406 1 0.0232088 0.960626
1   0.986645  -0.160084  0.0300974 -0.0925335  -0.702905  -0.705239   0.134053   0.693035   -0.70833  -0.144531  -0.728854    1.03982 0.00140493 1 0.0924359 0.940894
1   0.991132  -0.131356  0.0200916 -0.0775755  -0.694716  -0.715089   0.107889   0.707188  -0.698745  -0.111714  -0.748086    1.02921 0.00136338 1 0.0943706 0.949824
1   0.990913  -0.132682  0.0220882 -0.0774777  -0.697263  -0.712616   0.109952   0.704429  -0.701207  -0.114608  -0.744107    1.03195 0.00135832 1 0.0571218 0.968596
1   0.990754  -0.134339  0.0189758 -0.0798744  -0.690608  -0.718805   0.109669   0.710643  -0.694952  -0.113474  -0.753179    1.02507 0.00137725 1 0.179353 0.951491
1   0.987059  -0.157657  0.0293047 -0.0901065  -0.696467  -0.711909   0.132647   0.700056   -0.70166  -0.143265  -0.738652    1.03254 0.00137259 1 0.0675792 0.924598
1  0.991177 -0.131024 0.0200259 -0.077213 -0.693574 -0.716236  0.107734   0.70837 -0.697571 -0.111572 -0.749924     1.028 0.00135726 1 0.0918297 0.986608
1   0.985321  -0.166984  0.0354772 -0.0940192  -0.704281  -0.703668   0.142487   0.690004  -0.709642  -0.155179  -0.724367    1.04134 0.0014089 1 0.0926178 0.980904
1   0.990428   -0.13654  0.0202088 -0.0815055  -0.696707   -0.71271   0.111393   0.704241  -0.701167  -0.115623  -0.743935    1.03195 0.00134817 1 0.0512186 0.934731
1   0.990555  -0.135622  0.0201815 -0.0804817  -0.694251  -0.715219    0.11101   0.706839  -0.698609  -0.115222  -0.747689    1.02912 0.00135513 1 0.132278 1.00233
1   0.990019  -0.139239  0.0217811 -0.0831559  -0.701913  -0.707391   0.113785    0.69852  -0.706486  -0.118452  -0.735584    1.03783 0.00135826 1 0.0927115 1.00166
1  0.987219  -0.15642 0.0305032 -0.089253 -0.701237 -0.707319  0.132029  0.695557 -0.706236 -0.142789 -0.731648   1.03772 0.00140607 1 0.101392 0.940598
1   0.986505  -0.160981  0.0298888 -0.0931119  -0.701737  -0.706325   0.134679    0.69401  -0.707256  -0.145427  -0.729866    1.03862 0.001368 1 0.0812884 0.943437
1   0.986813  -0.158558  0.0325465 -0.0899679  -0.704446  -0.704033   0.134557    0.69182  -0.709422  -0.145854  -0.726602      1.041 0.00136309 1 0.116677 0.923754
1   0.991081  -0.132281  0.0161433 -0.0796343  -0.685015  -0.724164   0.106851   0.716419  -0.689439  -0.110083  -0.761549    1.01915 0.00139987 1 0.0295857 0.977745
1   0.986586  -0.161639  0.0228349 -0.0980132  -0.698393  -0.708972   0.130545   0.697224  -0.704867  -0.138997  -0.734616    1.03609 0.00141571 1 0.0877813 0.945717
1   0.990769  -0.132403  0.0290757 -0.0735497  -0.705226  -0.705158    0.11387    0.69651  -0.708454  -0.120522  -0.732441    1.03988 0.00141045 1 0.0975249 0.933606
1   0.990299  -0.138373  0.0127128 -0.0857724  -0.680692  -0.727531   0.109324   0.719382  -0.685957  -0.111784  -0.766777     1.0151 0.00146169 1 0.356668 2.13473
1   0.990309  -0.136822  0.0238106 -0.0794014  -0.698474  -0.711217   0.113941   0.702434  -0.702569  -0.119296  -0.741264    1.03351 0.00135728 1 0.141273 0.974346
1   0.990296  -0.137505  0.0201369 -0.0828417   -0.70043  -0.708897   0.111582    0.70035  -0.705024  -0.115521  -0.738242    1.03616 0.00135497 1 0.0807313 0.896157
1  0.984612 -0.172658 0.0269899 -0.100192 -0.684272 -0.722311  0.143181  0.708492 -0.691042 -0.155154 -0.752285   1.02083 0.00137338 1 0.130007 1.28024
1   0.986302  -0.162713   0.027086 -0.0955266  -0.697297  -0.710388   0.134477   0.698069  -0.703289  -0.144631  -0.736052    1.03433 0.00136921 1 0.168421 1.28038
1   0.991031  -0.132803   0.014885 -0.0810663  -0.685996  -0.723076   0.106238   0.715384  -0.690608  -0.108991  -0.760305    1.02033 0.00137962 1 0.46504 2.2114
1   0.986176  -0.163003  0.0297706 -0.0945178  -0.700949  -0.706921   0.136098   0.694335  -0.706666  -0.146934    -0.7306    1.03802 0.00136098 1 0.178963 1.13915
1  0.986926 -0.158063 0.0314981 -0.089649 -0.700787 -0.707715  0.133937  0.695639 -0.705796 -0.144978 -0.732215   1.03699 0.00137016 1 0.0721635 0.979866
1   0.990362  -0.137102  0.0196673 -0.0834781  -0.704156  -0.705122   0.110523   0.696684  -0.708814  -0.114183  -0.732839     1.0403 0.00136537 1 0.0932121 1.06894
1  0.984612 -0.172694 0.0267575 -0.100929 -0.686952  -0.71966  0.142662  0.705885 -0.693811 -0.154358 -0.748499   1.02383 0.00137576 1 0.0579661 0.971546
1   0.990584  -0.135072  0.0223349 -0.0788545  -0.696272  -0.713434   0.111916   0.704955  -0.700367  -0.116753   -0.74483    1.03103 0.0013596 1 0.0935231 1.10914
1   0.986457  -0.161569  0.0282435 -0.0933531  -0.694651  -0.713264   0.134861   0.700968  -0.700326  -0.145565  -0.740154    1.03105 0.00137474 1 0.0657714 0.996419
1  0.980992 -0.190424 0.0373187 -0.108612 -0.698203 -0.707613  0.160802   0.69011 -0.705614   -0.1781 -0.726006   1.03678 0.00136018 1 0.126447 1.00858
1   0.987321  -0.154857  0.0348655 -0.0853919  -0.703323  -0.705723   0.133808   0.693798  -0.707629   -0.14568  -0.729265    1.03911 0.00138166 1 0.093691 0.960745
1   0.985894  -0.165755   0.023212 -0.0971899  -0.679866  -0.726868   0.136263   0.714358  -0.686385  -0.146591  -0.760872    1.01551 0.00141694 1 0.268143 2.17775
1   0.990923  -0.133084  0.0189584 -0.0793056  -0.692626  -0.716924   0.108542   0.708913  -0.696893  -0.112281  -0.750716    1.02728 0.00135343 1 0.228148 1.21828
1  0.981242 -0.189145 0.0372547 -0.107362 -0.696676 -0.709307  0.160117  0.692002 -0.703915 -0.177579 -0.728892   1.03499 0.0013627 1 0.142672 0.959122
1   0.990848  -0.132156  0.0274744 -0.0734389  -0.698581  -0.711752   0.113255   0.703221  -0.701893  -0.119562  -0.742324    1.03267 0.00139811 1 0.0423982 0.920648
1   0.986263  -0.162348  0.0304578 -0.0931921  -0.699135   -0.70889   0.136381   0.696314  -0.704661  -0.147531  -0.733457    1.03583 0.0013596 1 0.147711 1.35407
1   0.990423  -0.136311  0.0219702 -0.0804227  -0.698893   -0.71069   0.112229   0.702117  -0.703162  -0.116899  -0.740768    1.03414 0.00134765 1 0.201952 0.913172
1  0.985375  -0.16958 0.0167046 -0.101694 -0.663892 -0.740881  0.136729  0.728347 -0.671428 -0.146097 -0.781799  0.999017 0.00147125 0.995893 0.0904323 0.995446
1   0.986946  -0.158064  0.0308678 -0.0903916    -0.7023  -0.706119    0.13329   0.694111   -0.70742   -0.14404   -0.72996    1.03886 0.00136132 1 0.0863979 1.06222
1  0.986915 -0.158337  0.030475 -0.091504 -0.705591 -0.702686  0.132764  0.690703 -0.710847 -0.143218 -0.724936   1.04266 0.00136656 1 0.134434 1.0676
1  0.980865 -0.191118 0.0371253 -0.108797 -0.696208 -0.709547  0.161454  0.691931 -0.703679 -0.179026 -0.728747    1.0347 0.00135732 1 0.175909 0.916057
1   0.990631  -0.134736  0.0222622 -0.0793494  -0.700581  -0.709147   0.111144   0.700737  -0.704709  -0.115709    -0.7387     1.0358 0.00135123 1 0.0808303 0.989763
1   0.986065  -0.163825  0.0289366 -0.0953177  -0.698917  -0.708822   0.136347   0.696187  -0.704793  -0.147038  -0.733159    1.03609 0.0013772 1 0.202715 1.05969
1    0.99045  -0.136152  0.0217161 -0.0808059  -0.700867    -0.7087   0.111711   0.700177  -0.705176  -0.116143  -0.737994    1.03632 0.00135114 1 0.0594004 1.06321
1   0.986078  -0.163798  0.0286346 -0.0954448  -0.698558  -0.709159   0.136162   0.696553  -0.704467  -0.146835  -0.733864     1.0356 0.0013654 1 0.0714593 0.944408
0   0.991624  -0.128407  0.0138953 -0.0775294  -0.677839  -0.731111   0.103298    0.72391  -0.682117  -0.105719  -0.772923    1.01081 0.00146858 1 0.304021 1.97763
1   0.990049  -0.138988  0.0220412 -0.0822944  -0.698878  -0.710491   0.114154   0.701607  -0.703361  -0.119073  -0.740152    1.03441 0.00135656 1 0.0637305 0.956432
1    0.99122  -0.131025  0.0177731 -0.0794176  -0.697418  -0.712251   0.105718   0.704586    -0.7017  -0.108535  -0.744346    1.03246 0.00136296 1 0.0239921 1.03741
1   0.990206  -0.137763  0.0226392 -0.0808316  -0.697936  -0.711584    0.11383   0.702785  -0.702237  -0.118713  -0.741632    1.03311 0.00137502 1 0.0617413 0.992709
1   0.986471  -0.161014  0.0308229 -0.0927353  -0.703114  -0.705004   0.135187   0.692607  -0.708533    -0.1463  -0.728107    1.04006 0.00138175 1 0.10604 1.10972
1   0.986551  -0.160269  0.0321154 -0.0904107  -0.698734  -0.709646   0.136174   0.697198  -0.703826  -0.147827  -0.734609    1.03492 0.00136708 1 0.0547573 1.00355
1   0.990418  -0.136661  0.0198918 -0.0810076  -0.691559  -0.717763   0.111846   0.709274  -0.696003  -0.116342  -0.751216    1.02631 0.00136127 1 0.129467 1.14851
1   0.990455  -0.135025  0.0276972 -0.0780815   -0.71522  -0.694524   0.113588   0.685732  -0.718936  -0.119108  -0.716771    1.05132 0.00143353 1 0.0714143 1.03009
1   0.987515  -0.154977  0.0282244 -0.0889329  -0.696378  -0.712144   0.130021   0.700742  -0.701466  -0.139969  -0.740225     1.0322 0.00142383 1 0.0780803 1.00125
1   0.986394  -0.161771  0.0292646 -0.0940261  -0.701176  -0.706762   0.134853   0.694394  -0.706846  -0.145322  -0.730555     1.0382 0.00136571 1 0.0852363 1.00034
1  0.981561 -0.188381 0.0324069 -0.109416 -0.692739  -0.71284  0.156735   0.69615 -0.700578 -0.172728 -0.734894   1.03126 0.00136804 1 0.129876 1.36407
1   0.990265  -0.137481  0.0217785 -0.0811002  -0.697017  -0.712454   0.113129   0.703752  -0.701381    -0.1179  -0.743168     1.0322 0.00134999 1 0.196459 0.899405
1   0.990316  -0.137244  0.0209218 -0.0812179   -0.69496  -0.714447   0.112593   0.705829  -0.699377  -0.117177  -0.746116    1.03004 0.00135645 1 0.193174 1.14565
1   0.990669  -0.135091  0.0180491 -0.0804816  -0.686726  -0.722448   0.109991   0.714254   -0.69119  -0.113961  -0.758664    1.02101 0.00137613 1 0.053592 0.965371
1  0.990161 -0.138254 0.0216008  -0.08251 -0.701525 -0.707852  0.113017  0.699105  -0.70603  -0.11756 -0.736366   1.03726 0.00135474 1 0.214554 0.945878
1  0.984973 -0.170734 0.0260225 -0.099553  -0.68441 -0.722269  0.141126  0.708825 -0.691123 -0.152758 -0.752769   1.02092 0.00137473 1 0.0641692 0.946113
1   0.987045  -0.157781  0.0291193 -0.0908624  -0.699276  -0.709054   0.132238   0.697222  -0.704553  -0.142683  -0.734491     1.0357 0.00136682 1 0.0736775 0.926981
1   0.990758  -0.134073  0.0205811 -0.0793409  -0.695873  -0.713769   0.110019   0.705539  -0.700079  -0.114219  -0.745529    1.03075 0.00136543 1 0.0610843 0.984474
1  0.981435 -0.188443 0.0356999 -0.107878 -0.696279 -0.709618  0.158579  0.692593 -0.703681 -0.175326 -0.729584   1.03466 0.00135521 1 0.113823 1.16297
1   0.990929  -0.133052  0.0188674 -0.0793721  -0.692778   -0.71677   0.108439    0.70877  -0.697055  -0.112093  -0.750564    1.02741 0.001353 1 0.0568533 0.907802
1   0.987527  -0.153862  0.0334104 -0.0856496  -0.703025  -0.705989   0.132113   0.694322  -0.707435   -0.14354  -0.730247    1.03883 0.00138063 1 0.136538 0.93976
1  0.982174  -0.18423  0.037333 -0.104371 -0.699655 -0.706816  0.156337   0.69032 -0.706411 -0.172946 -0.725904   1.03761 0.00138181 1 0.177406 0.929345
1   0.986483  -0.161575  0.0272823 -0.0943583  -0.696247  -0.711573   0.133968   0.699381  -0.702082  -0.144159  -0.737811    1.03306 0.00137331 1 0.117834 0.956414
1   0.986891  -0.159238   0.026252 -0.0937556  -0.698084  -0.709851   0.131362   0.698085  -0.703862  -0.140786  -0.735912    1.03493 0.00138511 1 0.0809893 0.957624
1   0.987978  -0.151704  0.0297451 -0.0856116  -0.697119  -0.711825   0.128722   0.700721  -0.701726  -0.138896  -0.739359     1.0326 0.00138902 1 0.0666808 1.01678
1   0.986825  -0.159421  0.0276086 -0.0922812  -0.694757    -0.7133   0.132896   0.701354  -0.700315  -0.143218  -0.740628    1.03102 0.00138015 1 0.0116812 0.986131
1   0.98161 -0.187265 0.0370495 -0.104595 -0.689972 -0.716239   0.15969  0.699192 -0.696871 -0.177374 -0.739326   1.02721 0.00134854 1 0.102384 1.03941
1   0.990753  -0.134377   0.018755 -0.0799211  -0.689698  -0.719673   0.109643   0.711519   -0.69406  -0.113622  -0.754551    1.02414 0.00136353 1 0.0400304 1.02625
1    0.99066   -0.13467  0.0213906 -0.0791066  -0.695378  -0.714277   0.111066   0.705913  -0.699536  -0.115571  -0.746222    1.03023 0.00135562 1 0.124814 0.960378
1  0.986979  -0.15719 0.0341003 -0.087195 -0.701031  -0.70778  0.135161  0.695591  -0.70561 -0.147287 -0.732134   1.03681 0.00138222 1 0.0451121 0.913318
1  0.981537 -0.187277 0.0388992 -0.105661 -0.700397  -0.70589  0.159442  0.688746 -0.707253 -0.176787 -0.723658   1.03856 0.00137512 1 0.130849 0.917617
1   0.986516  -0.160793  0.0305222 -0.0922712  -0.700452   -0.70771   0.135174   0.695351  -0.705844  -0.146272   -0.73186     1.0371 0.00136835 1 0.128912 0.93846
1  0.980473 -0.193584 0.0346032 -0.110402 -0.687468 -0.717774  0.162738  0.699937 -0.695416 -0.180221 -0.740788   1.02556 0.00135971 1 0.018826 0.926543
1   0.986607  -0.161028  0.0260155 -0.0941914  -0.692638  -0.715109   0.133172   0.703081  -0.698529  -0.143103    -0.7432    1.02911 0.00138694 1 0.293556 2.17313
