1    0.98603  -0.163772  0.0304007 -0.0932029  -0.693725  -0.714184   0.138053   0.701373  -0.699298  -0.149709   -0.74098     1.0299 0.00138378 1 0.0805865 0.991535
1   0.987376  -0.154712  0.0339587 -0.0858497  -0.702882  -0.706106   0.133112   0.694277  -0.707291  -0.144668  -0.730109    1.03863 0.00138461 1 0.100659 1.06441
1   0.985029  -0.169703  0.0303102 -0.0952424   -0.68229  -0.724851    0.14369   0.711112  -0.688238  -0.156853   -0.75623    1.01757 0.00140854 1 0.100294 0.994558
1   0.987404  -0.156002  0.0263786 -0.0892331  -0.686773  -0.721374   0.130652   0.709934  -0.692044  -0.140732  -0.753544      1.022 0.00140341 1 0.158616 0.968636
1   0.990455   -0.13569  0.0242171 -0.0796743  -0.706993  -0.702718   0.112473   0.694081  -0.711056  -0.117548  -0.728871    1.04286 0.00139231 1 0.142669 1.15131
1   0.990484  -0.135696  0.0229942 -0.0798417  -0.702606  -0.707085   0.112104    0.69852  -0.706754  -0.116903  -0.735429    1.03808 0.00135639 1 0.0131998 0.942347
1  0.981126 -0.190328 0.0341701  -0.10808 -0.686276 -0.719267  0.160347  0.701998 -0.693893 -0.177202  -0.74354   1.02399 0.0013825 1 0.152424 0.955716
1   0.985468  -0.168757  0.0193461 -0.0999973  -0.668432  -0.737021   0.137309   0.724375  -0.675593  -0.147443  -0.775526    1.00382 0.00145845 1 0.065096 0.974248
1   0.990431  -0.136105  0.0228313 -0.0793542  -0.697006  -0.712661    0.11291    0.70403  -0.701137  -0.118021  -0.743569    1.03197 0.00135386 1 0.110616 1.01186
1   0.986188   -0.16256  0.0317498 -0.0929374  -0.701767  -0.706318     0.1371   0.693612  -0.707182  -0.148537  -0.729533    1.03858 0.00136172 1 0.0307081 0.98148
1   0.986542  -0.160829  0.0294811 -0.0929376  -0.699902  -0.708167   0.134527   0.695896  -0.705429  -0.145237  -0.732914    1.03661 0.00137311 1 0.105032 0.966952
1   0.991116  -0.131909  0.0170219 -0.0794538  -0.689843  -0.719586   0.106662    0.71184  -0.694195   -0.10972  -0.755094    1.02422 0.00136736 1 0.454616 2.27475
1   0.986607   -0.16038  0.0297366 -0.0926617  -0.701113  -0.707004   0.134238    0.69478  -0.706584  -0.145026  -0.731173    1.03792 0.00137139 1 0.0507857 1.06911
1   0.990506   -0.13575  0.0216911 -0.0803405  -0.699648  -0.709957   0.111553   0.701473  -0.703911  -0.116049  -0.739815    1.03505 0.00135228 1 0.0872994 1.02013
1   0.990779  -0.133828  0.0211492 -0.0791417  -0.698336  -0.711382   0.109972   0.703148  -0.702488  -0.114315  -0.742075    1.03341 0.00135775 1 0.0659106 1.11713
1   0.990393  -0.136652  0.0211403 -0.0814352  -0.699968  -0.709516   0.111755   0.700979  -0.704372  -0.116121  -0.739136    1.03548 0.00134641 1 0.150022 1.80381
1  0.981827 -0.186189 0.0367327 -0.104517 -0.692056 -0.714237  0.158405  0.697418 -0.698939 -0.175713 -0.736522   1.02943 0.00135472 1 0.0788794 1.05768
1    0.98638  -0.162132  0.0277274 -0.0952079   -0.70023  -0.707541    0.13413   0.695264  -0.706129  -0.144198  -0.731914    1.03742 0.00136799 1 0.16213 1.13422
1   0.990177  -0.138248  0.0209019 -0.0822513  -0.696836  -0.712498   0.113066    0.70378  -0.701362  -0.117662  -0.743232    1.03222 0.00134956 1 0.149907 1.47795
1   0.985972  -0.164666  0.0272675 -0.0959282  -0.692752  -0.714767   0.136587   0.702125  -0.698831  -0.147325  -0.742066    1.02942 0.00138261 1 0.0707522 1.10197
1   0.985997  -0.165235   0.022537 -0.0956383  -0.670984  -0.735278   0.136616   0.722826  -0.677391  -0.147466  -0.773219    1.00576 0.00142467 1 0.274324 2.72942
1   0.990817  -0.133532  0.0212441 -0.0782412  -0.694364  -0.715358   0.110274   0.707126  -0.698436  -0.114605  -0.748134    1.02894 0.00135931 1 0.0464577 1.21961
1   0.987379  -0.155125  0.0319289 -0.0882426  -0.706251  -0.702441   0.131516   0.690757  -0.711026  -0.142363  -0.724964    1.04281 0.00137593 1 0.0191443 1.21393
1   0.990604  -0.135234  0.0203741 -0.0789935  -0.687408  -0.721963   0.111639    0.71357  -0.691632  -0.116346  -0.757776    1.02145 0.00138888 1 0.115432 1.02561
1    0.99059  -0.135309  0.0205732 -0.0806773  -0.698715  -0.710837   0.110557   0.702488  -0.703056  -0.114679  -0.741249    1.03402 0.00134872 1 0.174057 1.27451
1   0.990776  -0.134568  0.0159616 -0.0821569   -0.69017  -0.718968   0.107766   0.711025  -0.694859  -0.110675  -0.753872    1.02501 0.00136672 1 0.111774 0.998835
1  0.991066 -0.131778 0.0205398 -0.077444 -0.694004 -0.715793   0.10858  0.707808  -0.69801 -0.112561 -0.749236   1.02838 0.00137262 1 0.185741 1.0323
1  0.985407 -0.168358 0.0250901 -0.100063 -0.692192 -0.714743    0.1377  0.701802 -0.698937 -0.147845 -0.741622   1.02958 0.00141384 1 0.0774665 0.969658
1   0.991389  -0.130012  0.0156327 -0.0802162   -0.69732  -0.712257   0.103503    0.70487  -0.701745  -0.105597  -0.744731    1.03259 0.00138194 1 0.0640866 0.96402
1   0.986453  -0.161045  0.0312289 -0.0925666  -0.703616  -0.704525   0.135434    0.69209  -0.708992  -0.146523  -0.727134    1.04064 0.001365 1 0.139151 0.973542
1   0.985845  -0.165119   0.029061 -0.0966698  -0.701447  -0.706135   0.136981   0.693331   -0.70748  -0.147614  -0.729252    1.03893 0.0013695 1 0.112314 0.953129
1  0.981421 -0.188248 0.0370778 -0.106822  -0.69664 -0.709423  0.159377  0.692283 -0.703807  -0.17653 -0.729185   1.03483 0.00134981 1 0.12302 0.966198
1   0.986617  -0.159895  0.0319322 -0.0906143  -0.700497  -0.707879   0.135555   0.695512  -0.705611  -0.146942  -0.732129     1.0369 0.00136229 1 0.0489119 0.982176
1   0.986633  -0.159853  0.0316498 -0.0914388  -0.703846  -0.704443   0.134884   0.692133  -0.709054  -0.145934  -0.727195    1.04065 0.0013595 1 0.107108 1.67694
1   0.987976  -0.152072  0.0278839 -0.0871568  -0.696782  -0.711968     0.1277   0.700977  -0.701658  -0.137255  -0.739753    1.03255 0.00139139 1 0.11782 1.18846
1     0.9908   -0.13384  0.0200527 -0.0799219  -0.698237  -0.711391   0.109214   0.703244   -0.70251  -0.113027  -0.742467    1.03341 0.00135438 1 0.0499833 0.960998
1   0.986489  -0.160457  0.0330525 -0.0907304  -0.703092  -0.705287   0.136407   0.692759  -0.708151  -0.148075  -0.728194    1.03972 0.00137084 1 0.114761 0.983725
1    0.99038  -0.136334  0.0236862 -0.0790181  -0.697719  -0.712001   0.113596   0.703279  -0.701779    -0.1189  -0.742476    1.03266 0.00135718 1 0.137859 1.25091
1  0.981806 -0.186061   0.03793  -0.10438 -0.695679 -0.710729  0.158626  0.693838 -0.702443 -0.175962 -0.731359   1.03336 0.00135322 1 0.111781 1.00004
1  0.981842   -0.1872  0.030704 -0.108752 -0.688064 -0.717455  0.155434  0.701088 -0.695928 -0.171012 -0.742195   1.02618 0.00138365 1 0.0882783 0.986491
1  0.981491 -0.187948 0.0367571 -0.106556 -0.695433 -0.710647  0.159127  0.693577 -0.702588 -0.176151 -0.731102   1.03341 0.0013538 1 0.132436 0.969537
1  0.986777 -0.158931 0.0318233 -0.090522 -0.703237 -0.705169  0.134452  0.692964 -0.708325 -0.145569 -0.728344   1.03986 0.00135973 1 0.0770828 0.946761
1   0.989977   -0.13936  0.0229144 -0.0824847  -0.702226   -0.70716   0.114641   0.698182  -0.706682  -0.119758  -0.735061    1.03806 0.00136837 1 0.105172 0.947796
1  0.984387 -0.174222 0.0250905 -0.102014 -0.680849 -0.725285  0.143444  0.711401 -0.687992 -0.155194 -0.756686   1.01747 0.00137821 1 0.138947 0.965857
1   0.990405  -0.136837  0.0193357 -0.0823113  -0.696484  -0.712836   0.111009   0.704405  -0.701064  -0.115013  -0.744292    1.03191 0.00135968 1 0.0640598 0.960415
1   0.986594  -0.160389  0.0301318 -0.0919542  -0.698887  -0.709296   0.134822   0.697017  -0.704266  -0.145741  -0.734318     1.0354 0.00136203 1 0.137603 0.992338
1   0.986537  -0.160867  0.0294257 -0.0929435  -0.699582  -0.708482   0.134557   0.696209  -0.705115  -0.145222  -0.733102    1.03636 0.00136333 1 0.125344 0.969683
1   0.98131 -0.188961 0.0363787 -0.107256 -0.694053 -0.711889  0.159768  0.694683 -0.701349 -0.176937 -0.732768   1.03209 0.00134464 1 0.116435 0.93567
1   0.987007  -0.158003   0.029188 -0.0914844   -0.70196  -0.706317   0.132089   0.694469  -0.707294  -0.142383  -0.730452    1.03876 0.00136353 1 0.0296821 0.990346
1   0.986349  -0.161773    0.03075 -0.0941149  -0.707052  -0.700871   0.135124   0.688409  -0.712625    -0.1456  -0.721863    1.04432 0.00139895 1 0.166704 1.11052
1   0.97965 -0.196984 0.0385126 -0.113547 -0.702129 -0.702938  0.165508   0.68426 -0.710208 -0.183381 -0.717858    1.0418 0.00139138 1 0.0410442 0.96955
1  0.981095 -0.190413 0.0345618  -0.11034 -0.697107 -0.708425  0.158987  0.691219 -0.704939   -0.1752 -0.727687   1.03605 0.00137505 1 0.05963 0.950944
1   0.991291  -0.130167   0.019951 -0.0767155   -0.69396  -0.715915   0.107034    0.70815  -0.697902  -0.110672  -0.749523     1.0284 0.00136055 1 0.0546411 1.05214
1   0.990585  -0.135184  0.0216114 -0.0801322  -0.700544  -0.709096   0.110998   0.700688  -0.704781  -0.115418  -0.738555    1.03594 0.00135165 1 0.0906361 1.04083
1   0.990307  -0.137137  0.0220478 -0.0814673  -0.702039  -0.707464   0.112498    0.69881  -0.706406  -0.117018  -0.735997    1.03772 0.00135364 1 0.181691 1.40847
1   0.986624  -0.159945   0.031466 -0.0907234   -0.69915  -0.709196   0.135432   0.696855  -0.704309    -0.1468  -0.734039     1.0354 0.00136672 1 0.0767409 0.945591
1   0.986935   -0.15902  0.0259333 -0.0944121  -0.701202  -0.706684   0.130562   0.695003  -0.707054  -0.139654  -0.731259    1.03847 0.00138943 1 0.081762 1.02035
1   0.986757     -0.159  0.0320838 -0.0895654  -0.699007  -0.709484   0.135235   0.697214  -0.703991  -0.146752  -0.734358    1.03512 0.00137644 1 0.0840446 0.964013
1  0.979471 -0.197763 0.0390671 -0.110506 -0.688838 -0.716443  0.168597  0.697418 -0.696551 -0.187867 -0.737106   1.02689 0.00141333 1 0.473976 2.34002
1  0.983876 -0.176999 0.0256918  -0.10478 -0.686834 -0.719222  0.144948  0.704933 -0.694305  -0.15655 -0.747249    1.0244 0.00139593 1 0.076424 0.962072
1  0.990294 -0.137404 0.0209482 -0.082432 -0.701956 -0.707434  0.111909   0.69884 -0.706469 -0.116288 -0.736038    1.0378 0.00136293 1 0.0621791 0.966636
1     0.9859  -0.163945  0.0335019 -0.0933094  -0.704827  -0.703216   0.138902   0.690175  -0.710187   -0.15075  -0.724608    1.04189 0.00137325 1 0.0434324 0.978854
1  0.986295 -0.162136 0.0305559 -0.092568 -0.697093  -0.71098  0.136576  0.698408 -0.702548  -0.14785 -0.736488   1.03357 0.00136647 1 0.0793368 0.947854
1   0.990656  -0.134764  0.0209456 -0.0792748  -0.693977   -0.71562   0.110976   0.707273  -0.698176  -0.115421  -0.748225    1.02872 0.0013571 1 0.132445 0.978574
1   0.990874  -0.134288  0.0116438 -0.0831912  -0.677234   -0.73105   0.106056    0.72341  -0.682225  -0.108248  -0.772429    1.01097 0.0014572 1 0.180499 2.55734
1   0.990381  -0.136313  0.0237514 -0.0787957  -0.696724  -0.712998   0.113739   0.704268  -0.700763  -0.119257  -0.743996    1.03147 0.00137015 1 0.0600826 0.986718
1   0.985585  -0.167162  0.0260767 -0.0972048  -0.685656  -0.721407   0.138471   0.708472  -0.692021  -0.149536  -0.752263    1.02188 0.00139192 1 0.0359932 1.02005
1   0.986105  -0.163616  0.0287355 -0.0945734  -0.695144  -0.712622   0.136572   0.700003  -0.700959  -0.147558  -0.738838    1.03181 0.00137164 1 0.101343 1.02481
1   0.986601   -0.16054  0.0290798 -0.0929647  -0.699639  -0.708422   0.134075   0.696227  -0.705189  -0.144535  -0.733245    1.03636 0.00136605 1 0.137974 1.11416
1    0.98696  -0.158261  0.0293915 -0.0908383  -0.698347  -0.709972   0.132886   0.698044  -0.703617  -0.143442   -0.73559    1.03472 0.00137012 1 0.0924262 0.972065
1   0.97872   -0.2023  0.034389 -0.116193 -0.684479 -0.719713  0.169137  0.700402 -0.693419 -0.187933 -0.742042   1.02343 0.0014844 1 0.429805 2.26775
1   0.984993  -0.170646  0.0258492 -0.0998891  -0.685777  -0.720925    0.14075   0.707524  -0.692531  -0.152091  -0.750858    1.02246 0.00137552 1 0.107851 1.00369
1   0.990793  -0.134191  0.0179406 -0.0810621  -0.694144  -0.715257   0.108434   0.707217  -0.698631  -0.111725  -0.748269    1.02915 0.00135709 1 0.124187 0.943985
1   0.990289  -0.137253  0.0221308 -0.0796993  -0.690893  -0.718551   0.113913   0.709809  -0.695123  -0.119353  -0.752116    1.02544 0.00138947 1 0.115488 1.09658
1   0.986705  -0.159349  0.0319445 -0.0916842  -0.708076  -0.700158   0.134189   0.687921  -0.713273   -0.14502  -0.720907    1.04524 0.00136908 1 0.0921178 1.01099
1   0.986766  -0.159328  0.0301198 -0.0919632  -0.702893  -0.705326   0.133549   0.693221  -0.708243  -0.144146  -0.728719    1.03972 0.00136161 1 0.122445 0.996657
1   0.990331  -0.137202  0.0204975 -0.0816537  -0.695965  -0.713418   0.112148   0.704846  -0.700439  -0.116616  -0.744896    1.03109 0.00135737 1 0.0991289 0.990042
1   0.990559  -0.135354  0.0217404 -0.0802909  -0.701352  -0.708279   0.111116   0.699846  -0.705598    -0.1155  -0.737386    1.03672 0.00135709 1 0.409563 3.12111
1  0.985244 -0.170052 0.0194182 -0.101843 -0.673643 -0.732007   0.13756  0.719227 -0.681021 -0.147413 -0.768213   1.00978 0.0014267 1 0.210183 2.70505
1  0.990545 -0.135856 0.0190891 -0.082612  -0.70176 -0.707607  0.109529   0.69934 -0.706348 -0.112941 -0.736549   1.03764 0.0013704 1 0.12062 1.10523
1   0.986368  -0.162192  0.0277734 -0.0937255   -0.69248  -0.715323   0.135252   0.702969  -0.698242  -0.145816  -0.743035    1.02875 0.00139139 1 0.0722729 0.992058
1  0.982077 -0.184969 0.0362223 -0.103613 -0.690345 -0.716023  0.157448  0.699436 -0.697136 -0.174503 -0.739483   1.02743 0.00136825 1 0.126696 1.42825
1   0.986266   -0.16282  0.0277471 -0.0943895  -0.693477  -0.714269   0.135539    0.70184  -0.699321  -0.146216  -0.741648    1.02998 0.00137727 1 0.0911187 1.07584
1   0.986777  -0.160777  0.0205185 -0.0943024  -0.672472   -0.73409   0.131823   0.722449  -0.678742  -0.141188   -0.77249    1.00717 0.00144671 1 0.367132 2.39642
1   0.990303  -0.137308  0.0211236 -0.0817514   -0.69892  -0.710512   0.112322   0.701895  -0.703368   -0.11681  -0.740448    1.03435 0.0013487 1 0.102817 1.03738
1   0.984879  -0.171138  0.0269243 -0.0994263  -0.685638  -0.721121   0.141871    0.70754  -0.692286  -0.153565  -0.750795     1.0222 0.00137807 1 0.0412713 0.971281
1   0.987092  -0.157467  0.0292011 -0.0916013  -0.704685  -0.703583   0.131368   0.691826  -0.710013  -0.141433  -0.726639    1.04169 0.00137072 1 0.0845998 0.929171
1   0.990574  -0.135125   0.022459 -0.0795295  -0.700836  -0.708876   0.111527   0.700408  -0.704976  -0.116409  -0.738106    1.03617 0.00137571 1 0.0838985 1.03615
1   0.986287  -0.162217  0.0303979 -0.0929731  -0.698283  -0.709759   0.136361     0.6972  -0.703789  -0.147589  -0.734739    1.03485 0.00136292 1 0.0469586 0.951785
1  0.981354 -0.188835 0.0358691 -0.107323 -0.693135 -0.712773  0.159459  0.695633 -0.700477 -0.176556 -0.733942   1.03117 0.00135938 1 0.17131 1.1716
1   0.986913  -0.158224  0.0311208 -0.0901941  -0.701607  -0.706833   0.133672   0.694776  -0.706695   -0.14464  -0.730866    1.03805 0.00136106 1 0.0920168 0.96551
1  0.982362 -0.183517 0.0358649 -0.104335 -0.697125 -0.709317  0.155174  0.693064 -0.703977 -0.171302 -0.729901   1.03508 0.00139734 1 0.0783085 0.992546
1   0.986801  -0.158705  0.0322092 -0.0901051   -0.70336    -0.7051   0.134557   0.692891  -0.708376  -0.145816  -0.728141    1.03986 0.00136303 1 0.103351 0.975702
1  0.982272 -0.184028 0.0357108 -0.104467 -0.695546 -0.710847  0.155654  0.694514  -0.70244 -0.172074 -0.732293   1.03338 0.00137662 1 0.0632121 0.987332
1   0.990289  -0.136941  0.0239911 -0.0791309   -0.69708  -0.712613    0.11431   0.703794  -0.701147  -0.119689  -0.743096    1.03195 0.00137597 1 0.0476701 1.17751
1   0.988073   -0.15053  0.0324433 -0.0862484  -0.715542  -0.693225   0.127565   0.682159   -0.71999  -0.137369  -0.711897    1.05267 0.00145888 1 0.0935535 1.00674
1   0.991061  -0.131984  0.0194486 -0.0783331  -0.693703  -0.715989   0.107991   0.708065  -0.697841  -0.111733  -0.749474    1.02829 0.00135251 1 0.146074 1.24562
1   0.991209    -0.1308  0.0199235 -0.0780483  -0.699637  -0.710223   0.106836   0.702424  -0.703695  -0.110285  -0.741071    1.03477 0.00136061 1 0.11713 0.981887
1   0.986734  -0.159046  0.0325733 -0.0903772  -0.704809  -0.703616   0.134866   0.691338  -0.709833  -0.146158   -0.72605    1.04148 0.00136442 1 0.150735 1.33973
1   0.985972  -0.164163  0.0301663 -0.0948692   -0.69988  -0.707932   0.137329   0.695139  -0.705636  -0.148393  -0.731851    1.03694 0.00136588 1 0.108585 0.949331
1   0.986368  -0.161931  0.0292832 -0.0942712  -0.701906  -0.706004   0.134878   0.693619  -0.707602   -0.14543  -0.729462    1.03906 0.00136337 1 0.132243 1.17954
1  0.990419 -0.136598 0.0202807 -0.081203 -0.694861 -0.714545  0.111697  0.706052 -0.699296 -0.115959 -0.746359   1.03001 0.00136943 1 0.111648 0.950195
1   0.990665  -0.134677  0.0211085 -0.0796894  -0.697759  -0.711887   0.110604   0.703559  -0.701977  -0.114975   -0.74295    1.03281 0.00135352 1 0.0724411 0.940913
1  0.984696 -0.172062 0.0277222 -0.100243 -0.689286 -0.717521  0.142567  0.703761 -0.695985 -0.154414 -0.745365   1.02635 0.00138283 1 0.0161946 1.09418
1   0.989654  -0.142946  0.0122756 -0.0883614  -0.674679  -0.732804   0.113034   0.724138  -0.680329  -0.116309   -0.77384    1.00894 0.00148821 1 0.0520203 0.977303
1    0.98611  -0.163809  0.0274409 -0.0955256  -0.694513  -0.713111   0.135872   0.700584  -0.700514  -0.146474  -0.739927    1.03118 0.00138718 1 0.110136 1.17035
1    0.98644  -0.161494  0.0292615 -0.0933015  -0.698467  -0.709534   0.135024   0.697183  -0.704063  -0.145787  -0.734678    1.03522 0.00136253 1 0.106491 0.950527
1   0.990692  -0.134024  0.0237919 -0.0773391  -0.698053  -0.711857   0.112014   0.703391  -0.701921  -0.117212  -0.742608    1.03271 0.00136394 1 0.0985551 1.10778
1   0.986226  -0.162403  0.0313643 -0.0927763  -0.700131  -0.707961   0.136934     0.6953  -0.705554  -0.148288  -0.731998    1.03677 0.00136155 1 0.180763 1.12801
1   0.986937  -0.158664  0.0279443 -0.0907472  -0.690812  -0.717317   0.133116   0.705411  -0.696186  -0.143701  -0.746547    1.02656 0.00139612 1 0.039951 1.09263
1   0.986593  -0.160268  0.0308018 -0.0933383  -0.708934  -0.699072   0.133875   0.686824  -0.714388  -0.144296  -0.719302    1.04651 0.00138186 1 0.113148 1.26607
1  0.991173 -0.131154 0.0193627 -0.077723  -0.69317 -0.716572  0.107403  0.708742 -0.697245 -0.110934 -0.750403   1.02763 0.00136051 1 0.0922745 1.07238
1    0.99016  -0.138444  0.0203923 -0.0819965  -0.692077  -0.717151   0.113398   0.708422  -0.696619  -0.118084  -0.750098    1.02703 0.00136102 1 0.140402 1.02581
1   0.987171  -0.156852  0.0298526 -0.0894311  -0.698059  -0.710434   0.132272    0.69865  -0.703131  -0.142996  -0.736501    1.03416 0.00136819 1 0.105387 1.03449
1   0.986352  -0.162006  0.0293765 -0.0942318  -0.701764  -0.706149   0.135016   0.693744  -0.707453  -0.145601  -0.729682    1.03888 0.00136263 1 0.13698 1.00171
1   0.990945  -0.133151  0.0173014 -0.0800296  -0.689176  -0.720161   0.107814   0.712255  -0.693591  -0.111183   -0.75568    1.02364 0.00136184 1 0.166264 1.1301
1    0.99094  -0.132755   0.020367 -0.0784974   -0.69551  -0.714215   0.108981   0.706145   -0.69963   -0.11296  -0.746588     1.0303 0.00135531 1 0.106548 1.00899
1   0.986556  -0.160194  0.0323254 -0.0924221  -0.710043  -0.698067   0.134779   0.685694  -0.715303  -0.145616  -0.718078    1.04735 0.00140205 1 0.0838419 1.01155
1   0.990264  -0.137496  0.0217208 -0.0814691  -0.698988  -0.710478    0.11287   0.701791  -0.703384  -0.117573  -0.740274    1.03447 0.0013525 1 0.175587 1.07923
1   0.990365  -0.137057  0.0198101 -0.0825934  -0.699424  -0.709918   0.111155   0.701442  -0.704005  -0.115154  -0.739809    1.03507 0.00134895 1 0.0949605 1.02193
