1   0.983207  -0.178205  0.0393403 -0.0996258  -0.704734  -0.702442   0.152903   0.686727  -0.710653  -0.169517   -0.72015    1.04237 0.00141837 1 0.0275941 0.311259
1  0.990414 -0.137029 0.0174178 -0.082884 -0.690415 -0.718649  0.110501  0.710317 -0.695154 -0.113962 -0.752679   1.02548 0.00139352 1 0.0673843 0.260879
1   0.986194  -0.163432  0.0266877 -0.0973305   -0.70245  -0.705047   0.133974   0.692715  -0.708658  -0.143616  -0.728286    1.04012 0.00138238 1 0.0505413 0.265341
1   0.990879  -0.133048  0.0213696 -0.0773581  -0.691485  -0.718237   0.110337   0.710033  -0.695471  -0.115066   -0.75197    1.02578 0.00139939 1 0.0348223 0.275806
1   0.987531  -0.154077   0.032305 -0.0858809  -0.699242  -0.709708   0.131939   0.698084  -0.703755  -0.143278  -0.735618    1.03485 0.00137526 1 0.00146078 0.320902
1   0.986376  -0.161653  0.0304956 -0.0933924  -0.702888  -0.705142   0.135423   0.692688   -0.70841  -0.146264  -0.727984    1.03996 0.00136135 1 0.120294 0.27598
1   0.990379  -0.136861  0.0204771 -0.0817727  -0.698155  -0.711262    0.11164   0.702744  -0.702629  -0.115917  -0.741735    1.03355 0.0013475 1 0.290911 0.571221
1   0.985316  -0.167948  0.0307389 -0.0949766  -0.688757  -0.718745   0.141883   0.705271  -0.694594  -0.154598  -0.747304    1.02468 0.00139063 1 0.141998 0.366755
1   0.988236  -0.148997  0.0345026 -0.0817395  -0.705227  -0.704254   0.129264   0.693149  -0.709109  -0.140516  -0.728115    1.04064 0.00139215 1 0.0238131 0.272436
1   0.990925  -0.133887  0.0118957 -0.0849902  -0.692666  -0.716234   0.104134   0.708723  -0.697759   -0.10543  -0.750491    1.02821 0.00141437 1 0.393314 0.589349
1      0.987  -0.157607  0.0314635 -0.0891033  -0.699542  -0.709015   0.133756   0.696994  -0.704491  -0.145023  -0.734068    1.03573 0.00136821 1 0.105742 0.25931
1    0.99111  -0.130912  0.0237272 -0.0751595  -0.698078  -0.712067   0.109781   0.703953  -0.701711  -0.114899  -0.743397    1.03252 0.00136673 1 0.127641 0.268864
1   0.986317  -0.162751  0.0262791 -0.0972375  -0.703038  -0.704473   0.133129   0.692278  -0.709244  -0.142612  -0.727377    1.04085 0.00139355 1 0.063876 0.259251
1   0.990575  -0.134541  0.0256678 -0.0756774  -0.693814  -0.716167   0.114163   0.707475  -0.697457  -0.120372  -0.748457    1.02786 0.00140179 1 0.0316352 0.281233
1   0.990639  -0.135185  0.0189503 -0.0795604  -0.684589  -0.724574   0.110925   0.716284  -0.688936  -0.115444  -0.761428    1.01861 0.00140373 1 0.164836 0.286468
1   0.991211  -0.130702  0.0204554 -0.0766576   -0.69347  -0.716395    0.10782   0.708531  -0.697395  -0.111822  -0.750014    1.02777 0.00136186 1 0.165782 0.266505
1   0.990952  -0.131817  0.0252655 -0.0740977  -0.694259  -0.715901   0.111909   0.707552  -0.697744  -0.117669  -0.748462     1.0282 0.00139674 1 0.0225749 0.266596
0   0.992235  -0.123816  0.0117741 -0.0757428  -0.676634  -0.732413  0.0986513   0.725834  -0.680759 -0.0998511  -0.776062    1.00918 0.00159276 0.997947 0.0442502 0.268409
1   0.986197  -0.163321  0.0272391 -0.0969122  -0.702746  -0.704809   0.134252   0.692441  -0.708874  -0.143985  -0.727931    1.04039 0.00138084 1 0.126913 0.287669
1   0.986407  -0.162151  0.0266159 -0.0958537  -0.699366  -0.708307   0.133467   0.696128  -0.705403  -0.143087  -0.733127     1.0366 0.00137842 1 0.138082 0.26108
1  0.986213 -0.162652 0.0304493  -0.09344 -0.699239 -0.708755  0.136572  0.696139 -0.704797 -0.147758 -0.733216   1.03592 0.00136353 1 0.106547 0.260043
1   0.990822   -0.13462  0.0121996 -0.0844299  -0.686834  -0.721893   0.105561   0.714238  -0.691897  -0.107515  -0.758646     1.0217 0.00140631 1 0.0619902 0.277632
1  0.985402 -0.168664 0.0231396 -0.100296 -0.684973 -0.721632  0.137563  0.708777  -0.69189 -0.147838 -0.752642   1.02177 0.00139984 1 0.135784 0.293974
1   0.991117  -0.131287   0.021246 -0.0768995  -0.696056  -0.713857   0.108508   0.705882  -0.699969  -0.112687  -0.746274    1.03062 0.00135514 1 0.145661 0.383271
1   0.990736  -0.134602  0.0179921 -0.0800673  -0.686001  -0.723182   0.109684   0.715042  -0.690423  -0.113716  -0.759711    1.02021 0.00138271 1 0.086031 0.335476
1   0.986898  -0.158644  0.0293904 -0.0915045  -0.700377  -0.707883   0.132886   0.695919  -0.705718  -0.143286  -0.732604    1.03693 0.00136849 1 0.0922149 0.261918
1   0.985491  -0.167653  0.0264698 -0.0967778  -0.683157  -0.723831   0.139435   0.710767   -0.68947  -0.151108  -0.755542    1.01905 0.00138589 1 0.0865115 0.267704
1   0.991093  -0.131719  0.0196236 -0.0779833  -0.693476  -0.716247   0.107952   0.708337  -0.697571  -0.112039  -0.749843    1.02799 0.00136692 1 0.103795 0.268476
1  0.984449 -0.173814 0.0254621 -0.101724 -0.682208 -0.724047   0.14322  0.710198  -0.68928 -0.155035 -0.754905   1.01891 0.00137634 1 0.123214 0.284108
1  0.984551 -0.173631 0.0226232 -0.102655 -0.677043 -0.728749   0.14185  0.715168 -0.684407 -0.153068  -0.76215   1.01356 0.0013986 1 0.285824 0.362002
1  0.985762 -0.166137 0.0259053 -0.100013 -0.703184 -0.703938  0.135166  0.691325 -0.709788 -0.144731 -0.726237   1.04147 0.00139758 1 0.0515247 0.263248
1  0.981424 -0.188347 0.0364929 -0.106297 -0.692195  -0.71384   0.15971  0.696701 -0.699357 -0.177028  -0.73577   1.02978 0.00135562 1 0.0179175 0.268866
1  0.985367 -0.168501 0.0256918 -0.101396 -0.700634 -0.706279  0.137009  0.693339 -0.707467 -0.146799 -0.729412   1.03893 0.00139644 1 0.113747 0.269101
1  0.990897 -0.133793 0.0149091 -0.082053 -0.688048 -0.721012  0.106724  0.713225 -0.692763 -0.109398 -0.757225    1.0227 0.00137509 1 0.0869349 0.269778
1  0.988608 -0.147842 0.0282196 -0.083566 -0.695094 -0.714046  0.125181  0.703553  -0.69953 -0.134567 -0.743294   1.03019 0.00141345 1 0.0240164 0.29391
1   0.990611  -0.134829  0.0226104 -0.0772741  -0.688647  -0.720967   0.112778   0.712451    -0.6926  -0.118242  -0.755987    1.02249 0.00139363 1 0.0562729 0.272379
1   0.986549  -0.160703  0.0299337 -0.0919789  -0.697098  -0.711052   0.135135   0.698734  -0.702502   -0.14617  -0.736909    1.03348 0.00136429 1 0.0756722 0.292758
1   0.987561  -0.154484  0.0292818 -0.0881955  -0.698425  -0.710228    0.13017   0.698812  -0.703362  -0.140369    -0.7369    1.03435 0.00139324 1 0.114549 0.283515
1   0.990783  -0.134447  0.0165285 -0.0816023  -0.689792  -0.719394   0.108122   0.711415  -0.694405  -0.111278   -0.75447    1.02445 0.00136794 1 0.204035 0.291387
1   0.98052 -0.194191 0.0295159 -0.115402 -0.691133 -0.713454  0.158946   0.69615  -0.70008 -0.174313 -0.735104   1.03082 0.00141629 1 0.0906596 0.268746
1   0.986163  -0.163244  0.0288663 -0.0957052  -0.702807  -0.704913    0.13536   0.692397  -0.708706  -0.145691  -0.727767    1.04025 0.00136797 1 0.106472 0.26125
1    0.9863 -0.161636 0.0329634 -0.090459 -0.697039 -0.711304  0.137949  0.698577 -0.702111 -0.150167  -0.73665   1.03312 0.00138127 1 0.0821171 0.285933
1   0.986149  -0.164204  0.0233989 -0.0951107  -0.675406  -0.731287   0.135884   0.718933  -0.681668  -0.146267  -0.767453    1.01041 0.00142604 1 0.0824207 0.27308
1   0.991003  -0.132622  0.0179897 -0.0790566  -0.688528  -0.720888   0.107992    0.71298  -0.692818   -0.11152  -0.756747    1.02271 0.0013716 1 0.0343455 0.257063
1   0.990426  -0.135746   0.025069 -0.0781435  -0.701048   -0.70882   0.113794   0.700075  -0.704944  -0.119392  -0.737887    1.03604 0.00137028 1 0.139143 0.283818
1  0.981276 -0.188965 0.0372718 -0.106601 -0.694011 -0.712029  0.160416  0.694724  -0.70116 -0.177985 -0.732626   1.03194 0.00135925 1 0.148747 0.282719
1   0.986349  -0.162024  0.0294022 -0.0929982  -0.695447  -0.712534   0.135895   0.700073  -0.701021  -0.146822  -0.738977    1.03186 0.00137467 1 0.0957853 0.26811
0   0.991649   -0.12639  0.0256288 -0.0724305  -0.710267  -0.700196   0.106701   0.692492  -0.713491  -0.111371  -0.726459    1.04538 0.00141835 1 0.0985379 0.248092
1   0.986383    -0.1617  0.0300317 -0.0933367  -0.700723  -0.707301   0.135415   0.694867  -0.706274  -0.146259  -0.731308     1.0376 0.00136005 1 0.132699 0.267823
1   0.990134  -0.138411  0.0218485 -0.0813788   -0.69493  -0.714458   0.114072   0.705631  -0.699337  -0.118998  -0.745964    1.02992 0.00136122 1 0.081707 0.286659
1   0.988499  -0.150558  0.0142177 -0.0928121  -0.678206  -0.728987   0.119397   0.719284   -0.68438  -0.125179  -0.767113    1.01348 0.00154474 1 0.0620895 0.270213
1   0.986196   -0.16253  0.0316473 -0.0920374  -0.696944  -0.711195   0.137647   0.698465  -0.702282  -0.149241  -0.736774    1.03321 0.00138967 1 0.0483728 0.284164
1   0.986318  -0.161942  0.0308539 -0.0923065  -0.697574  -0.710542   0.136589   0.697972  -0.702978   -0.14796  -0.735749    1.03401 0.00136717 1 0.0985261 0.285073
1   0.986514  -0.160922  0.0299005 -0.0937054  -0.705061  -0.702928   0.134198   0.690647  -0.710632  -0.144707  -0.724957    1.04239 0.00136694 1 0.148963 0.265863
1   0.987225  -0.157858  0.0216293 -0.0941127   -0.68726  -0.720289   0.128569   0.709051  -0.693337  -0.137144  -0.752531    1.02332 0.00141861 1 0.157184 0.267422
1   0.991398  -0.129917  0.0158766 -0.0783943  -0.686562  -0.722833   0.104809    0.71537  -0.690841  -0.107585  -0.760077    1.02074 0.00139376 1 0.088785 0.27249
1   0.991061  -0.131261  0.0238544 -0.0756258  -0.700043  -0.710085   0.109906   0.701933  -0.703712  -0.114845  -0.740241     1.0348 0.00137332 1 0.142006 0.271091
1   0.987633  -0.154707  0.0254216 -0.0894518  -0.689202  -0.719027   0.128759   0.707861  -0.694518  -0.137876  -0.750005    1.02469 0.00144588 1 0.107918 0.27584
1  0.981184 -0.190082 0.0338759  -0.10818 -0.686552 -0.718987  0.159924  0.701794 -0.694197 -0.176923 -0.743226   1.02414 0.00137195 1 0.115308 0.27961
1   0.990458  -0.135911  0.0228294 -0.0789943  -0.695615  -0.714058   0.112929   0.705441  -0.699714  -0.117976  -0.745595    1.03043 0.0013598 1 0.0348632 0.284724
1  0.981112 -0.189488 0.0388958 -0.106497 -0.696975 -0.709143  0.161483  0.691607 -0.703991 -0.179249 -0.728202   1.03501 0.00135353 1 0.14075 0.277074
1  0.984563  -0.17364   0.02201 -0.103445 -0.678708 -0.727086   0.14119  0.713585 -0.686193 -0.151921 -0.759849   1.01547 0.00140024 1 0.429929 0.566803
1    0.98615  -0.162461  0.0333842 -0.0913879  -0.700227  -0.708047   0.138407   0.695189  -0.705376  -0.150779  -0.731892    1.03658 0.00137912 1 0.0626745 0.276455
1  0.988219 -0.150338  0.028651 -0.085623 -0.698271 -0.710695   0.12685  0.699869 -0.702917 -0.136359  -0.73815   1.03383 0.00140179 1 0.119833 0.279045
1   0.990677  -0.134396  0.0222752 -0.0786105  -0.697513  -0.712247   0.111261   0.703856  -0.701575  -0.115972  -0.743115    1.03238 0.00136229 1 0.121529 0.277981
1   0.986832  -0.159108  0.0290929 -0.0913302   -0.69658  -0.711642   0.133493   0.699615  -0.701939  -0.144072  -0.737924    1.03289 0.00137713 1 0.0458584 0.283645
1   0.987793  -0.152277  0.0328105 -0.0846907  -0.701783  -0.707339   0.130737   0.695926  -0.706112   -0.14201  -0.732384    1.03745 0.00137528 1 0.146037 0.304533
1   0.985514  -0.166987  0.0296345 -0.0977125  -0.701888  -0.705554   0.138618   0.692437  -0.708037  -0.149602   -0.72794    1.03952 0.00137791 1 0.0290443 0.264689
1   0.985568   -0.16701  0.0276436 -0.0977996  -0.695039   -0.71229   0.138173   0.699306  -0.701341  -0.149045   -0.73825    1.03216 0.001385 1 0.0376086 0.258
1   0.987092  -0.157198   0.030632 -0.0901478  -0.703443  -0.705011   0.132374    0.69315  -0.708534  -0.143016  -0.728555    1.04004 0.00136408 1 0.0946252 0.273428
1   0.987068  -0.157987    0.02715 -0.0910795  -0.692096  -0.716036   0.131915   0.704304  -0.697535  -0.142089  -0.745031    1.02804 0.00139527 1 0.0166548 0.256178
1   0.986951   -0.15813  0.0303809 -0.0919054  -0.708123  -0.700083   0.132217   0.688155  -0.713415  -0.142342  -0.721265    1.04539 0.00137948 1 0.0873218 0.290558
1   0.990931  -0.133282  0.0170756 -0.0803125  -0.689351  -0.719962   0.107729   0.712061  -0.693804  -0.110923  -0.755339    1.02384 0.00136687 1 0.128484 0.282208
1   0.990287  -0.137608  0.0198812 -0.0821613  -0.694534  -0.714753   0.112164   0.706177  -0.699095  -0.116501  -0.746837    1.02965 0.00135422 1 0.176567 0.386889
1   0.990214  -0.138166   0.019677 -0.0836083  -0.700187  -0.709047   0.111744   0.700463  -0.704886  -0.115839  -0.738449    1.03607 0.00136134 1 0.169453 0.290453
1    0.98685   -0.15923  0.0277954 -0.0925279  -0.697498  -0.710588   0.132534   0.698672  -0.703059  -0.142485  -0.736632    1.03415 0.00138447 1 0.0982884 0.272083
1   0.985483  -0.166599  0.0326674 -0.0932957    -0.6922   -0.71565   0.141839   0.702213  -0.697695  -0.154662  -0.742169    1.02828 0.00141736 1 0.0262618 0.271068
1  0.982226 -0.183628 0.0388943 -0.102582 -0.698681 -0.708041  0.157191  0.691466   -0.7051 -0.174576 -0.727736   1.03625 0.00136387 1 0.128632 0.273686
1  0.986157 -0.163172 0.0294748  -0.09572  -0.70537 -0.702347  0.135394  0.689803 -0.711225 -0.145699 -0.723947   1.04309 0.00138032 1 0.0609953 0.27441
1   0.987003  -0.157965  0.0295391 -0.0912394  -0.702138  -0.706171   0.132291   0.694298  -0.707425  -0.142647  -0.730247    1.03884 0.00136353 1 0.142145 0.291412
1    0.98699  -0.157743  0.0311062 -0.0908814  -0.706951  -0.701399   0.132632   0.689447  -0.712089  -0.143207  -0.723079    1.04396 0.00136809 1 0.101434 0.271329
1   0.990137   -0.13803  0.0240273 -0.0802652  -0.699397  -0.710212   0.114835   0.701278  -0.703578  -0.120377  -0.739607    1.03461 0.00136667 1 0.0415242 0.648017
1   0.991432  -0.129176  0.0194092 -0.0779563  -0.704333  -0.705576   0.104814   0.698017  -0.708368  -0.107615   -0.73461    1.03992 0.00139558 1 0.172296 0.271288
1   0.990058  -0.140428 0.00812305 -0.0910535  -0.683828  -0.723939   0.107216   0.716002  -0.689816  -0.108479  -0.761183    1.01948 0.00150631 1 0.266431 0.563011
1   0.986227  -0.162613  0.0302067 -0.0931846  -0.697189  -0.710806   0.136646   0.698201   -0.70274  -0.147906  -0.736238    1.03369 0.00136638 1 0.138172 0.27177
1    0.98782  -0.154207  0.0208052 -0.0941633  -0.698855  -0.709038   0.123878   0.698442  -0.704864  -0.130573  -0.735991    1.03605 0.00147507 1 0.168276 0.288092
1   0.984971  -0.172565 0.00729953  -0.112428  -0.672655  -0.731366   0.131118   0.719553  -0.681947  -0.136735  -0.768766    1.01068 0.00159794 0.997947 0.228176 0.617004
1   0.987081  -0.157418  0.0298357 -0.0913777   -0.70607  -0.702221   0.131609   0.690423  -0.711333  -0.141637  -0.724511     1.0432 0.00138163 1 0.0862348 0.281119
1  0.984332 -0.173977 0.0286695 -0.101277 -0.690958 -0.715765  0.144336  0.701647 -0.697752 -0.156547 -0.742585   1.02819 0.00140235 1 0.0694385 0.278252
1   0.991049  -0.132154  0.0188765 -0.0788517  -0.693601  -0.716031   0.107719   0.708134  -0.697813  -0.111278  -0.749598    1.02827 0.00135233 1 0.0707788 0.283641
1   0.990183  -0.138233  0.0207187 -0.0828467   -0.69979  -0.709528   0.112579   0.700847  -0.704372  -0.116906  -0.738962    1.03549 0.00135023 1 0.103837 0.272481
1    0.98724  -0.157368  0.0243543 -0.0914004   -0.68522  -0.722578   0.130399   0.711132   -0.69086  -0.139969  -0.755345    1.02063 0.00140064 1 0.127913 0.260925
1   0.985644  -0.165169  0.0350001 -0.0899833  -0.689303  -0.718863    0.14286   0.705394   -0.69427  -0.156477  -0.747018    1.02442 0.00145269 1 0.00105767 0.2674
1  0.981608 -0.187717 0.0347567 -0.105828 -0.686582 -0.719309   0.15889  0.702402  -0.69382 -0.176175 -0.743753   1.02378 0.00140181 1 0.0258202 0.273048
1    0.98841  -0.148942  0.0293626 -0.0840822  -0.698152  -0.710995   0.126397   0.700286  -0.702584  -0.136495  -0.738789    1.03357 0.00140869 1 0.185039 0.337146
1   0.985933  -0.165119  0.0259288 -0.0963879  -0.688422  -0.718877    0.13655   0.706265  -0.694654  -0.147062  -0.748243    1.02474 0.00140919 1 0.14767 0.274664
1  0.981011 -0.189981 0.0390447  -0.10755  -0.70038 -0.705621    0.1614  0.688023 -0.707513 -0.179154 -0.722941   1.03892 0.00136525 1 0.111711 0.285884
1  0.986775 -0.158663 0.0331727  -0.09023  -0.70768 -0.700748  0.134658  0.688487 -0.712638 -0.145893 -0.721807   1.04448 0.00136826 1 0.248738 0.269515
1   0.986549  -0.160562  0.0306797 -0.0911845  -0.696301  -0.711934   0.135672    0.69956  -0.701576   -0.14694  -0.738053    1.03245 0.00137099 1 0.0518111 0.290557
1   0.987092  -0.157442  0.0293557 -0.0916554  -0.705646  -0.702612   0.131335   0.690852  -0.710967  -0.141279  -0.725065    1.04278 0.00138108 1 0.0940319 0.266833
1  0.981175 -0.189487 0.0372744 -0.108176 -0.699161 -0.706733  0.159978  0.689397 -0.706498 -0.176938  -0.72487   1.03776 0.0013683 1 0.132 0.30078
1    0.98614  -0.163424  0.0286275 -0.0952763  -0.699062  -0.708685   0.135829   0.696136  -0.704944  -0.146307  -0.733292    1.03614 0.00136845 1 0.0656599 0.272738
1  0.986815  -0.15855 0.0325313 -0.088132 -0.694955 -0.713631  0.135754  0.701355 -0.699766 -0.147706 -0.740753   1.03059 0.00139979 1 0.0503767 0.265751
1   0.989911  -0.139818  0.0229501 -0.0833206  -0.705441  -0.703854   0.114602    0.69484  -0.709974  -0.119498  -0.730071    1.04158 0.00137577 1 0.0429816 0.281043
1   0.985689  -0.165301  0.0330705 -0.0957312  -0.710351  -0.697307   0.138757   0.684162  -0.716009  -0.150054  -0.715827     1.0482 0.00139029 1 0.0440478 0.629827
1   0.986956  -0.158819  0.0263431 -0.0925818  -0.693798  -0.714194   0.131704   0.702439  -0.699452  -0.141433  -0.742239     1.0301 0.00139187 1 0.0552462 0.25937
1   0.987985  -0.150747  0.0340611 -0.0823678  -0.700095  -0.709283   0.130768   0.697956  -0.704101   -0.14246  -0.735098    1.03524 0.00138801 1 0.0661744 0.270878
1  0.981175 -0.190621 0.0309579 -0.108837  -0.67824 -0.726736  0.159528  0.709686 -0.686219 -0.176162 -0.754858   1.01556 0.00140439 1 0.519858 0.662386
1   0.986525  -0.160973  0.0292653 -0.0916234   -0.69174   -0.71631   0.135551   0.703976  -0.697168  -0.146826  -0.744672    1.02766 0.00138755 1 0.0440622 0.268859
1  0.983249 -0.179351 0.0324648  -0.10359 -0.696442 -0.710097  0.149967  0.694839 -0.703356 -0.164578 -0.732094   1.03434 0.00144399 1 0.00867701 0.276645
1   0.990403  -0.136397  0.0222979 -0.0794663  -0.693999  -0.715577   0.113077   0.706938  -0.698178  -0.118211  -0.747667    1.02865 0.0013766 1 0.11663 0.26126
1   0.990764  -0.134094  0.0201509 -0.0803111  -0.700018  -0.709594   0.109258   0.701422  -0.704322  -0.112953  -0.739603    1.03542 0.00135919 1 0.0445791 0.294775
1   0.986205  -0.161682  0.0354692 -0.0897399  -0.702305  -0.706197   0.139089   0.693272  -0.707127  -0.151919  -0.729063    1.03849 0.00138473 1 0.0750027 0.275628
1     0.9867  -0.159349  0.0321093 -0.0897631  -0.698815  -0.709648    0.13552   0.697327  -0.703825  -0.147051  -0.734905    1.03487 0.00137625 1 0.141002 0.306813
1   0.991092    -0.1324  0.0143893 -0.0823601  -0.694222  -0.715033    0.10466   0.707478  -0.698943  -0.106594  -0.748545    1.02941 0.00139188 1 0.0597582 0.268576
1   0.985858  -0.164798  0.0304126 -0.0942655  -0.695389  -0.712424   0.138555   0.699482   -0.70109  -0.150228  -0.738414     1.0319 0.00138354 1 0.0982429 0.266775
1   0.986864  -0.159328  0.0267287 -0.0939819  -0.700752  -0.707188   0.131405   0.695386   -0.70652  -0.140747  -0.731869    1.03779 0.00139074 1 0.0444069 0.262916
1   0.986306  -0.161575  0.0330639 -0.0920224  -0.705529  -0.702681   0.136863   0.690017  -0.710736  -0.148388  -0.724135    1.04245 0.00136509 1 0.231287 0.286319
1  0.985153 -0.170203 0.0224797 -0.100469 -0.677733 -0.728412  0.139213  0.715338 -0.684771 -0.149916 -0.762503    1.0139 0.00139616 1 0.0509841 0.279249
0   0.991863  -0.125678  0.0202986 -0.0724123  -0.688095  -0.721998   0.104707   0.714654  -0.691597  -0.108774  -0.758878     1.0217 0.00144634 1 0.0805468 0.278781
