1  0.986442 -0.161443 0.0294759 -0.092953 -0.697657 -0.710376  0.135249  0.698005 -0.703204 -0.146194 -0.736004   1.03417 0.00137546 1 0.0918576 0.349232
1   0.985734   -0.16573  0.0293724 -0.0968233  -0.701094  -0.706465   0.137676   0.693543  -0.707138  -0.148527  -0.729363    1.03867 0.00138331 1 0.113205 0.345657
1   0.986863  -0.159193  0.0275625 -0.0927481  -0.697916  -0.710149   0.132287   0.698263  -0.703512  -0.142474  -0.735889    1.03452 0.0014001 1 0.0343988 0.347662
1   0.990277  -0.137581  0.0205464 -0.0820788  -0.697149  -0.712212    0.11231   0.703601  -0.701664  -0.116731  -0.742982    1.03253 0.00134762 1 0.141566 0.594644
1    0.98623   -0.16254  0.0305177 -0.0934221  -0.699814  -0.708189   0.136466   0.695586  -0.705363  -0.147574  -0.732608    1.03661 0.00137845 1 0.0486276 0.343061
1   0.990918  -0.132893  0.0205229 -0.0795715  -0.702537  -0.707185   0.108398   0.699129  -0.706731  -0.112083  -0.736291    1.03799 0.00136061 1 0.11704 0.565396
1   0.989256  -0.144972   0.018876 -0.0891296  -0.700404   -0.70816   0.115884   0.698869    -0.7058  -0.120258   -0.73625    1.03698 0.00142331 1 0.0661234 0.337993
1   0.987569  -0.154714  0.0277561 -0.0887898  -0.694802  -0.713699   0.129704   0.702363  -0.699902   -0.13961   -0.74196    1.03055 0.00139577 1 0.0799923 0.346884
1   0.984645  -0.172437  0.0271808 -0.0992494  -0.681082  -0.725449   0.143607   0.711613  -0.687739  -0.155941  -0.756854    1.01723 0.00138075 1 0.053648 0.364002
1   0.987973  -0.151556  0.0306716 -0.0849357  -0.697653  -0.711383   0.129212   0.700222  -0.702135   -0.13996  -0.738598    1.03312 0.00138274 1 0.0428236 0.348379
1   0.985827  -0.165332  0.0284527 -0.0965275  -0.697724  -0.709834    0.13721   0.697027  -0.703794  -0.147903  -0.734636    1.03485 0.00137143 1 0.0466113 0.348208
1   0.987335  -0.156915  0.0234083 -0.0917756  -0.685249  -0.722503   0.129412   0.711204  -0.690971  -0.138712  -0.755434    1.02073 0.00140372 1 0.0768831 0.325104
1   0.986165  -0.162862  0.0309026 -0.0933056  -0.699436  -0.708579   0.137015   0.695892  -0.704955  -0.148316  -0.732886    1.03607 0.00136544 1 0.0344316 0.348269
1   0.987608  -0.154251  0.0289196 -0.0882835  -0.698401   -0.71024   0.129753   0.698886  -0.703365  -0.139672  -0.736834    1.03438 0.00138924 1 0.0949168 0.343797
1    0.99048  -0.135667  0.0233317 -0.0786701  -0.696942    -0.7128   0.112964   0.704178   -0.70098  -0.118221  -0.743668    1.03178 0.00136109 1 0.122397 0.365467
0     0.990928    -0.134392 -0.000666187   -0.0903621     -0.66259    -0.743511    0.0994808     0.736826    -0.668723   -0.0981053    -0.792352      0.99588 0.0016307 0.989733 0.386917 0.891138
1   0.986336  -0.161859  0.0306923 -0.0927873  -0.699744  -0.708343   0.136129   0.695816  -0.705201  -0.147295  -0.732936    1.03637 0.00138031 1 0.0257515 0.354172
1  0.990752 -0.134514  0.017765 -0.080243  -0.68647 -0.722717  0.109411  0.714609 -0.690915 -0.113338 -0.759143   1.02073 0.00138122 1 0.0751616 0.330394
1     0.9866  -0.161085  0.0259254 -0.0958417  -0.700775  -0.706915   0.132041   0.694957  -0.706824  -0.141374  -0.731374    1.03818 0.00138209 1 0.154142 0.365745
1  0.981722  -0.18711 0.0348005 -0.106966 -0.693704 -0.712273  0.157414  0.695532  -0.70104 -0.174129 -0.733583   1.03181 0.00139003 1 0.112672 0.33551
1  0.986559  -0.15993 0.0335239 -0.090846 -0.707344 -0.701008  0.135825   0.68854 -0.712365  -0.14751 -0.721863   1.04431 0.00138683 1 0.393289 0.677113
1   0.990831  -0.133307  0.0219756 -0.0785567  -0.700774  -0.709045   0.109921   0.700817  -0.704821  -0.114324  -0.738822    1.03591 0.00135487 1 0.131337 0.464381
1   0.986655  -0.161553  0.0203245 -0.0984164  -0.691137  -0.715992   0.129718   0.704436  -0.697813  -0.137633  -0.745146    1.02829 0.00145517 1 0.083529 0.338504
1  0.989368 -0.142235 0.0303312 -0.079562 -0.703934 -0.705795   0.12174  0.695878 -0.707766 -0.130909 -0.731894    1.0392 0.00142884 1 0.0242747 0.360946
1   0.990858  -0.133166   0.021612 -0.0772567  -0.691428  -0.718303   0.110596   0.710066  -0.695395  -0.115255  -0.752495    1.02558 0.00136877 1 0.0988089 0.348013
1   0.987067  -0.157895  0.0277036 -0.0943035  -0.711674  -0.696151   0.129635   0.684535  -0.717361  -0.138539  -0.716203    1.04974 0.0014514 1 0.441224 0.620224
1  0.986748 -0.158812 0.0332611 -0.089548 -0.703955 -0.704577  0.135309  0.692262 -0.708848 -0.146851 -0.727251   1.04042 0.00136433 1 0.126597 0.421679
1   0.987154  -0.157061  0.0293195 -0.0913227  -0.705227  -0.703075   0.131102   0.691366  -0.710511  -0.140984  -0.726122    1.04216 0.00139434 1 0.0752474 0.364044
1  0.984273 -0.174404  0.028109 -0.103487 -0.698215 -0.708369  0.143168  0.694319 -0.705283 -0.154595 -0.732012   1.03628 0.00146774 1 0.0838603 0.344604
1   0.986203  -0.162897  0.0294747 -0.0942138  -0.698703  -0.709181   0.136118   0.696619   -0.70441   -0.14709   -0.73395    1.03559 0.00136486 1 0.101429 0.351968
1  0.985069 -0.170561 0.0233992 -0.100688 -0.681026 -0.725303  0.139644  0.712118 -0.688032 -0.150577 -0.757686   1.01745 0.00138848 1 0.143014 0.386926
1   0.990766  -0.134395  0.0179289 -0.0806631  -0.690542   -0.71878   0.108981   0.710696  -0.695006  -0.112518  -0.753186    1.02526 0.0013732 1 0.0732892 0.345415
1   0.987776  -0.152577  0.0319117 -0.0858095  -0.703154  -0.705841   0.130134   0.694474  -0.707652  -0.140864  -0.730087    1.03902 0.0013923 1 0.03091 0.356
1   0.987602  -0.154628  0.0270683 -0.0881952  -0.689196  -0.719188   0.129862   0.707884  -0.694288  -0.139824  -0.750354    1.02433 0.00140538 1 0.16125 0.354628
1   0.985843   -0.16539  0.0275483 -0.0970395  -0.696799  -0.710672   0.136734   0.697938  -0.702984  -0.147304  -0.736027    1.03399 0.00137194 1 0.180135 0.380479
1   0.986985   -0.15796  0.0301646 -0.0912626  -0.704619  -0.703692    0.13241   0.691781  -0.709864  -0.142775  -0.726646    1.04144 0.00137203 1 0.189803 0.375401
1   0.986727  -0.159165  0.0321918 -0.0905715  -0.703964  -0.704437   0.134783   0.692171  -0.709036   -0.14603  -0.727193     1.0406 0.00136156 1 0.214899 0.432584
1   0.986523  -0.160888  0.0297812 -0.0926294  -0.699201  -0.708899   0.134876   0.696587  -0.704681  -0.145725  -0.733809    1.03589 0.00136189 1 0.137205 0.355706
1   0.985937   -0.16428  0.0306503 -0.0939677  -0.696651   -0.71123   0.138193   0.698348  -0.702291  -0.149752  -0.736632    1.03318 0.00137486 1 0.0428258 0.335525
1   0.985916  -0.164154  0.0319757 -0.0939775  -0.701954  -0.705994   0.138337   0.693047  -0.707495  -0.149944  -0.728843    1.03894 0.00136682 1 0.0585396 0.339061
1   0.986379  -0.161306  0.0322104 -0.0904857  -0.695626  -0.712683   0.137367    0.70006  -0.700747  -0.149368  -0.738783    1.03153 0.00138284 1 0.111051 0.34172
1  0.981159 -0.187508 0.0465535 -0.102288 -0.708574 -0.698183  0.163901  0.680267 -0.714404 -0.183191 -0.711053   1.04631 0.00142909 1 0.0596041 0.343426
1   0.990613  -0.135102  0.0207986 -0.0799126  -0.695826  -0.713751   0.110902   0.705389  -0.700091   -0.11534  -0.745527    1.03077 0.00135124 1 0.0589868 0.352482
1   0.990853  -0.132733  0.0243474 -0.0760905  -0.698529  -0.711524    0.11145   0.703163   -0.70224  -0.116716  -0.742268    1.03309 0.00136563 1 0.168948 0.349344
1   0.986418  -0.161498   0.029965 -0.0928412  -0.698688  -0.709377   0.135499    0.69696  -0.704192  -0.146441  -0.734323     1.0353 0.00136163 1 0.171575 0.343476
1   0.988395  -0.147778   0.035177 -0.0806981  -0.706989  -0.702605   0.128699   0.691613   -0.71071  -0.140302  -0.726159    1.04248 0.0014441 1 0.00892243 0.334394
1   0.987078  -0.157435  0.0298378 -0.0910294  -0.704187  -0.704155    0.13187   0.692341  -0.709419  -0.142001  -0.727425    1.04103 0.00137805 1 0.131441 0.474534
1   0.986616  -0.159936  0.0317695 -0.0911064  -0.702267   -0.70606   0.135235   0.693715   -0.70744  -0.146452  -0.729493    1.03887 0.00135881 1 0.12666 0.374544
1   0.985955  -0.165403   0.023131 -0.0959864  -0.674532  -0.731979   0.136674   0.719478  -0.680934  -0.147057  -0.768165    1.00961 0.00144101 1 0.142584 0.341795
1   0.988022  -0.153456  0.0162188 -0.0937233  -0.680267  -0.726947   0.122587    0.71672  -0.686501  -0.129523  -0.763494    1.01585 0.00148513 1 0.126597 0.355823
1   0.987257  -0.155823  0.0322784 -0.0862476  -0.694426  -0.714376   0.133731   0.702489  -0.699017  -0.145439  -0.741899    1.02965 0.00140366 1 0.0762491 0.331775
1   0.988253  -0.149207  0.0330784 -0.0829339   -0.70537  -0.703971    0.12837   0.692958  -0.709458  -0.138883  -0.727831    1.04107 0.0014027 1 0.0493402 0.361811
1   0.986268  -0.161748  0.0333687 -0.0917634   -0.70468  -0.703567   0.137315   0.690843  -0.709845  -0.149285  -0.725668     1.0414 0.00139763 1 0.12564 0.336623
1   0.98485 -0.171806 0.0235338 -0.101541 -0.681357 -0.724874  0.140573  0.711502  -0.68848 -0.151553  -0.75672   1.01795 0.00138693 1 0.0147205 0.336078
1  0.986138  -0.16344 0.0286344 -0.096192 -0.703718 -0.703938  0.135202  0.691425 -0.709684 -0.145378 -0.726094   1.04136 0.00138795 1 0.0525833 0.330515
1  0.986681  -0.16028 0.0277576 -0.092933 -0.695485 -0.712505  0.133506  0.700436 -0.701118 -0.143727 -0.739384   1.03191 0.00137829 1 0.0740191 0.336321
1  0.981069 -0.189973 0.0376088 -0.107338 -0.695056 -0.710898  0.161192  0.693403 -0.702289 -0.178774 -0.730837   1.03313 0.00135086 1 0.156375 0.400668
1   0.990553  -0.134731  0.0255572 -0.0767339  -0.699018  -0.710975   0.113655   0.702297  -0.702753  -0.119368  -0.741008    1.03367 0.00137317 1 0.00566986 0.351292
1   0.990482  -0.135319  0.0251755 -0.0781594  -0.703515  -0.706369   0.113296   0.697678  -0.707396   -0.11876  -0.734363     1.0387 0.00137191 1 0.193332 0.357638
1   0.986409  -0.161181  0.0318901 -0.0919669  -0.702461  -0.705755   0.136156   0.693231  -0.707738   -0.14748  -0.728785    1.03922 0.00135893 1 0.0901284 0.463757
1   0.990088  -0.138614  0.0226438 -0.0812227  -0.696604  -0.712844   0.114584   0.703939  -0.700957  -0.119788  -0.743196    1.03176 0.00139638 1 0.0462206 0.350081
1   0.990392  -0.136212  0.0238911 -0.0788792   -0.69831  -0.711436    0.11359   0.702715  -0.702345  -0.118995  -0.741689    1.03322 0.00136178 1 0.0771744 0.350576
1   0.986026  -0.164021   0.029152 -0.0953392  -0.699089   -0.70865   0.136614   0.695968  -0.704957  -0.147497  -0.732974    1.03622 0.00136859 1 0.144437 0.368799
1   0.986739  -0.159206     0.0316 -0.0902738  -0.700095   -0.70832   0.134892   0.696075  -0.705183  -0.146089  -0.732931    1.03631 0.00137153 1 0.0566363 0.357258
1   0.985819  -0.165887  0.0253551 -0.0984054  -0.693833   -0.71338   0.135933   0.700769  -0.700318  -0.146049  -0.740039     1.0312 0.00140093 1 0.168619 0.353383
1   0.989263  -0.144209  0.0236979 -0.0842678  -0.695353  -0.713711   0.119402   0.704051  -0.700039   -0.12584  -0.743767    1.03082 0.00144603 1 0.104691 0.348452
1   0.990725  -0.133918  0.0230371 -0.0781133  -0.699993  -0.709865    0.11119   0.701481  -0.703961  -0.116026  -0.739671    1.03499 0.00135929 1 0.15313 0.345773
1   0.987348   -0.15497  0.0335816 -0.0892309   -0.71808  -0.690217   0.131077   0.678488  -0.722823  -0.141457  -0.706818    1.05562 0.00143635 1 0.0800438 0.722865
1    0.99091  -0.132996  0.0202337 -0.0785135  -0.693881  -0.715797   0.109238   0.707702  -0.698015  -0.113395  -0.748767    1.02847 0.00136503 1 0.0790132 0.340802
1   0.986579  -0.160956  0.0274889 -0.0930493  -0.692519  -0.715373    0.13418   0.703214  -0.698202  -0.144542  -0.743492    1.02867 0.00139235 1 0.0561839 0.348402
1    0.98837  -0.151826 0.00854883 -0.0968883  -0.672066  -0.734125   0.117205   0.724759  -0.678961  -0.120185  -0.775553    1.00734 0.00163047 0.995893 0.123008 0.618202
1   0.991137  -0.131386  0.0196214 -0.0781978  -0.696436  -0.713346   0.107388   0.705489  -0.700537  -0.111002  -0.745567    1.03124 0.00135788 1 0.0595029 0.364752
1   0.990422  -0.136896  0.0180179 -0.0822531  -0.689769  -0.719342   0.110903    0.71097  -0.694422  -0.114856  -0.753824    1.02463 0.00136768 1 0.0985166 0.348427
1  0.989269 -0.145147  0.016724  -0.08969 -0.693643 -0.714714  0.115339  0.705544 -0.699217 -0.119295 -0.746337   1.02977 0.00142256 1 0.0472271 0.329565
1  0.986239 -0.162812 0.0287362 -0.093078 -0.690439 -0.717377  0.136638   0.70483 -0.696092 -0.147826  -0.74594    1.0265 0.00139196 1 0.141225 0.341207
1   0.985512  -0.165998  0.0347997 -0.0960549  -0.715361  -0.692121   0.139785   0.678751  -0.720942  -0.151443  -0.707705    1.05339 0.00145632 1 0.00905509 0.364709
1  0.985131 -0.170014 0.0247452 -0.100074 -0.684915 -0.721718   0.13965   0.70851 -0.691745 -0.150446 -0.752336   1.02159 0.00139137 1 0.0835445 0.352927
1  0.990488 -0.135306 0.0250221  -0.07846 -0.704752 -0.705102  0.113039  0.696432 -0.708664 -0.118412 -0.732516   1.04016 0.00137326 1 0.0873752 0.85535
1  0.981361 -0.187957 0.0400329  -0.10596 -0.703018 -0.703234  0.160321  0.685884 -0.709831 -0.177839 -0.719584   1.04139 0.00137504 1 0.127632 0.328352
1   0.986765   -0.15926  0.0305278 -0.0916234  -0.702901  -0.705362   0.133794   0.693229  -0.708189  -0.144557  -0.728783    1.03974 0.00136068 1 0.184477 0.487776
1  0.986848 -0.158556 0.0314908 -0.090732 -0.704508 -0.703872  0.133789  0.691758 -0.709628 -0.144576  -0.72651    1.0413 0.0013654 1 0.148399 0.372299
1   0.990506  -0.136017  0.0199465 -0.0808258  -0.693566  -0.715845   0.111202   0.707436  -0.697975  -0.115539  -0.748567    1.02846 0.0013531 1 0.0433132 0.345937
1   0.990707  -0.134858  0.0176777 -0.0817669  -0.694399  -0.714929   0.108689    0.70684  -0.698973  -0.112019  -0.747912    1.02948 0.00136685 1 0.0480234 0.359759
1   0.990798  -0.133899  0.0197451 -0.0792377  -0.692119  -0.717421   0.109728   0.709255   -0.69636  -0.113993  -0.751321    1.02673 0.00136318 1 0.129903 0.34191
1   0.986595  -0.160306  0.0305411 -0.0917415  -0.699617  -0.708604   0.134961   0.696303  -0.704946  -0.145967   -0.73318    1.03617 0.00136307 1 0.0314397 0.336836
1  0.982048 -0.183423   0.04401 -0.100395 -0.705777 -0.701284  0.159693  0.684277 -0.711522 -0.178073 -0.717587   1.04297 0.00146432 1 0.112164 0.336728
1  0.989606 -0.142969 0.0155144 -0.088985 -0.693517 -0.714923  0.112972  0.706111 -0.699031 -0.116299 -0.746837   1.02964 0.0013958 1 0.102185 0.325345
1   0.990461  -0.136339  0.0199702 -0.0806656  -0.691201  -0.718146   0.111715   0.709685  -0.695606  -0.116431  -0.751812     1.0259 0.00138114 1 0.023926 0.344899
1   0.990185  -0.138117  0.0213869 -0.0826026  -0.701763  -0.707605   0.112741   0.698893  -0.706284  -0.117215  -0.736059    1.03761 0.00135427 1 0.149593 0.331466
1    0.98664  -0.160619  0.0272548 -0.0944904  -0.700467  -0.707402   0.132713   0.695376  -0.706286  -0.142617  -0.732194    1.03763 0.00139118 1 0.0882073 0.344206
1   0.990741  -0.133604  0.0241357 -0.0765044  -0.696249  -0.713711   0.112159   0.705256  -0.700024  -0.117685  -0.745167    1.03072 0.0013775 1 0.0284319 0.349554
1   0.98453 -0.173004 0.0277373 -0.101194 -0.690677 -0.716048  0.143037  0.702164   -0.6975 -0.154797 -0.743047   1.02796 0.00138209 1 0.0123942 0.356328
1   0.990551  -0.135393  0.0218705 -0.0795179  -0.696894  -0.712753   0.111743   0.704278  -0.701075  -0.116438  -0.743904    1.03187 0.00135022 1 0.0788876 0.3497
1   0.986603  -0.160272  0.0304421 -0.0917479  -0.699414  -0.708804   0.134893   0.696515  -0.704748  -0.145935  -0.733436    1.03593 0.00136799 1 0.108738 0.35605
1  0.981387 -0.188871 0.0347467 -0.107584 -0.690589 -0.715201  0.159076  0.698151 -0.698054 -0.176066 -0.737832   1.02843 0.00135235 1 0.0502285 0.335877
1   0.990058  -0.139404  0.0187635 -0.0825421  -0.683804  -0.724982   0.113896   0.716226  -0.688512  -0.118742  -0.761518    1.01807 0.00141895 1 0.0828565 0.334538
1   0.988449  -0.148596  0.0298138 -0.0842414  -0.702212  -0.706967   0.125988   0.696288  -0.706618  -0.135649  -0.732782    1.03787 0.00140056 1 0.121351 0.343303
1   0.986295   -0.16251  0.0285164 -0.0958271  -0.704909  -0.702795   0.134313    0.69043  -0.710821  -0.144218  -0.724251    1.04254 0.00146611 1 0.100789 0.3495
1   0.98471 -0.171936 0.0280134 -0.100956 -0.694297 -0.712573  0.141966  0.698849 -0.701039 -0.153526 -0.737898   1.03193 0.00139644 1 0.0364958 0.346479
1   0.986306  -0.162149  0.0301362 -0.0933943   -0.69973  -0.708277   0.135933   0.695763  -0.705291  -0.146882  -0.732666    1.03657 0.0013638 1 0.120728 0.344231
1  0.985072 -0.169959 0.0273366 -0.100844 -0.698445 -0.708524  0.139513   0.69519 -0.705157 -0.150154 -0.732232   1.03647 0.00140209 1 0.0359105 0.347196
1   0.990673  -0.134817  0.0197768 -0.0802349  -0.694479  -0.715025   0.110132   0.706769  -0.698819  -0.114066  -0.747523    1.02932 0.00136243 1 0.106967 0.333794
1  0.980695 -0.192019 0.0369625 -0.108303 -0.690754 -0.714933  0.162813  0.697128 -0.698215 -0.180751 -0.736385   1.02872 0.00136042 1 0.0808956 0.323814
1  0.990562 -0.134578 0.0259831  -0.07651 -0.700202 -0.709833  0.113721  0.701146 -0.703891 -0.119627 -0.739186   1.03497 0.00138331 1 0.0965299 0.332034
1   0.988385  -0.149324  0.0282476 -0.0835312  -0.689072  -0.719862   0.126958   0.709141  -0.693542  -0.136997  -0.751935    1.02351 0.00141266 1 0.00413489 0.331579
1   0.990183  -0.138384  0.0197059 -0.0815129  -0.686186  -0.722845   0.113552   0.714142  -0.690729  -0.118356   -0.75846     1.0206 0.00139402 1 0.155395 0.347675
1   0.986481  -0.160653  0.0323345 -0.0916294  -0.704327  -0.703938   0.135864   0.691458  -0.709525  -0.147146  -0.726285    1.04108 0.00136571 1 0.0724281 0.343313
1  0.981202  -0.18984 0.0347003 -0.108556 -0.691606 -0.714071  0.159558  0.696881 -0.699213 -0.176239 -0.736199   1.02978 0.00136205 1 0.102095 0.337683
1    0.98623  -0.162651  0.0299187 -0.0943311  -0.701849  -0.706052   0.135838   0.693507  -0.707528  -0.146663  -0.729337    1.03901 0.00136273 1 0.217783 0.373121
1   0.986241   -0.16346  0.0247041 -0.0967924  -0.692103  -0.715279   0.134017   0.703046  -0.698402  -0.143513  -0.743188     1.0289 0.00141998 1 0.0835086 0.343957
1   0.987137  -0.156912  0.0306318 -0.0897862  -0.702644  -0.705854    0.13228   0.694025  -0.707694  -0.142888  -0.729708    1.03922 0.0013663 1 0.0923896 0.348008
1   0.986766  -0.160862  0.0203841 -0.0971662  -0.687261  -0.719883   0.129811   0.708376  -0.693796  -0.137887  -0.751367    1.02384 0.00145121 1 0.0620513 0.35807
1  0.987465 -0.153797  0.035503  -0.08477 -0.706474 -0.702644  0.133146  0.690826 -0.710656 -0.145171 -0.724895   1.04234 0.0013901 1 0.0521075 0.329918
1   0.986597  -0.160841  0.0275144 -0.0948594  -0.702521  -0.705312   0.132773   0.693249  -0.708363  -0.142498  -0.728917    1.03982 0.00137694 1 0.0802712 0.32471
1   0.987863  -0.152887  0.0274264 -0.0882792  -0.697905  -0.710729   0.127802   0.699682  -0.702931  -0.137189  -0.737974     1.0339 0.00139407 1 0.0936267 0.325337
1   0.987587  -0.154423  0.0287192 -0.0880028  -0.695441  -0.713174   0.130103   0.701795  -0.700398  -0.140168  -0.741297    1.03109 0.00140538 1 0.0250875 0.335149
1   0.985399  -0.167704   0.029408 -0.0968854   -0.69433  -0.713105   0.140009   0.699843   -0.70044  -0.151439  -0.738864    1.03124 0.00138813 1 0.0538266 0.338696
1   0.985917  -0.164993   0.027299 -0.0979353  -0.701937  -0.705474   0.135561   0.692865   -0.70821  -0.145575  -0.728675    1.03963 0.00137968 1 0.11911 0.34944
1   0.990993  -0.132061  0.0222101 -0.0758415  -0.690157  -0.719675   0.110369   0.711508  -0.693956  -0.115359  -0.754556    1.02405 0.0013763 1 0.0769262 0.347912
1    0.98553   -0.16685  0.0298457 -0.0967563  -0.698363  -0.709173   0.139169   0.696024  -0.704402  -0.150339  -0.732887    1.03562 0.0014076 1 0.117348 0.340304
