1   0.989798  -0.139841  0.0272733 -0.0804993  -0.706838   -0.70278   0.117556   0.693415  -0.710884  -0.123935  -0.727989    1.04267 0.00143065 1 0.11853 0.391011
1  0.985892 -0.166854 0.0132791 -0.100426 -0.653118 -0.750567  0.133908  0.738645 -0.660661 -0.142924 -0.796893  0.987157 0.00158361 0.995893 0.339496 0.789632
1   0.986729     -0.159  0.0329486 -0.0895431  -0.702082  -0.706443   0.135457   0.694118  -0.707002   -0.14706  -0.730085    1.03838 0.0013654 1 0.0610115 0.388862
1   0.990537  -0.135605  0.0211683 -0.0803545  -0.698029  -0.711547   0.111265   0.703112   -0.70232   -0.11566  -0.742229    1.03321 0.00134806 1 0.0567881 0.389648
1   0.989044  -0.145484   0.025043 -0.0860157  -0.705801  -0.703169   0.119975   0.693311  -0.710582  -0.126068  -0.728085    1.04226 0.00142928 1 0.0667497 0.387956
1   0.986089  -0.164032   0.026857 -0.0959459   -0.69367  -0.713874   0.135728   0.701367  -0.699759  -0.146252  -0.741023    1.03037 0.00138816 1 0.111501 0.389216
1    0.98599   -0.16421  0.0293096 -0.0948372  -0.696412  -0.711348   0.137222   0.698602  -0.702228  -0.148261  -0.736872    1.03322 0.00136925 1 0.11981 0.448269
1   0.989325   -0.14354  0.0251481 -0.0834897  -0.699742    -0.7095   0.119439   0.699827  -0.704256  -0.125544  -0.737286    1.03531 0.00143779 1 0.211801 0.431936
1   0.986434  -0.161082  0.0316222 -0.0923797  -0.703959  -0.704208   0.135696   0.691733   -0.70929  -0.146898  -0.726693    1.04094 0.00136636 1 0.0890267 0.386411
1    0.98547  -0.167244  0.0296506 -0.0975323  -0.700104  -0.707349   0.139059   0.694179  -0.706242  -0.150128  -0.730565    1.03758 0.00137745 1 0.0382686 0.385379
1   0.986859  -0.158229  0.0327651 -0.0906209  -0.709836  -0.698513   0.133783   0.686365  -0.714847  -0.144704  -0.718627    1.04699 0.00137614 1 0.0931362 0.399962
1   0.985649  -0.166645  0.0269356 -0.0975561  -0.692539  -0.714753   0.137764   0.701868  -0.698858  -0.148735  -0.742207    1.02934 0.00140721 1 0.0725978 0.372662
1   0.990209  -0.138225  0.0194754 -0.0826694  -0.693113  -0.716072   0.112478   0.707452  -0.697754  -0.116961  -0.748582    1.02828 0.00136505 1 0.136571 0.396714
1   0.990954  -0.132747  0.0197241 -0.0770447  -0.683052  -0.726295   0.109886   0.718205    -0.6871  -0.114502  -0.764429    1.01642 0.00141789 1 0.138405 0.466612
1   0.988169  -0.150906  0.0273686 -0.0868387  -0.697623  -0.711183   0.126415   0.700392  -0.702474  -0.135727  -0.738875    1.03343 0.00139544 1 0.0627494 0.390083
1   0.986487   -0.16131  0.0286626 -0.0944194   -0.70272  -0.705174   0.133893   0.692939  -0.708455  -0.144035  -0.728457       1.04 0.00136918 1 0.0688341 0.392983
1   0.989804  -0.140748  0.0218421 -0.0848525  -0.705856  -0.703254   0.114399   0.694231  -0.710603  -0.118871  -0.729355    1.04233 0.00137598 1 0.08746 0.385416
1   0.989145  -0.145378  0.0213685 -0.0881652  -0.703523  -0.705182   0.117551   0.695644  -0.708704  -0.122243   -0.73138    1.04029 0.00139964 1 0.118568 0.380869
1  0.981514 -0.187877 0.0364905 -0.106119 -0.692905 -0.713177  0.159274  0.696121 -0.700034 -0.176367 -0.734337   1.03077 0.00140969 1 0.0315323 0.382876
1   0.987511  -0.154519  0.0307723 -0.0871845  -0.698615  -0.710167   0.131232   0.698614  -0.703361  -0.142022  -0.736471    1.03438 0.00137693 1 0.146169 0.385543
1  0.980732 -0.192753 0.0318042 -0.112399 -0.689889 -0.715136  0.159786  0.697782 -0.698261  -0.17592 -0.737631   1.02882 0.00138191 1 0.0831914 0.381174
1   0.990087  -0.139517  0.0162035 -0.0872146  -0.701115  -0.707694   0.110096   0.699266  -0.706333  -0.112918  -0.736741    1.03763 0.00138695 1 0.06255 0.381551
1   0.990733  -0.134465  0.0191744 -0.0796747  -0.689672  -0.719725   0.110002   0.711527  -0.693995  -0.114108  -0.754574    1.02409 0.00136318 1 0.104726 0.375414
1   0.985905  -0.165849  0.0220445 -0.0977763  -0.678067  -0.728467   0.135763   0.716044  -0.684726  -0.145636  -0.763163    1.01386 0.0014204 1 0.10025 0.391254
1  0.982219 -0.182637 0.0434612 -0.102185 -0.714302 -0.692337  0.157491  0.675586 -0.720264 -0.174817 -0.703846   1.05286 0.00147055 1 0.0283843 0.387119
1    0.99109  -0.132325  0.0151784 -0.0804746  -0.685717  -0.723405   0.106133   0.715738  -0.690257  -0.108841  -0.760784       1.02 0.00138284 1 0.0582588 0.402315
1   0.986238    -0.1629  0.0282541 -0.0942946  -0.694583  -0.713206   0.135806   0.700726  -0.700385  -0.146669   -0.74025    1.03111 0.00138971 1 0.130018 0.382199
1   0.986143  -0.162859  0.0315924 -0.0929892  -0.700355  -0.707712   0.137383   0.694968  -0.705794  -0.148826  -0.731593    1.03696 0.00137357 1 0.0407523 0.381482
1   0.985683  -0.166037  0.0293473 -0.0982682  -0.707137  -0.700215   0.137014   0.687306  -0.713329   -0.14751  -0.720318    1.04542 0.00140314 1 0.0830126 0.387279
1   0.987631  -0.153751   0.030764 -0.0879802  -0.705798  -0.702929   0.129789   0.691527  -0.710595  -0.139936  -0.725859    1.04233 0.00138642 1 0.0565208 0.393878
1   0.986075  -0.163367  0.0311028 -0.0950958  -0.707348   -0.70044   0.136429   0.687729  -0.713033  -0.147192  -0.720798    1.04496 0.00137786 1 0.115369 0.383991
1   0.991075  -0.131431  0.0222788 -0.0765722   -0.69808  -0.711913    0.10912   0.703853  -0.701914  -0.113501  -0.743179     1.0326 0.00138309 1 0.00223745 0.402736
1   0.985486  -0.167585  0.0270754 -0.0974332  -0.688992   -0.71819   0.139012   0.705128   -0.69532  -0.150199  -0.746952    1.02554 0.00139185 1 0.0119898 0.390528
1    0.9865 -0.160713  0.031458 -0.092137 -0.703499 -0.704699  0.135385  0.692287 -0.708809 -0.146452 -0.727403   1.04032 0.00136033 1 0.106069 0.388133
1    0.98995  -0.140163   0.018825 -0.0850239  -0.696242  -0.712754   0.113008    0.70399  -0.701161  -0.117094  -0.743464    1.03198 0.00137128 1 0.162402 0.582147
1   0.991099  -0.132133  0.0162412 -0.0803144   -0.69075  -0.718619   0.106172   0.710919  -0.695214  -0.109038  -0.753831    1.02533 0.00137252 1 0.106276 0.393733
1   0.986625  -0.160263  0.0297887 -0.0922828  -0.699787  -0.708365    0.13437   0.696142  -0.705217  -0.145138  -0.733119    1.03644 0.00136111 1 0.0853394 0.383352
1   0.989852  -0.140661  0.0202088 -0.0846428  -0.697828  -0.711247   0.114147   0.702318  -0.702652  -0.118584  -0.741064    1.03369 0.00137065 1 0.139671 0.391584
1   0.987557  -0.154783  0.0278004 -0.0874924  -0.687673   -0.72073   0.130675   0.709329  -0.692659  -0.141093  -0.752588    1.02257 0.00139786 1 0.119506 0.372849
0   0.991802   -0.12592  0.0217591 -0.0726874  -0.695966  -0.714387   0.105099   0.706948  -0.699413  -0.109108  -0.747604       1.03 0.00138198 1 0.116411 0.389391
1   0.990813   -0.13438  0.0151862 -0.0811488  -0.680613  -0.728135   0.108183   0.720213  -0.685266  -0.111468  -0.767412     1.0146 0.00141943 1 0.027843 0.388429
1   0.989478  -0.144172  0.0121898 -0.0905685  -0.682879  -0.724896   0.112834   0.716164  -0.688751  -0.115629  -0.761772    1.01818 0.00147449 1 0.223838 0.786243
1   0.990186  -0.138583  0.0180749 -0.0838022  -0.692258  -0.716768   0.111844   0.708218  -0.697078  -0.115758  -0.749678    1.02754 0.00136359 1 0.12521 0.37829
1  0.980321 -0.194871  0.031572 -0.113152 -0.685718 -0.719018  0.161765  0.701296 -0.694274 -0.178205 -0.742742   1.02436 0.00138669 1 0.0668299 0.377584
1   0.986556  -0.160586  0.0303057 -0.0931622  -0.705018  -0.703044   0.134265   0.690769  -0.710501  -0.144855  -0.725184    1.04228 0.00136496 1 0.140665 0.383947
1   0.987037   -0.15852   0.025074 -0.0924788  -0.689458  -0.718397   0.131168   0.706766  -0.695181  -0.140722   -0.74832    1.02548 0.00142587 1 0.077224 0.406984
1   0.986078  -0.163537  0.0300878 -0.0949234  -0.702183  -0.705641   0.136526   0.692961  -0.707931   -0.14739  -0.728775    1.03932 0.00137301 1 0.0878522 0.395037
1   0.987932  -0.151698  0.0312666 -0.0851192    -0.7004  -0.708657   0.129401   0.697444   -0.70486  -0.140068  -0.734463    1.03602 0.00138739 1 0.0356595 0.387511
1   0.984857  -0.170918  0.0290363 -0.0975582  -0.684828  -0.722145   0.143312   0.708377  -0.691132  -0.155861  -0.752149    1.02088 0.00138018 1 0.13041 0.369457
1   0.991378  -0.129287  0.0213311 -0.0755603  -0.697045  -0.713035   0.107055   0.705275  -0.700804  -0.111165  -0.745209    1.03151 0.00136593 1 0.00924646 0.402895
1  0.983899 -0.176542 0.0278523 -0.102377 -0.684448 -0.721838  0.146498  0.707364 -0.691502 -0.159156 -0.751081   1.02121 0.00140661 1 0.0782442 0.391979
1   0.989936  -0.139689    0.02268 -0.0827604  -0.701436  -0.707911   0.114796   0.698909  -0.705938  -0.119716  -0.736261    1.03719 0.00136275 1 0.0926593 0.38219
1  0.984289 -0.174297 0.0282208 -0.101746 -0.690526 -0.716116  0.144304  0.701993 -0.697411 -0.156382 -0.742851   1.02766 0.00140595 1 0.112801 0.411689
1   0.987166  -0.156412  0.0322234 -0.0896839  -0.709932  -0.698536   0.132136   0.686681  -0.714849  -0.142707  -0.718936    1.04701 0.00138966 1 0.123788 0.408565
1   0.987775  -0.152931  0.0302081 -0.0859899  -0.696182  -0.712696   0.130024   0.701386  -0.700822  -0.140547  -0.740322    1.03159 0.00139 1 0.0482945 0.396838
1   0.986584  -0.160918  0.0275378 -0.0946602  -0.701277  -0.706577   0.133012    0.69449  -0.707101   -0.14289   -0.73072    1.03837 0.00138098 1 0.12961 0.382296
1    0.99103  -0.131354   0.024624 -0.0752532  -0.700756   -0.70942    0.11044   0.701204  -0.704355  -0.115218  -0.739213    1.03559 0.00141316 1 0.111433 0.386965
1   0.986647  -0.159482  0.0330602 -0.0909915  -0.708083  -0.700242   0.135086   0.687884  -0.713139  -0.146332  -0.721012    1.04511 0.00137279 1 0.12236 0.385035
1   0.985677   -0.16601   0.029697 -0.0971895  -0.703074  -0.704444   0.137824   0.691468  -0.709138  -0.148686  -0.726697    1.04065 0.0013792 1 0.0738814 0.376851
1  0.981706 -0.185672 0.0421873 -0.102718 -0.703001 -0.703732  0.160321  0.686525 -0.709212 -0.178639 -0.720608   1.04072 0.00137942 1 0.0797781 0.39078
1   0.986275  -0.163418   0.023592 -0.0971145  -0.689703  -0.717551   0.133532   0.705411  -0.696107  -0.143118  -0.746984     1.0265 0.00140712 1 0.0950585 0.526976
1  0.990647 -0.134889 0.0205975  -0.08045 -0.699299 -0.710288  0.110214  0.701987  -0.70361  -0.11431 -0.740501   1.03466 0.00134897 1 0.0708381 0.390208
1   0.985992  -0.165048  0.0240491 -0.0981983  -0.690985  -0.716168    0.13482   0.703774  -0.697514  -0.144358  -0.744313    1.02798 0.00142068 1 0.167044 0.489336
1   0.986427  -0.160696  0.0337406 -0.0907372  -0.704728  -0.703651   0.136852   0.691039  -0.709744  -0.148636  -0.725624    1.04141 0.00136803 1 0.0122955 0.393209
1   0.991089  -0.130749  0.0254534 -0.0728031  -0.691725  -0.718482   0.111547   0.710226   -0.69508  -0.117743  -0.752424     1.0253 0.00140512 1 0.180612 0.364576
1    0.98662   -0.16004  0.0311171 -0.0909411  -0.698623  -0.709687   0.135318   0.697362  -0.703829  -0.146586  -0.734904    1.03488 0.00136754 1 0.152299 0.543564
1  0.982022 -0.185591 0.0344852 -0.107432   -0.6997 -0.706313  0.155215   0.68991 -0.707059 -0.171002  -0.72585   1.03839 0.00141395 1 0.0669158 0.377232
1   0.987257  -0.156139  0.0307221 -0.0885483  -0.699428  -0.709197   0.132221   0.697439  -0.704341  -0.143015  -0.734418     1.0356 0.00139678 1 0.0816056 0.39273
1   0.987312  -0.155864  0.0303447 -0.0883496  -0.697997   -0.71063   0.131942   0.698932  -0.702912  -0.142512  -0.736959    1.03394 0.00138837 1 0.0497256 0.385168
1   0.990481  -0.135968  0.0214346 -0.0832412  -0.715698  -0.693431   0.109625   0.685046  -0.720204  -0.112777  -0.715857    1.05263 0.00146153 1 0.0923942 0.407243
1   0.984933  -0.170371  0.0296664 -0.0977726  -0.690097  -0.717082   0.142643   0.703377  -0.696358  -0.154922    -0.7444    1.02675 0.00138953 1 0.20516 0.523017
1   0.990015  -0.139499  0.0202602 -0.0823299  -0.688884  -0.720181   0.114422   0.711322  -0.693491  -0.119258  -0.754284    1.02352 0.00138926 1 0.100247 0.397091
1   0.986817  -0.158919  0.0305987 -0.0907085  -0.699705   -0.70865   0.134028   0.696533  -0.704896  -0.145094  -0.733556    1.03618 0.00136608 1 0.0755145 0.390997
1  0.987304 -0.156492 0.0272348 -0.090734  -0.69634 -0.711953   0.13038  0.700443 -0.701698 -0.139955  -0.73911   1.03259 0.0013968 1 0.064523 0.402461
1   0.990578  -0.135285  0.0213112 -0.0793873  -0.694011  -0.715575   0.111597    0.70714  -0.698211  -0.116166  -0.748043    1.02875 0.00135843 1 0.178167 0.438139
1   0.986779  -0.159958  0.0260735 -0.0940721  -0.696315  -0.711545   0.131972   0.699685  -0.702157  -0.141535  -0.738216    1.03315 0.00138501 1 0.0854555 0.386761
1   0.989845  -0.140277  0.0229893 -0.0823942  -0.697982   -0.71136   0.115834   0.702242  -0.702452  -0.121063  -0.740948    1.03337 0.00137648 1 0.146708 0.404907
1   0.990457  -0.137445  0.0101389 -0.0864623  -0.676982  -0.730904   0.107323   0.723052  -0.682405  -0.109247  -0.772135    1.01115 0.00148029 1 0.283194 0.949843
1   0.991157   -0.13139  0.0185398 -0.0783318  -0.692149  -0.717491   0.107103   0.709694  -0.696321   -0.11029  -0.751684    1.02675 0.00139788 1 0.0764428 0.373673
1   0.991483  -0.128727  0.0197815 -0.0766964   -0.69986   -0.71015    0.10526   0.702584  -0.703772  -0.108286  -0.741457    1.03471 0.00139311 1 0.0818625 0.391862
1    0.98536  -0.167688  0.0307477 -0.0956802  -0.693216  -0.714351   0.141103   0.700951  -0.699112  -0.153339  -0.740978    1.02969 0.00139247 1 0.124547 0.467049
1   0.985499  -0.167439  0.0274896 -0.0980401  -0.694118  -0.713153   0.138491   0.700117  -0.700469  -0.149168  -0.739452    1.03121 0.00138947 1 0.11775 0.387531
1   0.986796  -0.158014  0.0355775 -0.0882461  -0.708699   -0.69997   0.135819   0.687588  -0.713285  -0.147758  -0.720427    1.04515 0.00138244 1 0.105934 0.425223
0   0.991247  -0.131937 0.00459108 -0.0843058  -0.659387  -0.747062   0.101593   0.740136  -0.664739   -0.10203  -0.797367    0.99136 0.00164399 0.991786 0.134849 0.733543
1   0.990487  -0.136119  0.0201863 -0.0821799  -0.702784  -0.706641   0.110374   0.698259  -0.707285  -0.113944   -0.73491     1.0387 0.00139438 1 0.157487 0.379232
1   0.986084  -0.164107  0.0266008 -0.0942389  -0.683578  -0.723768   0.136959   0.711189   -0.68953  -0.148275  -0.756092    1.01911 0.00138686 1 0.0758026 0.380982
1  0.990874 -0.133429  0.019128 -0.080177 -0.697497 -0.712088  0.108355  0.704056 -0.701829 -0.112108 -0.743664   1.03274 0.00136471 1 0.0680373 0.386497
1   0.987201  -0.157157   0.027128 -0.0921084  -0.700713  -0.707472   0.130193   0.695919   -0.70622  -0.139538    -0.7326    1.03751 0.00138919 1 0.0290994 0.375509
1   0.990351   -0.13815  0.0109136 -0.0868934  -0.680396  -0.727675   0.107954   0.719705  -0.685836  -0.110021  -0.766585     1.0151 0.00146391 1 0.197198 0.797959
1  0.984406 -0.173986 0.0259668 -0.102687 -0.688192 -0.718225  0.142831  0.704358 -0.695326 -0.154254 -0.746296   1.02556 0.00138349 1 0.0824466 0.402035
1  0.981683 -0.187568 0.0334091 -0.108935 -0.696471 -0.709268  0.156304  0.692638 -0.704146 -0.172041 -0.729823   1.03495 0.00140346 1 0.0625864 0.397127
1   0.990674  -0.134919  0.0190317 -0.0805603  -0.692641   -0.71677   0.109888   0.708552   -0.69705   -0.11395  -0.750334    1.02734 0.00137185 1 0.0267019 0.392797
1    0.98704  -0.157442  0.0310515 -0.0887659  -0.696858  -0.711695   0.133689   0.699715  -0.701802   -0.14497  -0.738011    1.03267 0.00137944 1 0.106071 0.39087
1   0.98115 -0.190679 0.0314077 -0.111882 -0.693003 -0.712201  0.157567  0.695262 -0.701273 -0.173142 -0.733554   1.03207 0.00139369 1 0.102735 0.356072
1   0.986463  -0.161805  0.0266407 -0.0945378  -0.693895  -0.713843   0.133989   0.701662  -0.699799  -0.144265  -0.741316     1.0305 0.00138114 1 0.0724651 0.38376
1   0.986648  -0.160026  0.0302922 -0.0934344  -0.708487  -0.699511   0.133402   0.687341  -0.713979  -0.143724  -0.720074    1.04603 0.00137833 1 0.150606 0.531429
1   0.986283  -0.162216  0.0305277 -0.0932277  -0.700064  -0.707968   0.136215   0.695411  -0.705584  -0.147301  -0.732128    1.03685 0.0013594 1 0.135032 0.436843
1   0.990835  -0.132962  0.0238109 -0.0764244  -0.697168  -0.712823   0.111379    0.70447   -0.70094  -0.116425  -0.743981    1.03174 0.00137464 1 0.0701924 0.385688
1   0.990438  -0.136309  0.0212714 -0.0826659  -0.709823  -0.699513   0.110449   0.691066  -0.714303  -0.114315  -0.724778     1.0463 0.00139972 1 0.073737 0.375427
0   0.991571  -0.128307  0.0179978 -0.0767835  -0.693831  -0.716033   0.104359   0.708616  -0.697834  -0.107295  -0.750166    1.02815 0.00138505 1 0.126712 0.404294
1    0.98681  -0.158398  0.0334141 -0.0897886  -0.707295  -0.701193   0.134701   0.688944  -0.712188   -0.14594   -0.72245      1.044 0.00137153 1 0.0914145 0.381957
1   0.986979  -0.158497  0.0274014 -0.0935183  -0.704051  -0.703965   0.130869   0.692236  -0.709706  -0.140187   -0.72724    1.04142 0.0013929 1 0.0923167 0.379457
1   0.987255  -0.156164  0.0306627 -0.0876557  -0.694391  -0.714239   0.132831   0.702449   -0.69923  -0.143857  -0.742365    1.02981 0.00140842 1 0.0735012 0.384912
1   0.990273  -0.138208  0.0160514 -0.0843826  -0.688288  -0.720513   0.110629    0.71215  -0.693256   -0.11406  -0.755538    1.02333 0.00137916 1 0.045306 0.377678
1   0.986132  -0.163195  0.0301898 -0.0939421  -0.698836  -0.709086   0.136817   0.696416  -0.704475  -0.147972  -0.733655    1.03564 0.00136103 1 0.197035 0.463838
1   0.986216  -0.162984  0.0285266 -0.0949129  -0.698469  -0.709318   0.135532   0.696834  -0.704311   -0.14615  -0.734298    1.03536 0.00137115 1 0.0719209 0.395789
1  0.985359 -0.169319 0.0199482 -0.102091   -0.6797 -0.726351  0.136544   0.71368 -0.687034 -0.146054 -0.759742   1.01644 0.00142798 1 0.0716982 0.379674
1  0.985046 -0.170249 0.0264395 -0.101619 -0.698039 -0.708813   0.13913  0.695527 -0.704901 -0.149782 -0.732592   1.03614 0.00142393 1 0.125915 0.386983
1   0.986262  -0.162657  0.0288106 -0.0941429  -0.696781  -0.711079   0.135736   0.698598  -0.702522  -0.146538  -0.736868    1.03349 0.00136729 1 0.0593294 0.388926
1   0.98458 -0.173069 0.0254699 -0.101612  -0.68433 -0.722058  0.142395  0.708336 -0.691364 -0.153911 -0.752032   1.02118 0.00138032 1 0.15033 0.482483
1  0.984517 -0.172909 0.0287936 -0.102273 -0.700021 -0.706761  0.142361  0.692874 -0.706866 -0.153338 -0.728836   1.03825 0.0014115 1 0.139956 0.480064
1   0.985857  -0.164766  0.0306241 -0.0946519  -0.698225  -0.709593     0.1383   0.696659  -0.703945  -0.149787  -0.734063    1.03503 0.00136935 1 0.13897 0.37704
1   0.990125  -0.139529  0.0135421 -0.0868363  -0.686296   -0.72212    0.11005   0.713814  -0.691635  -0.112683  -0.758619    1.02158 0.0014517 1 0.0978497 0.392927
1   0.986974  -0.158179  0.0293601 -0.0913852  -0.701413  -0.706872   0.132406   0.694982  -0.706731  -0.142642  -0.731156     1.0381 0.00137069 1 0.0746181 0.384262
1   0.986204   -0.16262  0.0309368 -0.0924037  -0.695867  -0.712201   0.137346   0.699516  -0.701294  -0.148855  -0.738068    1.03215 0.00137273 1 0.0459323 0.393932
1   0.987967   -0.15273  0.0243726 -0.0891634  -0.691213   -0.71713   0.126374   0.706327  -0.696514  -0.135343  -0.747921    1.02686 0.00142004 1 0.0809448 0.390922
1    0.98799  -0.150742  0.0339582 -0.0836685  -0.706655  -0.702594   0.129907   0.691315   -0.71078  -0.141151  -0.725518    1.04265 0.00139418 1 0.0653119 0.378081
1   0.988946  -0.146104  0.0252683 -0.0836894  -0.690701  -0.718282   0.122397   0.708228  -0.695293   -0.13107  -0.750269    1.02553 0.00143012 1 0.0893395 0.389124
1   0.986235  -0.162563  0.0302342 -0.0928283  -0.695656  -0.712352   0.136835    0.69974   -0.70117  -0.148227   -0.73841    1.03207 0.00136949 1 0.195001 0.436352
1   0.986124  -0.163763   0.027219 -0.0966375  -0.699591  -0.707979   0.134983   0.695524  -0.705709  -0.145038  -0.732383    1.03696 0.00137097 1 0.0537753 0.381892
