1  0.980872 -0.191524 0.0347741 -0.113038 -0.705876 -0.699257  0.158471  0.681951 -0.714024 -0.173728 -0.714074   1.04589 0.00145094 1 0.0950503 0.436744
1    0.99073   -0.13471  0.0175426 -0.0821361  -0.696856  -0.712492   0.108205   0.704446  -0.701461   -0.11128  -0.744063    1.03223 0.00136564 1 0.127507 0.576947
1   0.986468  -0.161227  0.0297712 -0.0927845  -0.698692  -0.709381   0.135172   0.697019  -0.704196  -0.146225  -0.734607    1.03532 0.00137983 1 0.0756469 0.43624
1   0.990034   -0.13868  0.0244873 -0.0813848  -0.705344  -0.704178   0.114927   0.695167  -0.709601  -0.120286  -0.730617    1.04111 0.00137796 1 0.0603395 1.06404
1   0.988191  -0.148433  0.0380261 -0.0790321  -0.706362  -0.703425   0.131271   0.692113  -0.709752  -0.143634  -0.726797    1.04131 0.00142877 1 0.0751493 0.435383
1    0.98703  -0.156601  0.0353281 -0.0866675  -0.705035  -0.703857   0.135132   0.691666  -0.709463  -0.147378  -0.726526    1.04102 0.00139362 1 0.0939879 0.428131
1   0.990156  -0.137607  0.0256031 -0.0793748  -0.702695  -0.707049   0.115286   0.698057  -0.706701  -0.120991  -0.734725    1.03793 0.00138762 1 0.205746 0.429432
1   0.991403  -0.129037  0.0216846 -0.0753556  -0.698546  -0.711586   0.106968   0.703834  -0.702264  -0.110959  -0.743141    1.03314 0.00136352 1 0.070046 0.444805
1  0.982157 -0.184879 0.0344719    -0.104 -0.686648 -0.719512  0.156693  0.703089 -0.693624 -0.173642 -0.745094   1.02344 0.00140427 1 0.0833755 0.433245
1   0.985861  -0.164714  0.0307924 -0.0945952   -0.69874  -0.709094   0.138314   0.696155  -0.704441  -0.149821  -0.733379    1.03557 0.00136722 1 0.11031 0.44492
1   0.990701  -0.134253  0.0220685 -0.0779481  -0.693019  -0.716693   0.111512   0.708308   -0.69704  -0.116477  -0.749829    1.02742 0.00136286 1 0.0283086 0.445958
1   0.990883  -0.133377  0.0189866 -0.0798462  -0.694923  -0.714637    0.10851   0.706606  -0.699238   -0.11209  -0.747395    1.02981 0.00135211 1 0.0962103 0.424887
1   0.986145  -0.162778  0.0319708 -0.0920444   -0.69725  -0.710894    0.13801   0.698102  -0.702572  -0.149869  -0.736096    1.03355 0.0013691 1 0.107956 0.409961
1   0.990351  -0.137217  0.0194163 -0.0811297  -0.687639  -0.721506   0.112354   0.712969  -0.692136  -0.116954  -0.756748    1.02225 0.00139808 1 -1.62633e-08 0.439022
1   0.990375  -0.136861  0.0206383 -0.0817492  -0.698736  -0.710693   0.111687   0.702166  -0.703199  -0.115928  -0.740795    1.03424 0.00135191 1 0.206728 0.638156
1  0.984656 -0.172717  0.024941 -0.101798 -0.684577 -0.721798  0.141741  0.708183 -0.691654  -0.15293 -0.751774   1.02158 0.00138869 1 0.088584 0.436671
1   0.988887  -0.145728  0.0294112 -0.0824534  -0.702236  -0.707154   0.123706    0.69687  -0.706448  -0.133207  -0.733472    1.03775 0.00141028 1 0.116597 0.436096
1   0.985134  -0.169029  0.0306557 -0.0995324  -0.707068  -0.700105   0.140014   0.686646  -0.713381  -0.151002  -0.719722     1.0454 0.00139739 1 0.0931615 0.426328
1   0.985329  -0.168365  0.0279369 -0.0964782  -0.684522   -0.72258    0.14078   0.709283  -0.690723  -0.152877  -0.753374    1.02055 0.0013849 1 0.0937025 0.447771
1  0.987735 -0.153783  0.027029 -0.088434 -0.693648 -0.714865  0.128683  0.703707  -0.69874 -0.138368 -0.743812   1.02937 0.00139509 1 0.0687143 0.443877
1   0.989819  -0.140027  0.0255259 -0.0807723  -0.700263    -0.7093   0.117196   0.700017  -0.704444  -0.123231  -0.737669    1.03555 0.00139067 1 0.131201 0.426035
1   0.986328  -0.162925  0.0247631 -0.0976676  -0.698949  -0.708471   0.132736   0.696366  -0.705305   -0.14189  -0.732997    1.03648 0.00148609 1 0.0523721 0.441702
1  0.986136  -0.16505 0.0171447 -0.100669 -0.677189  -0.72889  0.131913  0.717059 -0.684416 -0.140087 -0.764773   1.01349 0.00146379 1 0.434371 0.907872
1   0.991098  -0.131571  0.0203608 -0.0773687   -0.69363  -0.716165   0.108349   0.708214  -0.697634   -0.11229  -0.749752    1.02803 0.00136022 1 0.0172574 0.451668
1   0.988459  -0.148085  0.0319393 -0.0822589   -0.70171  -0.707698   0.127212   0.696903  -0.705793  -0.137637  -0.733578    1.03694 0.00140209 1 0.101907 0.432373
1   0.990202  -0.138425  0.0184113 -0.0847534  -0.700517  -0.708585   0.110983   0.700082  -0.705385  -0.114681  -0.737566    1.03664 0.00139624 1 0.0622304 0.418223
1   0.989794  -0.141235  0.0189916 -0.0861555  -0.699222  -0.709694   0.113513   0.700814  -0.704254  -0.117556  -0.738878    1.03534 0.00137558 1 0.102382 0.429837
1   0.986903  -0.158662  0.0291187 -0.0919497  -0.701621  -0.706593    0.13254   0.694661  -0.707021  -0.142843  -0.730614    1.03847 0.00137481 1 0.103743 0.422775
1   0.986361  -0.162105  0.0285424 -0.0941407  -0.697839  -0.710041   0.135019    0.69767  -0.703581  -0.145625  -0.735394    1.03466 0.00136406 1 0.0872402 0.417904
1   0.986564  -0.160118  0.0324651 -0.0902419  -0.699717  -0.708697   0.136192   0.696246  -0.704765   -0.14783  -0.733136    1.03599 0.00136736 1 0.0627566 0.44221
1  0.989402 -0.143178 0.0241466 -0.081271 -0.683886 -0.725048  0.120324  0.715402 -0.688275 -0.128634 -0.760821   1.01773 0.00147273 1 0.00807843 0.42595
1   0.985457  -0.166886  0.0319916 -0.0953218  -0.698777   -0.70896   0.140671     0.6956  -0.704523  -0.152855  -0.732652    1.03579 0.00138503 1 0.0500998 0.440026
1   0.990552  -0.135605  0.0204467 -0.0797856  -0.691119  -0.718323   0.111539   0.709905  -0.695409  -0.116123  -0.752239    1.02565 0.00136208 1 0.0919351 0.428662
1   0.986392  -0.161222  0.0322118 -0.0916924  -0.702085  -0.706165   0.136465   0.693603  -0.707314  -0.147863  -0.729318    1.03872 0.00136305 1 0.0636117 0.440619
1   0.986442  -0.160722   0.033178 -0.0905807  -0.701806  -0.706586   0.136848   0.694001  -0.706849  -0.148581  -0.730077    1.03805 0.00138934 1 0.0826787 0.448462
1  0.986893 -0.158639 0.0295894 -0.091878 -0.703096 -0.705135  0.132666  0.693174 -0.708456 -0.142866  -0.72873   1.03988 0.00137629 1 0.0694195 0.441667
1   0.990775  -0.134395    0.01742 -0.0803898  -0.686336  -0.722828     0.1091   0.714759  -0.690809  -0.112779  -0.759303    1.02062 0.00137686 1 0.0662125 0.4376
1  0.981198 -0.189014 0.0390441 -0.105704 -0.695529  -0.71068  0.161485  0.693191 -0.702431 -0.179327 -0.730782   1.03321 0.00136313 1 0.0444317 0.449086
1    0.98718  -0.155426  0.0363063 -0.0853489  -0.706254  -0.702795   0.134874   0.690686  -0.710466  -0.146894  -0.724823    1.04209 0.00140736 1 0.0905835 0.430848
1   0.987445  -0.155712  0.0265844 -0.0893763  -0.689492  -0.718758   0.130249   0.707358  -0.694752  -0.140158  -0.749818    1.02486 0.00139562 1 0.22554 0.502148
1   0.987653  -0.154094  0.0282207 -0.0883999  -0.696927  -0.711673   0.129332   0.700391  -0.701944  -0.139521  -0.739053    1.03294 0.00139018 1 0.0453513 0.438392
1   0.986476  -0.161096  0.0302348 -0.0923388  -0.698605  -0.709524   0.135424   0.697137  -0.704032  -0.146485  -0.734497    1.03519 0.00136328 1 0.100966 0.418889
1   0.986694  -0.159754  0.0302216 -0.0920993  -0.702362  -0.705837   0.133987   0.693662  -0.707729  -0.144683  -0.729356    1.03919 0.00136016 1 0.131642 0.423424
1   0.988423  -0.149717  0.0245832 -0.0853791  -0.682808  -0.725592   0.125419   0.715093  -0.687686  -0.134549  -0.760807     1.0171 0.00142046 1 0.0859082 0.432305
1  0.990636  -0.13504 0.0200937 -0.080906 -0.699211 -0.710323  0.109972  0.702046 -0.703589 -0.113974 -0.740561   1.03458 0.0013521 1 0.187921 0.592729
1  0.981494 -0.187941 0.0367102 -0.106335 -0.694344 -0.711743  0.159255  0.694668  -0.70148 -0.176468  -0.73251   1.03231 0.00135561 1 0.18039 0.562384
1   0.986483  -0.160976  0.0306137 -0.0926431  -0.702016   -0.70611   0.135158    0.69373   -0.70744  -0.146109  -0.729457     1.0389 0.00136088 1 0.0688976 0.419521
1  0.989612 -0.141646 0.0245786 -0.084587 -0.711934 -0.697133  0.116245  0.687813  -0.71652 -0.121259 -0.719922   1.04864 0.00140786 1 0.0823413 0.443644
1   0.990906  -0.133192  0.0191111 -0.0794175  -0.693576  -0.715992   0.108619   0.707963  -0.697846  -0.112336    -0.7493    1.02846 0.00136604 1 0.0915484 0.426391
1   0.990024  -0.139136  0.0222093 -0.0834334  -0.705939  -0.703341   0.113539   0.694472  -0.710505  -0.118068  -0.729594     1.0422 0.00137019 1 0.152086 0.533416
1  0.984724 -0.172229 0.0256223 -0.101124 -0.685454  -0.72106   0.14175  0.707454 -0.692399 -0.153154   -0.7508   1.02237 0.00137582 1 0.182173 0.424785
1   0.984697  -0.171867  0.0288668 -0.0994497  -0.690179  -0.716773   0.143113   0.702933  -0.696709  -0.155265  -0.744048    1.02709 0.00138023 1 0.0629066 0.433054
1   0.990722  -0.134868  0.0167228 -0.0819081  -0.690765  -0.718425   0.108444    0.71039  -0.695403  -0.111774  -0.752804    1.02566 0.00137175 1 0.210569 0.419912
1   0.986338  -0.161981  0.0300024 -0.0928073  -0.696851  -0.711186   0.136106   0.698685  -0.702363  -0.147315  -0.736841    1.03338 0.0013673 1 0.0707679 0.441651
1    0.9813 -0.189471 0.0339278 -0.109434  -0.69417 -0.711444   0.15835  0.694427 -0.701924 -0.174682 -0.732439   1.03256 0.00138214 1 0.0211186 0.430732
1     0.9871  -0.156167  0.0352962 -0.0870282  -0.708396  -0.700429   0.134387   0.688321  -0.712849  -0.146161  -0.721509     1.0447 0.0013847 1 0.121107 0.438999
1   0.985721  -0.165749  0.0296916 -0.0969816  -0.702969  -0.704577   0.137656   0.691637  -0.709006  -0.148544  -0.726931    1.04044 0.00138681 1 0.0223231 0.430046
1   0.986046  -0.163855  0.0293896 -0.0958037  -0.702936  -0.704771   0.136139   0.692121  -0.708826   -0.14665  -0.727168    1.04036 0.00138198 1 0.0671204 0.439628
1    0.99042  -0.136783  0.0189519 -0.0820172  -0.693099  -0.716161   0.111094   0.707746  -0.697677  -0.115209   -0.74895    1.02819 0.0013567 1 0.156196 0.437277
0   0.991617  -0.128804  0.0102298 -0.0792941  -0.669144   -0.73889   0.102017   0.731885  -0.673748  -0.103495   -0.78498    1.00157 0.00156443 0.997947 0.490081 0.892418
1  0.981633 -0.187908  0.032958 -0.107343 -0.686838  -0.71884  0.157713    0.7021 -0.694394 -0.174364 -0.743666   1.02449 0.00136102 1 0.129288 0.411583
1   0.985267  -0.168774  0.0276599 -0.0986165  -0.692779  -0.714375    0.13973   0.701122  -0.699216  -0.151165  -0.741243    1.02989 0.00139229 1 0.0756781 0.418667
1   0.985971  -0.165525  0.0215002 -0.0984875  -0.680917  -0.725708   0.134762   0.713409  -0.687667  -0.144345  -0.759334    1.01709 0.0014176 1 0.272598 0.962166
0  0.991484 -0.129308 0.0154807 -0.077743 -0.683049 -0.726223   0.10448  0.718835 -0.687285 -0.107231 -0.765432   1.01647 0.0014393 1 0.14695 0.429682
1   0.986157  -0.163707  0.0263416 -0.0968311  -0.697543   -0.70997   0.134601   0.697591  -0.703739  -0.144489  -0.735442    1.03485 0.00137737 1 0.0829175 0.413452
1  0.984567 -0.173203 0.0250635 -0.101966 -0.684132 -0.722196  0.142233  0.708494 -0.691235 -0.153662   -0.7524   1.02101 0.00137502 1 0.0563328 0.419887
1   0.990539  -0.135582  0.0212364 -0.0804266    -0.6989  -0.710683   0.111198    0.70225  -0.703192  -0.115599  -0.740923    1.03416 0.00134751 1 0.0736918 0.426379
1   0.990664  -0.134508  0.0221958 -0.0788373  -0.698081  -0.711665   0.111219   0.703271  -0.702168  -0.115944  -0.742266    1.03318 0.0013657 1 0.0698277 0.418571
1    0.99047  -0.135777  0.0231203 -0.0802412  -0.705287  -0.704366   0.111943   0.695798   -0.70946   -0.11659  -0.731394    1.04103 0.00136544 1 0.089917 0.446956
1   0.985984  -0.164288   0.029072 -0.0951229  -0.696706  -0.711022   0.137067   0.698291  -0.702568  -0.148039  -0.736467     1.0335 0.00136772 1 0.0854061 0.433559
1  0.981346 -0.188938 0.0355253  -0.10753 -0.692622 -0.713241  0.159364  0.696116 -0.700018 -0.176308 -0.735009   1.03061 0.00135127 1 0.072637 0.425777
1    0.98829   -0.14845  0.0352975 -0.0807725  -0.705216  -0.704376   0.129457   0.693277  -0.708949  -0.140796  -0.728272    1.04041 0.00140667 1 0.13056 0.444782
1   0.990649  -0.134499  0.0229202 -0.0786098  -0.699962  -0.709841   0.111516   0.701401  -0.703989  -0.116283  -0.739637    1.03505 0.00135334 1 0.140067 0.422547
1  0.981611 -0.187403 0.0363224 -0.107254 -0.698859 -0.707173   0.15791  0.690273 -0.706107 -0.174626 -0.726234   1.03737 0.00136308 1 0.0631647 0.443962
1   0.990591  -0.135498  0.0192016 -0.0813483  -0.695837  -0.713578    0.11005   0.705302  -0.700313  -0.114005  -0.745415    1.03104 0.00135133 1 0.137748 0.580599
1   0.986186  -0.163281  0.0278763 -0.0958073  -0.699555  -0.708127   0.135125   0.695674  -0.705534  -0.145334  -0.732446    1.03675 0.00137421 1 0.0566719 0.436141
1  0.981784 -0.187019 0.0335234  -0.10781 -0.693627 -0.712221  0.156452  0.695633 -0.701155 -0.172611 -0.734112    1.0319 0.00136208 1 0.195504 0.577022
1   0.989914  -0.139358   0.025476 -0.0811526  -0.705218  -0.704331    0.11612    0.69516  -0.709414  -0.121783  -0.730712    1.04095 0.00137811 1 0.0977819 0.41061
1   0.986797  -0.159213  0.0297038 -0.0923823  -0.703964  -0.704202   0.133028   0.692161  -0.709378  -0.143311  -0.727067    1.04107 0.00137187 1 0.0781459 0.450005
1   0.985081  -0.169941  0.0271138 -0.0981788  -0.684377  -0.722488   0.141336   0.709048  -0.690851   -0.15317   -0.75278    1.02059 0.00139709 1 0.0888609 0.422313
1   0.985716  -0.165743  0.0298866 -0.0959041  -0.698279  -0.709373   0.138443   0.696374    -0.7042  -0.150004  -0.733923    1.03526 0.00139029 1 0.0815483 0.422462
1  0.981295 -0.188451  0.039329 -0.104875 -0.694627 -0.711684  0.161436  0.694248 -0.701398 -0.179535 -0.732199   1.03214 0.00135025 1 0.0908193 0.428422
1   0.986313  -0.162129  0.0300074 -0.0926421  -0.695472  -0.712556   0.136395   0.700024  -0.700973  -0.147615  -0.738923    1.03176 0.00137358 1 0.0784718 0.429819
1  0.987091 -0.157605 0.0284813 -0.092193 -0.704564 -0.703626  0.130962  0.691917 -0.709999 -0.140775 -0.726749   1.04171 0.00137521 1 0.155808 0.523899
1   0.986686  -0.159607  0.0312597 -0.0911271  -0.701732  -0.706589   0.134713   0.694333  -0.706933  -0.145643   -0.73029    1.03841 0.00137429 1 0.0806212 0.446809
1   0.986708  -0.159285  0.0321685 -0.0908076  -0.704642  -0.703729    0.13476   0.691454   -0.70974   -0.14579  -0.726268    1.04136 0.0013734 1 0.0957871 0.440449
1   0.986354  -0.162621  0.0256885 -0.0936304  -0.682418   -0.72494   0.135421   0.712643  -0.688333  -0.146263  -0.758073    1.01785 0.00139738 1 0.0360207 0.43686
1   0.990978  -0.132306  0.0213748 -0.0771981  -0.693882  -0.715938   0.109554   0.707829  -0.697836  -0.113932  -0.749165    1.02839 0.00136401 1 0.0601504 0.429258
1   0.985674  -0.166355   0.027798 -0.0961707  -0.689742   -0.71764   0.138556   0.704686  -0.695859  -0.149755  -0.746412    1.02621 0.0014057 1 0.0264421 0.428787
1   0.990523  -0.135408  0.0229774 -0.0790686     -0.699  -0.710737   0.112301   0.702185  -0.703083  -0.117279  -0.740808    1.03399 0.00135769 1 0.106232 0.444268
1    0.98641  -0.161318  0.0311736 -0.0927808  -0.703488  -0.704625   0.135599   0.692156  -0.708895  -0.146672  -0.727166    1.04054 0.00136643 1 0.155857 0.43964
1   0.986805  -0.158962  0.0307764 -0.0896639  -0.694779  -0.713612    0.13482   0.701437  -0.699864  -0.146109  -0.740447    1.03063 0.00140037 1 0.0943509 0.437935
1    0.98501  -0.169878  0.0299488 -0.0975593  -0.691814  -0.715455   0.142259   0.701808  -0.698017  -0.154546  -0.742168    1.02854 0.00138109 1 0.0515485 0.439745
1   0.991029   -0.13241  0.0181565 -0.0797556  -0.694927  -0.714643   0.107244   0.706784  -0.699253  -0.110514  -0.747628    1.02984 0.00135321 1 0.101728 0.427231
1  0.984643 -0.172818 0.0247401 -0.103801 -0.693479  -0.71296  0.140369  0.699443 -0.700768 -0.150793 -0.738974   1.03148 0.00141084 1 0.0643351 0.435665
1  0.981052 -0.189914 0.0383452 -0.108958 -0.704457 -0.701334  0.160205  0.683867 -0.711801 -0.177217 -0.716838   1.04361 0.00138273 1 0.0561089 0.406981
1   0.986323  -0.161588  0.0324962 -0.0919249  -0.702939  -0.705285   0.136809   0.692651  -0.708179  -0.148515  -0.728133    1.03971 0.0013746 1 0.101081 0.463782
1   0.990322  -0.136715  0.0238984 -0.0801932  -0.704212  -0.705446   0.113274   0.696703   -0.70836  -0.118423  -0.732891    1.03975 0.00137186 1 0.0817707 0.45147
1   0.986827  -0.158845  0.0306737 -0.0909587  -0.701565  -0.706776   0.133787   0.694676  -0.706772  -0.144608  -0.730727    1.03816 0.00136149 1 0.10931 0.535821
1   0.989965  -0.139484  0.0226636 -0.0825299  -0.700861  -0.708508    0.11471   0.699527  -0.705339  -0.119742  -0.737064    1.03657 0.0013596 1 0.124755 0.564826
1   0.986722  -0.159579  0.0302442 -0.0919685  -0.702431  -0.705785   0.133873   0.693632   -0.70778  -0.144571   -0.72933    1.03925 0.00135912 1 0.0977142 0.423951
1  0.985305 -0.169064  0.024334 -0.099722 -0.685048  -0.72164  0.138673  0.708609 -0.691841 -0.149461 -0.752372   1.02169 0.00138712 1 0.124796 0.423023
1   0.990336  -0.137539  0.0178075 -0.0848517   -0.70246  -0.706647     0.1097   0.698307  -0.707342  -0.112802  -0.735365    1.03864 0.0013779 1 0.101324 0.424963
1    0.99011  -0.139151  0.0178729 -0.0849531  -0.696048  -0.712952   0.111648   0.704383  -0.700985    -0.1154  -0.743988    1.03184 0.00137481 1 0.11755 0.440626
1   0.986937  -0.157885  0.0320688 -0.0895254  -0.702937  -0.705596   0.133946   0.693507  -0.707889  -0.145033  -0.729071    1.03937 0.00136378 1 0.0657041 0.436937
1   0.990367  -0.137403  0.0171129 -0.0828626  -0.687146  -0.721778   0.110934   0.713408  -0.691913  -0.114872  -0.757228    1.02176 0.00140319 1 0.0488297 0.447893
1   0.985875  -0.164962   0.028944 -0.0967804  -0.702166  -0.705405   0.136688    0.69264  -0.708213  -0.147216   -0.72831    1.03972 0.00137288 1 0.19698 0.415253
1   0.986954  -0.158235  0.0297222 -0.0906793  -0.698857   -0.70949   0.133038   0.697539  -0.704089  -0.143497  -0.734992    1.03519 0.00137644 1 0.10355 0.433168
1   0.986698   -0.15944  0.0317156 -0.0905369  -0.701003  -0.707388   0.135019   0.695107  -0.706114  -0.146319  -0.731511    1.03747 0.00136127 1 0.0938215 0.431274
1   0.985806  -0.165741  0.0267844 -0.0979474  -0.697323  -0.710033   0.136359   0.697331  -0.703659  -0.146523  -0.735226    1.03466 0.00138055 1 0.0820699 0.430269
1  0.980399 -0.194835 0.0292926 -0.114592 -0.684817 -0.719648  0.160273  0.702185 -0.693721 -0.176077 -0.744206   1.02378 0.00139938 1 0.400855 0.847819
1   0.985903  -0.165431  0.0250397 -0.0992468  -0.698709  -0.708489   0.134701   0.696016  -0.705278  -0.144163  -0.733082    1.03651 0.00139237 1 0.0775903 0.421716
1   0.987128  -0.156039  0.0350839 -0.0861391  -0.703536   -0.70542   0.134756   0.693317  -0.707921  -0.146813  -0.728634    1.03937 0.0013799 1 0.0785319 0.424665
1   0.990554  -0.135271  0.0224624 -0.0798157  -0.701988  -0.707702     0.1115   0.699224  -0.706154   -0.11609  -0.736555    1.03744 0.00135268 1 0.147904 0.437076
1   0.990709  -0.134144  0.0224039 -0.0790404   -0.70196  -0.707817   0.110676   0.699469  -0.706041  -0.115193  -0.736829    1.03737 0.00135841 1 0.102449 0.425942
1   0.991366  -0.128728  0.0249561 -0.0737126  -0.704519  -0.705846   0.108444   0.697912  -0.707925  -0.113694  -0.734378    1.03935 0.00139787 1 0.133797 0.434987
1   0.987824   -0.15221  0.0321992 -0.0861523  -0.707503   -0.70144   0.129547   0.690125  -0.712001  -0.140151  -0.723709    1.04385 0.00138811 1 0.104979 0.506723
1   0.986726  -0.159621  0.0298874 -0.0916263  -0.699169  -0.709061   0.134077    0.69691  -0.704514   -0.14506  -0.734134    1.03574 0.00137222 1 0.170457 0.510328
1   0.988409  -0.147741  0.0349264 -0.0808781  -0.707141  -0.702431   0.128476   0.691465  -0.710894  -0.139525  -0.725644    1.04254 0.00140659 1 0.153272 0.53606
1   0.986939  -0.157666  0.0330528 -0.0898045   -0.70882  -0.699649    0.13374   0.687543  -0.713722  -0.144704  -0.720189    1.04577 0.00138795 1 0.0192986 0.444814
