1   0.985402  -0.168227  0.0261239 -0.0990076   -0.69112  -0.715927   0.138493   0.702889  -0.697686  -0.149469   -0.74377    1.02823 0.00139977 1 0.0444065 0.48062
1   0.987622  -0.153612  0.0317117 -0.0861026  -0.699946  -0.708986   0.131105    0.69748  -0.704509  -0.142024  -0.734545    1.03576 0.00138346 1 0.0628951 0.490026
1   0.986236  -0.162734  0.0292585 -0.0936751  -0.695751  -0.712148   0.136247   0.699606  -0.701419   -0.14755  -0.738628     1.0322 0.00139725 1 0.108456 0.487142
1  0.984161 -0.175524 0.0248802   -0.1034 -0.682339 -0.723686  0.144001  0.709651  -0.68968 -0.155628 -0.754077    1.0193 0.00139313 1 0.049277 0.474837
1   0.989773  -0.141084  0.0210901 -0.0848595  -0.701158  -0.707938   0.114666   0.698908   -0.70596  -0.119234  -0.736406    1.03733 0.00138978 1 0.0813716 0.466869
1    0.99036  -0.137088  0.0198744 -0.0826291  -0.699802  -0.709541   0.111178   0.701059  -0.704383  -0.115248   -0.73906    1.03552 0.00136369 1 0.0846687 0.467913
1   0.985963  -0.164878  0.0263219 -0.0973267  -0.695639  -0.711768   0.135665   0.699215  -0.701921  -0.145838  -0.737924    1.03278 0.00138092 1 0.17652 0.52905
1   0.991048  -0.131478  0.0231932 -0.0763564  -0.700692  -0.709366   0.109517   0.701245  -0.704458  -0.114188  -0.739481     1.0355 0.00136462 1 0.125978 0.484717
1   0.986591  -0.160509   0.029581 -0.0925925  -0.699692  -0.708419   0.134405   0.696181  -0.705172  -0.145147  -0.733027    1.03646 0.00136382 1 0.116981 0.532542
1   0.990354  -0.137029  0.0205316 -0.0819693  -0.698882  -0.710525   0.111711   0.701988  -0.703373  -0.116022  -0.740546    1.03443 0.00135026 1 0.113315 0.465679
1   0.990758  -0.134149   0.020058 -0.0809975  -0.703742  -0.705824   0.108801   0.697676  -0.708104  -0.112593  -0.734438    1.03935 0.00140931 1 0.108316 0.480195
1   0.991224  -0.131026  0.0175438 -0.0787895  -0.692118  -0.717471   0.106149   0.709792  -0.696367  -0.109302  -0.751667    1.02671 0.001385 1 0.0466923 0.476126
1  0.990386 -0.136562 0.0220686 -0.080487 -0.698608 -0.710963  0.112508  0.702351 -0.702883 -0.117039 -0.740908   1.03388 0.00138099 1 0.113067 0.461854
1   0.986829  -0.158774  0.0309576 -0.0916103   -0.70626  -0.702001   0.133324   0.689919  -0.711503  -0.144015  -0.723823    1.04326 0.00136998 1 0.081002 0.470599
1   0.991157  -0.130593  0.0235334 -0.0758349  -0.702992  -0.707143   0.108892   0.699105  -0.706679  -0.113545  -0.736154    1.03803 0.00137387 1 0.0924272 0.496136
0  0.991921 -0.124512 0.0242659  -0.07052 -0.700247 -0.710409  0.105446  0.702959 -0.703371 -0.109647 -0.741794   1.03446 0.00144138 1 0.0243492 0.48465
1    0.99074  -0.134613  0.0176856 -0.0807138   -0.68871   -0.72053   0.109173   0.712431  -0.693198  -0.112863  -0.755948    1.02322 0.00136555 1 0.164709 0.797726
0   0.991881  -0.126499  0.0130391 -0.0760199  -0.672005  -0.736634   0.101946   0.729662  -0.676166  -0.104396  -0.781188    1.00411 0.00155305 0.997947 0.146433 0.779236
1    0.99021  -0.138182   0.019756 -0.0829851  -0.696562  -0.712681   0.112241   0.704065   -0.70121  -0.116376  -0.743707    1.03211 0.00135799 1 0.0826056 0.478722
1   0.986717  -0.158818  0.0341574 -0.0893349  -0.706104   -0.70245    0.13568   0.690068  -0.710913   -0.14736  -0.724147    1.04268 0.00137223 1 0.110146 0.484889
1  0.987207 -0.156102 0.0324771 -0.087982 -0.703195 -0.705533  0.132973  0.693649 -0.707933 -0.144214 -0.729325   1.03929 0.00138223 1 0.122048 0.48076
1   0.98117 -0.189016  0.039732 -0.106402 -0.700634 -0.705543  0.161196   0.68803 -0.707552  -0.17892 -0.722872   1.03894 0.001363 1 0.225667 0.650328
1    0.99026  -0.137822  0.0197727 -0.0823584   -0.69432  -0.714938   0.112263   0.706346  -0.698908   -0.11649  -0.747134    1.02949 0.00135714 1 0.0974184 0.467096
1  0.985635 -0.168231 0.0148763 -0.101513 -0.660529 -0.743906  0.134974   0.73171 -0.668119 -0.144081 -0.786667   0.99539 0.00148772 0.995893 0.272514 1.02781
1   0.990669    -0.1351  0.0179969 -0.0828098  -0.701523  -0.707819   0.108251   0.699724  -0.706164  -0.111356  -0.737154    1.03751 0.0013757 1 0.149171 0.468276
1    0.99049  -0.136114  0.0200854 -0.0817614    -0.6997  -0.709742    0.11066    0.70135  -0.704175    -0.1145  -0.739621    1.03525 0.00135369 1 0.190015 0.621997
1   0.986271  -0.163755  0.0213149 -0.0960263  -0.673723  -0.732718   0.134347   0.720612  -0.680198  -0.144145  -0.770058    1.00875 0.0014397 1 0.00108401 0.635835
1   0.990504  -0.135724  0.0219293 -0.0793174  -0.694408  -0.715197   0.112297   0.706666  -0.698579   -0.11721  -0.747262    1.02922 0.00136533 1 0.0126279 0.537332
1   0.986015  -0.166372 0.00977231  -0.103204  -0.655583  -0.748037   0.130859   0.736567  -0.663585  -0.138206  -0.793683   0.990291 0.00161227 0.995893 0.273707 1.71967
1   0.991261  -0.129721  0.0239653 -0.0747368  -0.701955  -0.708289   0.108702   0.700308  -0.705515  -0.113232  -0.737953    1.03682 0.00138726 1 0.0398863 0.754782
1   0.985867  -0.164598   0.031203 -0.0943357  -0.699346   -0.70853   0.138444   0.695573   -0.70499  -0.150006  -0.732468    1.03619 0.00136612 1 0.0639669 0.677428
1   0.986129  -0.162653  0.0330688 -0.0939841  -0.711403  -0.696472   0.136809   0.683703  -0.716822  -0.147917  -0.715156    1.04909 0.00139326 1 0.0646775 0.622447
1   0.986586  -0.160887  0.0276318 -0.0937592  -0.697038  -0.710878   0.133632   0.698752  -0.702772  -0.143917  -0.736831    1.03379 0.00137261 1 0.306356 0.669
1   0.986117  -0.163459  0.0292426 -0.0963207  -0.706513  -0.701114   0.135264   0.688564  -0.712449  -0.145487  -0.722539     1.0443 0.00141869 1 0.0296914 0.546464
1   0.986555  -0.160819  0.0291047 -0.0931662  -0.699724  -0.708312   0.134275   0.696077  -0.705299  -0.144801  -0.732948    1.03657 0.00136382 1 0.0864904 0.524288
1   0.986422  -0.161257  0.0311027 -0.0925814   -0.70244  -0.705696   0.135646   0.693235  -0.707831  -0.146696  -0.728854    1.03934 0.00135969 1 0.0674601 0.478365
1   0.986127  -0.163585  0.0281767 -0.0956382  -0.698656  -0.709037   0.135674   0.696506  -0.704608   -0.14613  -0.733995    1.03577 0.00138063 1 0.119338 0.488053
1   0.990766  -0.133608  0.0230474 -0.0772887  -0.696233  -0.713642   0.111395   0.705272  -0.700131  -0.116456  -0.745263    1.03091 0.00136414 1 0.0230242 0.478911
1  0.986268 -0.162202 0.0310768   -0.0931 -0.701472  -0.70659   0.13641  0.693994  -0.70694 -0.147613 -0.730084    1.0383 0.00136064 1 0.134083 0.59785
1  0.986717 -0.160112 0.0274561  -0.09341 -0.697488 -0.710482  0.132907   0.69848  -0.70318 -0.142922  -0.73683    1.0342 0.00140269 1 0.0616643 0.466744
1   0.986367  -0.162075  0.0284835 -0.0938004  -0.695972  -0.711916   0.135207   0.699539  -0.701687  -0.145901  -0.738138    1.03263 0.00136747 1 0.0516509 0.483035
1   0.990405  -0.136495  0.0216171 -0.0812004  -0.701344  -0.708183   0.111825   0.699632  -0.705698  -0.116248   -0.73715    1.03689 0.00134884 1 0.10644 0.500778
1   0.990599  -0.135363  0.0197576 -0.0807766   -0.69536  -0.714107   0.110403   0.705798  -0.699757  -0.114483  -0.746177    1.03042 0.0013501 1 0.19215 0.748169
1   0.987013  -0.157668   0.030744 -0.0901251  -0.701951    -0.7065   0.132973   0.694554  -0.707045  -0.143703  -0.730697    1.03844 0.00136771 1 0.164767 0.566693
1  0.981393 -0.188294  0.037596 -0.104987 -0.690157 -0.716004  0.160766  0.698734 -0.697083 -0.178535 -0.738871   1.02736 0.00136264 1 0.111394 0.487058
1   0.990598  -0.134781  0.0234437 -0.0786584  -0.701347  -0.708467    0.11193   0.699962  -0.705354  -0.116915  -0.737613    1.03652 0.00135639 1 0.186278 0.598608
1   0.987504  -0.153665  0.0349662 -0.0848766  -0.705543  -0.703566   0.132783   0.691806   -0.70977  -0.144653  -0.726453    1.04133 0.00138551 1 0.138297 0.467216
1   0.989896  -0.140077  0.0219922 -0.0827069  -0.696395  -0.712877   0.115173   0.703855  -0.700945  -0.120143  -0.743206    1.03177 0.00138857 1 0.0876088 0.492241
1  0.981302 -0.189602  0.033132 -0.110705 -0.696802 -0.708668  0.157451   0.69175 -0.704763 -0.173139 -0.728548   1.03578 0.00138552 1 0.130249 0.471221
1   0.987178  -0.157212  0.0276502 -0.0909617  -0.696378  -0.711887   0.131172   0.700244   -0.70175  -0.141332  -0.738864    1.03266 0.00137853 1 0.100103 0.647659
1   0.989667  -0.141759  0.0215295 -0.0860127   -0.70708  -0.701883   0.114722   0.692779  -0.711967  -0.119267  -0.727283    1.04379 0.00139767 1 0.160455 0.509847
1   0.985843  -0.166406  0.0205368 -0.0986758  -0.674846  -0.731332   0.135557   0.718952  -0.681712  -0.145374  -0.767686    1.01046 0.00142562 1 0.333415 1.07168
1   0.986746  -0.159241  0.0312266 -0.0909788  -0.702222  -0.706122   0.134372   0.693922  -0.707402  -0.145403  -0.729694    1.03882 0.00135946 1 0.150941 0.521182
1   0.987032  -0.156851  0.0341529 -0.0869435    -0.7012  -0.707644   0.134943   0.695497  -0.705743  -0.146842  -0.732032    1.03692 0.00138589 1 0.0806728 0.472865
1   0.987219  -0.156137  0.0319405 -0.0877585  -0.699883  -0.708846   0.133032   0.696983   -0.70464  -0.144218  -0.733688    1.03587 0.00140758 1 0.0854428 0.476599
1   0.986291  -0.162495  0.0287247 -0.0948228  -0.700567  -0.707259    0.13505   0.694839  -0.706371  -0.145547  -0.731318    1.03768 0.00136466 1 0.0998168 0.458278
1   0.984948  -0.170031  0.0310861 -0.0984508  -0.699678  -0.707643   0.142071   0.693931  -0.705886  -0.154066  -0.730648    1.03717 0.00139745 1 0.0925845 0.522376
1   0.987193  -0.157808  0.0233702 -0.0926524  -0.686418   -0.72128   0.129866   0.709878  -0.692249   -0.13904  -0.753624    1.02199 0.00141177 1 0.107285 0.478246
1   0.986752  -0.160297  0.0250274 -0.0953738  -0.697921  -0.709796   0.131245   0.698005  -0.703963   -0.14027  -0.735415    1.03511 0.00143945 1 0.116666 0.476186
1  0.980663 -0.194018 0.0256387 -0.117177 -0.687035 -0.717114  0.156747  0.700243 -0.696484 -0.170437 -0.741297   1.02667 0.00145989 1 0.0240782 0.50587
1   0.989162  -0.145369  0.0206577 -0.0882302  -0.700938  -0.707744   0.117363   0.698251  -0.706167  -0.122072   -0.73519    1.03754 0.00139523 1 0.141264 0.685688
1   0.990393  -0.136867  0.0197248 -0.0820428   -0.69642  -0.712929   0.111313   0.704462  -0.700958  -0.115489   -0.74419     1.0317 0.00135166 1 0.106204 0.5468
1  0.985319 -0.168386 0.0281685  -0.10009 -0.703398 -0.703714  0.138309  0.690563 -0.709925 -0.148727 -0.725269   1.04166 0.00138876 1 0.0853861 0.47776
1   0.990213  -0.138273  0.0189232 -0.0834644  -0.695397  -0.713763   0.111853   0.705198  -0.700132  -0.115877  -0.745337    1.03084 0.0013524 1 0.126635 0.685467
1    0.98495  -0.170604  0.0277232 -0.0983365  -0.685027  -0.721851   0.142142    0.70826  -0.691493  -0.154119  -0.751896    1.02132 0.00137624 1 0.0998438 0.478046
1   0.987902  -0.151892    0.03129 -0.0847305   -0.69764   -0.71142   0.129888   0.700162   -0.70207  -0.141043  -0.738395    1.03306 0.00139829 1 0.0796524 0.468117
1   0.990996  -0.132973  0.0156508 -0.0805933  -0.685767  -0.723345   0.106918   0.715571  -0.690309  -0.109852  -0.760672    1.01997 0.00137836 1 0.281882 1.02895
1   0.986845  -0.159518   0.026301 -0.0925393  -0.690732  -0.717165   0.132568   0.705297  -0.696407  -0.142763  -0.746753    1.02675 0.00140122 1 0.118506 0.484415
0   0.991026  -0.133545 0.00573248 -0.0860777  -0.670412  -0.736979   0.102263   0.729872  -0.675891  -0.102743  -0.782157    1.00388 0.00156373 0.997947 0.447624 1.12523
1   0.990128  -0.138916  0.0186697 -0.0836255  -0.692362  -0.716688   0.112486   0.708051  -0.697144  -0.116567  -0.749565    1.02751 0.00136321 1 0.053057 0.469335
1   0.990373  -0.136608  0.0223326 -0.0805988   -0.70028  -0.709304   0.112535   0.700676  -0.704549  -0.117262  -0.738664    1.03568 0.00134849 1 0.0448796 0.470608
1   0.985773  -0.165502  0.0293408 -0.0961014  -0.698176  -0.709447     0.1379   0.696534  -0.704148   -0.14895  -0.733954     1.0353 0.00136903 1 0.0595573 0.513539
1   0.986077  -0.163861  0.0283283 -0.0949966  -0.694896  -0.712808   0.136487   0.700192  -0.700787  -0.147371  -0.739375    1.03162 0.00137888 1 0.113944 0.496703
1   0.986939  -0.158276  0.0300164 -0.0907002   -0.69992  -0.708439   0.133138   0.696463  -0.705134  -0.143827  -0.733214    1.03641 0.00137507 1 0.056677 0.473835
1   0.989942    -0.1403  0.0181726 -0.0843618  -0.688541  -0.720274   0.113567   0.711496  -0.693452  -0.117882  -0.754592    1.02363 0.00138618 1 0.0751378 0.470242
1   0.987184  -0.156942  0.0289209 -0.0902283  -0.698386  -0.710012   0.131629   0.698303  -0.703596  -0.141885  -0.735935    1.03469 0.00137608 1 0.0722345 0.467083
1   0.986317  -0.161468   0.033263 -0.0931303  -0.712211   -0.69576   0.136033   0.683143  -0.717503  -0.147104  -0.714142    1.04988 0.00139211 1 0.0711544 0.450634
1   0.986959   -0.15843  0.0284836 -0.0921608  -0.701227  -0.706956   0.131977   0.695112  -0.706684  -0.142001  -0.731384    1.03798 0.00137318 1 0.125778 0.485036
1   0.991272  -0.129202   0.026208 -0.0736701  -0.707738  -0.702624   0.109329    0.69456  -0.711079  -0.114253  -0.729543    1.04268 0.00140303 1 0.0496162 0.481013
1   0.986824  -0.158987  0.0300406 -0.0921181    -0.7047    -0.7035   0.133017   0.691463   -0.71006   -0.14347  -0.726108    1.04172 0.00136278 1 0.111268 0.479803
1   0.990948  -0.133048    0.01792 -0.0785583  -0.682922  -0.726254   0.108865   0.718272  -0.687192  -0.112866  -0.764596    1.01647 0.0014135 1 0.108245 0.454836
1   0.990899   -0.13391  0.0136679 -0.0821974  -0.682379  -0.726363   0.106594   0.718629  -0.687176  -0.109227   -0.76534    1.01645 0.00141175 1 0.150289 0.486899
1   0.985095  -0.169054  0.0317493 -0.0977353     -0.702  -0.705439   0.141545   0.691822  -0.708059   -0.15332    -0.7272     1.0396 0.00139032 1 0.0553402 0.471059
1   0.986071  -0.163805  0.0288373 -0.0945773  -0.694842  -0.712916   0.136817   0.700259  -0.700656  -0.147895   -0.73932    1.03149 0.00137203 1 0.127876 0.465504
1  0.991173 -0.130904 0.0209675   -0.0767 -0.695227 -0.714686  0.108133   0.70677 -0.699131 -0.112271  -0.74752   1.02972 0.00135565 1 0.0953897 0.475045
1   0.987065  -0.157181  0.0315675 -0.0894928  -0.703579  -0.704959   0.133016   0.693016  -0.708545  -0.143907  -0.728302    1.04004 0.00136314 1 0.102748 0.471655
1   0.990422  -0.136285  0.0221489 -0.0794906  -0.693977  -0.715596   0.112896   0.706981  -0.698163  -0.117966  -0.747801    1.02865 0.00136472 1 0.167166 0.541636
1   0.991025  -0.131704  0.0228683 -0.0775782   -0.70598   -0.70397    0.10886   0.695878  -0.709861  -0.113148   -0.73174    1.04134 0.00138972 1 0.0690227 0.487166
1   0.990501  -0.135948  0.0206386 -0.0806638  -0.696022  -0.713475    0.11136   0.705033  -0.700377    -0.1158  -0.745008    1.03114 0.00134853 1 0.17907 0.674306
1   0.986727   -0.15897  0.0331439 -0.0896192    -0.7033  -0.705222   0.135419   0.692891  -0.708211  -0.146964  -0.728133    1.03971 0.00136545 1 0.223696 0.653841
1   0.990515  -0.135843  0.0206321 -0.0811432  -0.699501   -0.71001   0.110882   0.701602  -0.703889  -0.115044  -0.740028    1.03498 0.00134836 1 0.131839 0.447983
0   0.991751  -0.127617  0.0120053 -0.0784446  -0.678339  -0.730549   0.101374   0.723581  -0.682754  -0.102952  -0.772633    1.01155 0.00150396 1 0.255879 0.891209
1   0.990211  -0.138215  0.0194529 -0.0815397  -0.685941  -0.723075   0.113283    0.71441  -0.690496  -0.117976  -0.758663    1.02026 0.00141464 1 0.110943 0.476633
1   0.986286  -0.161822  0.0324704 -0.0931278  -0.708058  -0.699986   0.136264   0.687362  -0.713418  -0.147436  -0.720433    1.04531 0.00137792 1 0.110934 0.527308
1   0.985872  -0.164789  0.0300051 -0.0948763  -0.697023  -0.710744   0.138037   0.697856   -0.70281  -0.149685  -0.736171    1.03377 0.00139344 1 0.100637 0.919675
1   0.987152  -0.156885  0.0302983 -0.0892798  -0.698827  -0.709697   0.132514   0.697874  -0.703855  -0.143386  -0.735299    1.03502 0.00137033 1 0.0843333 0.458522
1   0.986167  -0.163393  0.0278725 -0.0947647   -0.69375  -0.713955   0.135991   0.701437  -0.699637  -0.146642   -0.74098    1.03034 0.00137393 1 0.0936258 0.481759
1   0.986708  -0.159106  0.0330493 -0.0893445  -0.701039  -0.707504   0.135737   0.695148  -0.705936   -0.14745  -0.731597     1.0372 0.00136846 1 0.0261162 0.467461
1   0.989169  -0.146364  0.0110707 -0.0922505  -0.678573  -0.728717    0.11417   0.719803  -0.684726  -0.116766  -0.767697    1.01369 0.00156007 1 0.327909 0.855805
1   0.986324  -0.161985  0.0304276 -0.0923583  -0.696105  -0.711974    0.13651   0.699427  -0.701546  -0.147796  -0.737797    1.03249 0.00137955 1 0.121517 0.477714
1   0.989908  -0.139547  0.0246577 -0.0807505  -0.698469   -0.71107    0.11645   0.701903  -0.702689  -0.122291  -0.740469    1.03367 0.00137672 1 0.104224 0.489865
1   0.986708  -0.159077  0.0331823 -0.0887487  -0.698585  -0.710002   0.136126    0.69762  -0.703417  -0.148022  -0.735169    1.03444 0.00137609 1 0.106924 0.496799
1   0.986464    -0.1611  0.0305753 -0.0920114  -0.698164  -0.710001   0.135728   0.697577  -0.703537   -0.14691  -0.735215    1.03459 0.00136261 1 0.101962 0.616413
1   0.986559  -0.159356  0.0361582 -0.0884337  -0.706749  -0.701915    0.13741   0.689283  -0.711342   -0.14972  -0.723012    1.04304 0.00138706 1 0.278933 0.647903
1   0.985257  -0.168107  0.0317558 -0.0967856  -0.700765  -0.706796   0.141071   0.693302  -0.706704  -0.152839  -0.729084    1.03809 0.00139769 1 0.0874294 0.483723
1   0.989823  -0.139332  0.0289208 -0.0785553  -0.704472  -0.705371   0.118655   0.695921  -0.708248  -0.125638  -0.731829    1.03969 0.00143226 1 0.113031 0.476102
1  0.981449 -0.187002 0.0422776 -0.103831 -0.703818 -0.702751  0.161172  0.685325 -0.710179  -0.17943 -0.718899   1.04174 0.00137885 1 0.0982221 0.478645
1   0.989527  -0.143181  0.0183209 -0.0869512  -0.692552  -0.716108   0.115221   0.707015  -0.697749  -0.119617  -0.747824    1.02834 0.00142353 1 0.0901324 0.498945
1   0.987915  -0.152645  0.0269121 -0.0865131  -0.687095  -0.721399   0.128609   0.710352  -0.691997  -0.138697   -0.75405    1.02182 0.00140159 1 0.116034 0.46293
1  0.985212 -0.170403 0.0178672 -0.101463 -0.664275  -0.74057  0.138064  0.727806 -0.671742 -0.148281 -0.781046  0.999399 0.00145997 0.997947 0.435985 0.857823
1   0.986149  -0.163029  0.0305391 -0.0938654  -0.700337  -0.707613   0.136749   0.694945  -0.705939  -0.147917  -0.731455    1.03724 0.00136101 1 0.0389187 0.479483
1   0.987441  -0.155078  0.0301941 -0.0897745  -0.708011  -0.700472   0.130006   0.688964  -0.713041  -0.139606  -0.722201    1.04494 0.00141092 1 0.0430905 0.98097
1   0.982765  -0.180557  0.0396465 -0.0979611  -0.690553  -0.716617   0.156768   0.700382  -0.696339  -0.174834  -0.740659    1.02677 0.00141652 1 0.0679916 0.4799
1   0.986649  -0.160071  0.0300189 -0.0917247  -0.698476  -0.709731   0.134574   0.697502  -0.703833  -0.145526  -0.735064    1.03492 0.00136217 1 0.0306842 0.490087
1   0.988017  -0.149198  0.0395309 -0.0801606  -0.714887   -0.69463   0.131897   0.683137   -0.71828  -0.144276  -0.713757    1.05051 0.00145514 1 0.0732391 0.481028
1   0.986772  -0.159363  0.0297388 -0.0920727  -0.701913  -0.706287    0.13343   0.694206  -0.707301  -0.143917  -0.730171    1.03868 0.00136391 1 0.114656 0.493378
1   0.986891  -0.159238  0.0262638 -0.0922387  -0.690057  -0.717853   0.132433    0.70602  -0.695699  -0.142512  -0.747379    1.02612 0.00140542 1 0.060554 0.468959
1   0.990481  -0.136119  0.0204948 -0.0810875  -0.697275  -0.712203   0.111234   0.703761  -0.701675  -0.115665  -0.743325    1.03249 0.00136554 1 0.109821 0.482896
1  0.980338 -0.194356 0.0341095 -0.112637 -0.693101 -0.711986   0.16202  0.694145 -0.701365 -0.178641 -0.732336    1.0322 0.00138343 1 0.092916 0.451835
1  0.989604  -0.14254 0.0191158 -0.086138   -0.6939 -0.714901  0.115166  0.705822 -0.698965 -0.119753 -0.746384   1.02955 0.00138006 1 0.109224 0.503969
