1  0.593024   0.79549 -0.124574  0.191883 -0.289879  -0.93763 -0.781987  0.532134 -0.324547  0.944673 -0.606869  0.621473 0.00155545 0.992593 0.0906618 1.95774 0.00789538
1  0.593421  0.795258  -0.12416  0.192311 -0.289876 -0.937544  -0.78158  0.532481 -0.324955  0.944089 -0.607304  0.621978 0.00156665 0.993519 0.105054 2.37815 0.00891841
1  0.593049  0.795491 -0.124447  0.191941 -0.289781 -0.937649 -0.781954  0.532185 -0.324541  0.944621 -0.606952  0.621478 0.00156819 0.993519 0.146431 2.41454 0.00798487
1  0.593107  0.795461 -0.124364  0.192046 -0.289783 -0.937627 -0.781884  0.532229 -0.324637  0.944515 -0.606998  0.621592 0.00156793 0.993519 0.0826834 2.30067 0.00818924
1  0.592985  0.795493 -0.124735  0.191725 -0.289942 -0.937643 -0.782055  0.532094 -0.324447  0.944791 -0.606807  0.621349 0.00155606 0.992593 0.0827171 1.87899 0.00764504
1   0.59323  0.795485 -0.123623  0.194009 -0.290305 -0.937061 -0.781306  0.531909 -0.326549   0.94339 -0.606323  0.623994 0.00156454 0.993519 0.149183 1.85385 0.0113624
1   0.59291    0.7957 -0.123769   0.19269 -0.289423 -0.937606 -0.781875  0.532067 -0.324926  0.944455 -0.606812  0.622003 0.00156734 0.993519 0.100885 2.18684 0.00884291
1  0.592923  0.795598 -0.124366  0.192157 -0.289771 -0.937608 -0.781996  0.532032 -0.324691   0.94463 -0.606764  0.621657 0.00155474 0.992593 0.115477 2.25436 0.00816598
1  0.593107  0.795461 -0.124364  0.192046 -0.289782 -0.937627 -0.781884  0.532229 -0.324637  0.944515 -0.606998  0.621592 0.00156793 0.993519 0.183399 3.16219 0.00818918
1  0.593111  0.795446 -0.124436  0.192017  -0.28985 -0.937612 -0.781888  0.532214 -0.324652  0.944527 -0.606966  0.621603 0.00156834 0.993519 0.139525 2.60154 0.00816397
1   0.59295  0.795516  -0.12476  0.191754 -0.289975 -0.937627 -0.782075  0.532042 -0.324484  0.944805 -0.606745  0.621387 0.00155663 0.992593 0.0824956 1.82107 0.00765953
1  0.592923  0.795598 -0.124366  0.192157 -0.289771 -0.937608 -0.781996  0.532032 -0.324692   0.94463 -0.606764  0.621657 0.00155474 0.992593 0.0496343 2.22542 0.00816616
1  0.593968  0.794788 -0.124552   0.19266 -0.290846 -0.937172 -0.781079  0.532654 -0.325877  0.943463 -0.607103  0.623142 0.00156475 0.993519 0.106488 2.4709 0.0102669
1   0.59301  0.795472 -0.124755  0.191703 -0.289963 -0.937641 -0.782042  0.532114 -0.324445  0.944779 -0.606835  0.621343 0.00155621 0.992593 0.0960841 2.13803 0.00764269
1  0.593021  0.795533 -0.124311  0.192201 -0.289783 -0.937595 -0.781911   0.53212  -0.32475  0.944521 -0.606862  0.621727 0.00156781 0.993519 0.120703 2.33593 0.00832202
1  0.593021  0.795533 -0.124311  0.192201 -0.289783 -0.937595 -0.781911   0.53212  -0.32475  0.944521 -0.606862  0.621727 0.00156781 0.993519 0.101568 2.17839 0.0083221
1  0.592824  0.795885 -0.122994   0.19452 -0.289714 -0.937138 -0.781487  0.531633 -0.326565  0.943479 -0.606186  0.624015 0.0015669 0.993519 0.138775 1.90247 0.0115913
1  0.593027  0.795487 -0.124579   0.19188 -0.289884 -0.937629 -0.781985  0.532135 -0.324547  0.944672 -0.606873  0.621474 0.00155546 0.992593 0.0890464 2.46385 0.00789555
1  0.593518  0.795107 -0.124664  0.191989 -0.290299 -0.937479 -0.781586  0.532476 -0.324949  0.944256 -0.607042  0.622017 0.00156766 0.993519 0.0374551 1.88947 0.0086476
1  0.593107  0.795461 -0.124364  0.192046 -0.289783 -0.937627 -0.781884  0.532229 -0.324637  0.944515 -0.606998  0.621592 0.00156793 0.993519 0.0957211 1.72884 0.0081893
1  0.593021  0.795533 -0.124311  0.192201 -0.289783 -0.937595 -0.781911   0.53212  -0.32475  0.944521 -0.606862  0.621727 0.00156781 0.993519 0.0677053 1.91395 0.0083221
1  0.592866   0.79571 -0.123913  0.192845 -0.289677 -0.937495  -0.78187  0.531914 -0.325189  0.944307 -0.606632  0.622267 0.00155442 0.992593 0.113784 2.30146 0.009097
1  0.592923  0.795598 -0.124366  0.192157 -0.289771 -0.937608 -0.781996  0.532032 -0.324691   0.94463 -0.606764  0.621657 0.00155474 0.992593 0.107625 1.51028 0.00816611
1  0.592923  0.795598 -0.124366  0.192157 -0.289771 -0.937608 -0.781996  0.532032 -0.324691   0.94463 -0.606764  0.621657 0.00155473 0.992593 0.0602331 1.91354 0.00816606
1   0.59301  0.795472 -0.124755  0.191703 -0.289963 -0.937641 -0.782042  0.532114 -0.324445  0.944779 -0.606835  0.621343 0.00155621 0.992593 0.0427043 2.0937 0.00764262
1  0.592923  0.795598 -0.124366  0.192157 -0.289771 -0.937608 -0.781996  0.532032 -0.324691   0.94463 -0.606764  0.621657 0.00155474 0.992593 0.0757988 2.23511 0.00816606
1  0.592925  0.795536 -0.124747  0.191782 -0.289966 -0.937624 -0.782086  0.532017 -0.324498  0.944814 -0.606712  0.621404 0.00155663 0.992593 0.13202 2.24542 0.00767336
1   0.59291    0.7957 -0.123769  0.192691 -0.289423 -0.937606 -0.781875  0.532067 -0.324926  0.944455 -0.606813  0.622003 0.00156734 0.993519 0.0632375 2.65797 0.00884307
1  0.592923  0.795598 -0.124366  0.192157 -0.289771 -0.937608 -0.781996  0.532032 -0.324691   0.94463 -0.606764  0.621657 0.00155474 0.992593 0.0288239 2.03136 0.00816595
1   0.59288  0.795703 -0.123899  0.192561 -0.289474 -0.937617  -0.78193  0.532036 -0.324844  0.944551 -0.606763  0.621901 0.00156741 0.993519 0.122841 1.87008 0.00863705
1  0.592906   0.79566 -0.124051  0.192548 -0.289657 -0.937563 -0.781913  0.532001 -0.324942  0.944534 -0.606649  0.622016 0.0015681 0.993519 0.0622587 2.10146 0.00868036
1  0.593596  0.795146 -0.124047   0.19321 -0.290441 -0.937184 -0.781226  0.532341 -0.326034  0.943495 -0.606808  0.623357 0.00156375 0.993519 0.114422 2.23223 0.0105507
1  0.593063  0.795468 -0.124528  0.191912 -0.289863  -0.93763 -0.781951  0.532175 -0.324567  0.944625 -0.606914  0.621499 0.00156865 0.993519 0.0869407 2.25051 0.00796861
1  0.592906  0.795659 -0.124051  0.192548 -0.289657 -0.937563 -0.781913  0.532001 -0.324942  0.944534 -0.606649  0.622016 0.0015681 0.993519 0.116245 2.53016 0.00868046
1   0.59288  0.795703 -0.123899  0.192561 -0.289474 -0.937617  -0.78193  0.532036 -0.324844  0.944551 -0.606763  0.621901 0.00156741 0.993519 0.0944582 2.2077 0.00863716
1  0.592928  0.795682 -0.123802  0.192759 -0.289518 -0.937562 -0.781844  0.532043 -0.325038  0.944401 -0.606749  0.622136 0.00156755 0.993519 0.084734 1.98276 0.00897624
1  0.592923  0.795597 -0.124366  0.192157 -0.289771 -0.937608 -0.781996  0.532032 -0.324691   0.94463 -0.606764  0.621657 0.00155474 0.992593 0.129022 2.53896 0.00816603
1  0.593111  0.795446 -0.124436  0.192017  -0.28985 -0.937612 -0.781888  0.532215 -0.324652  0.944527 -0.606966  0.621603 0.00156834 0.993519 0.0505085 2.48538 0.00816393
1  0.593656  0.794979 -0.124825  0.191885 -0.290486 -0.937442 -0.781507  0.532566 -0.324994  0.944177 -0.607105   0.62206 0.00156728 0.993519 0.0702508 2.45187 0.00870257
1   0.59288  0.795703 -0.123899  0.192561 -0.289474 -0.937617  -0.78193  0.532036 -0.324844  0.944551 -0.606763  0.621901 0.00156742 0.993519 0.0910529 1.56846 0.00863705
1   0.59291    0.7957 -0.123769  0.192691 -0.289423 -0.937606 -0.781875  0.532067 -0.324926  0.944455 -0.606813  0.622003 0.00156734 0.993519 0.118839 1.93021 0.00884302
1   0.59344  0.795221 -0.124313  0.192185 -0.289981 -0.937537 -0.781597   0.53248 -0.324916  0.944138 -0.607295  0.621917 0.00155417 0.992593 0.0857885 2.25071 0.0087803
1   0.59288  0.795703 -0.123899  0.192561 -0.289474 -0.937617  -0.78193  0.532036 -0.324844  0.944551 -0.606763  0.621901 0.00156741 0.993519 0.102919 2.16692 0.00863718
1  0.592995  0.795485 -0.124744  0.191724 -0.289957 -0.937639 -0.782048  0.532098 -0.324457  0.944784 -0.606801  0.621359 0.00156964 0.993519 0.0481662 1.90199 0.00765414
1  0.592906   0.79566 -0.124051  0.192548 -0.289657 -0.937563 -0.781913  0.532001 -0.324942  0.944534 -0.606649  0.622016 0.0015681 0.993519 0.0757736 2.88201 0.00868043
1   0.59323  0.795485 -0.123622  0.194009 -0.290305 -0.937061 -0.781306  0.531908 -0.326549   0.94339 -0.606323  0.623994 0.00156454 0.993519 0.15771 2.47994 0.0113624
1   0.59323  0.795485 -0.123622  0.194009 -0.290305 -0.937061 -0.781306  0.531908 -0.326549   0.94339 -0.606323  0.623994 0.00156455 0.993519 0.102321 2.45146 0.0113624
1   0.59295  0.795516  -0.12476  0.191754 -0.289975 -0.937627 -0.782075  0.532042 -0.324484  0.944805 -0.606745  0.621387 0.00155663 0.992593 0.0625069 1.93272 0.00765953
1  0.593021  0.795533 -0.124311  0.192201 -0.289783 -0.937595 -0.781911   0.53212  -0.32475   0.94452 -0.606862  0.621727 0.00156782 0.993519 0.0644423 2.05897 0.00832214
1  0.592923  0.795598 -0.124366  0.192157 -0.289771 -0.937608 -0.781996  0.532032 -0.324691   0.94463 -0.606764  0.621657 0.00155474 0.992593 0.0825347 2.27615 0.00816596
1  0.593246  0.795466 -0.123666  0.193934 -0.290313 -0.937074 -0.781313  0.531932 -0.326495  0.943413 -0.606344  0.623932 0.00156436 0.993519 0.112984 2.4117 0.0112698
1  0.592898  0.795684 -0.123933  0.192629 -0.289569 -0.937573 -0.781899  0.532012 -0.324957  0.944497 -0.606699  0.622034 0.00156763 0.993519 0.0964673 2.82394 0.00877107
1  0.593021  0.795533 -0.124311  0.192201 -0.289783 -0.937595 -0.781911   0.53212  -0.32475  0.944521 -0.606862  0.621727 0.00156781 0.993519 0.0643682 2.38918 0.00832201
1  0.593021  0.795533 -0.124311  0.192201 -0.289783 -0.937595 -0.781911   0.53212  -0.32475  0.944521 -0.606862  0.621727 0.00156781 0.993519 0.0682143 2.87156 0.00832212
1  0.593464  0.795258 -0.123951  0.193214 -0.290267 -0.937237 -0.781325  0.532268 -0.325918  0.943622 -0.606761  0.623218 0.00156429 0.993519 0.121126 2.31993 0.0103683
1   0.59291    0.7957 -0.123769  0.192691 -0.289423 -0.937606 -0.781875  0.532067 -0.324926  0.944455 -0.606812  0.622003 0.00156734 0.993519 0.0856743 2.13812 0.00884303
1  0.593623  0.795026  -0.12468  0.191999 -0.290376 -0.937453 -0.781504  0.532555 -0.325018  0.944149 -0.607121  0.622098 0.00156724 0.993519 0.0703511 1.66707 0.00879824
1   0.59295  0.795516  -0.12476  0.191754 -0.289975 -0.937627 -0.782075  0.532042 -0.324484  0.944805 -0.606745  0.621387 0.00155663 0.992593 0.0698606 2.05062 0.00765951
1  0.592923  0.795597 -0.124366  0.192157 -0.289771 -0.937608 -0.781996  0.532032 -0.324691   0.94463 -0.606764  0.621657 0.00155474 0.992593 0.0868536 3.06488 0.00816593
1  0.593107  0.795461 -0.124364  0.192046 -0.289783 -0.937627 -0.781884  0.532229 -0.324637  0.944515 -0.606998  0.621592 0.00156793 0.993519 0.0796913 2.95719 0.00818921
1  0.592923  0.795598 -0.124366  0.192157 -0.289771 -0.937608 -0.781996  0.532032 -0.324692   0.94463 -0.606764  0.621657 0.00155473 0.992593 0.0916213 2.03938 0.00816613
1  0.592876  0.795569 -0.124769  0.191781 -0.289966 -0.937624 -0.782124  0.531967 -0.324489  0.944864  -0.60665  0.621393 0.00155664 0.992593 0.0963297 3.03304 0.00762445
1   0.59295  0.795516  -0.12476  0.191754 -0.289975 -0.937627 -0.782075  0.532042 -0.324484  0.944806 -0.606745  0.621387 0.00155663 0.992593 0.142506 2.68205 0.00765951
1   0.59295  0.795516  -0.12476  0.191754 -0.289975 -0.937627 -0.782075  0.532042 -0.324484  0.944806 -0.606745  0.621387 0.00155663 0.992593 0.135554 2.42895 0.00765949
1  0.592906  0.795659 -0.124051  0.192548 -0.289657 -0.937563 -0.781913  0.532001 -0.324942  0.944534 -0.606649  0.622016 0.0015681 0.993519 0.13836 2.25826 0.0086804
1  0.593003  0.795532 -0.124406  0.192141 -0.289846 -0.937588  -0.78194  0.532088 -0.324734  0.944573 -0.606809    0.6217 0.00156821 0.993519 0.117775 2.12183 0.00822828
1  0.593107  0.795461 -0.124364  0.192046 -0.289783 -0.937627 -0.781884  0.532229 -0.324637  0.944515 -0.606998  0.621592 0.00156793 0.993519 0.097375 2.708 0.0081892
1  0.593021  0.795533 -0.124311  0.192201 -0.289783 -0.937595 -0.781911   0.53212  -0.32475   0.94452 -0.606862  0.621727 0.00156781 0.993519 0.048073 2.46696 0.00832217
1  0.593514  0.795206  -0.12405  0.193259 -0.290438 -0.937175 -0.781276  0.532253 -0.326059  0.943542 -0.606723  0.623386 0.00156408 0.993519 0.0320073 1.66881 0.0105462
1  0.593111  0.795446 -0.124436  0.192017  -0.28985 -0.937612 -0.781888  0.532215 -0.324652  0.944527 -0.606967  0.621603 0.00156834 0.993519 0.0342336 2.06998 0.00816386
1  0.592995  0.795498 -0.124657  0.191836 -0.289931 -0.937624 -0.782021  0.532093 -0.324532  0.944722 -0.606818   0.62145 0.00155606 0.992593 0.0491221 1.88929 0.00781064
1  0.593008  0.795545 -0.124301  0.192201 -0.289766   -0.9376 -0.781921  0.532113 -0.324738  0.944533 -0.606862  0.621713 0.00156778 0.993519 0.102906 2.07949 0.00830652
1  0.592923  0.795597 -0.124366  0.192157 -0.289771 -0.937608 -0.781996  0.532032 -0.324691   0.94463 -0.606764  0.621657 0.00155473 0.992593 0.0694812 1.7671 0.008166
1   0.59288  0.795703 -0.123899  0.192561 -0.289474 -0.937617  -0.78193  0.532036 -0.324844  0.944551 -0.606763  0.621901 0.00156742 0.993519 0.0954042 2.30411 0.00863711
1  0.593111  0.795446 -0.124436  0.192017  -0.28985 -0.937612 -0.781888  0.532215 -0.324652  0.944527 -0.606966  0.621603 0.00156834 0.993519 0.132035 1.60347 0.00816398
1   0.59288  0.795703 -0.123899  0.192561 -0.289474 -0.937617  -0.78193  0.532036 -0.324844  0.944551 -0.606763  0.621901 0.00156742 0.993519 0.0955484 2.82042 0.00863718
1   0.59295  0.795516  -0.12476  0.191754 -0.289975 -0.937627 -0.782075  0.532042 -0.324484  0.944806 -0.606745  0.621387 0.00155663 0.992593 0.072744 1.78491 0.0076595
1  0.593779  0.794949 -0.124431  0.192858 -0.290744 -0.937163 -0.781174   0.53247 -0.325949  0.943521 -0.606902  0.623234 0.00156396 0.993519 0.074621 2.09082 0.0103209
1   0.59288  0.795703 -0.123899  0.192561 -0.289474 -0.937617  -0.78193  0.532036 -0.324844  0.944551 -0.606763  0.621901 0.00156742 0.993519 0.0611611 2.53064 0.00863715
1   0.59291    0.7957 -0.123769  0.192691 -0.289423 -0.937606 -0.781875  0.532067 -0.324926  0.944455 -0.606812  0.622003 0.00156734 0.993519 0.0671459 1.96113 0.00884293
1  0.593024   0.79549 -0.124574  0.191883 -0.289879  -0.93763 -0.781987  0.532134 -0.324547  0.944673 -0.606869  0.621473 0.00155545 0.992593 0.0788701 2.07597 0.00789549
1   0.59288  0.795703 -0.123899  0.192561 -0.289474 -0.937617  -0.78193  0.532036 -0.324844  0.944551 -0.606763  0.621901 0.00156742 0.993519 0.12036 1.90823 0.00863719
1   0.59291    0.7957 -0.123769   0.19269 -0.289423 -0.937606 -0.781875  0.532067 -0.324926  0.944455 -0.606813  0.622003 0.00156734 0.993519 0.073426 2.0067 0.00884288
1  0.593421  0.795258  -0.12416  0.192311 -0.289876 -0.937544  -0.78158  0.532481 -0.324955  0.944089 -0.607304  0.621978 0.00156665 0.993519 0.072298 1.98277 0.00891842
1   0.59288  0.795703 -0.123899  0.192561 -0.289474 -0.937617  -0.78193  0.532036 -0.324844  0.944551 -0.606763  0.621901 0.00156742 0.993519 0.0843048 2.28665 0.00863716
1  0.593021  0.795533 -0.124311  0.192201 -0.289783 -0.937595 -0.781911   0.53212  -0.32475  0.944521 -0.606862  0.621727 0.00156781 0.993519 0.11986 2.24636 0.00832217
1   0.59288  0.795703 -0.123899  0.192561 -0.289474 -0.937617  -0.78193  0.532036 -0.324844  0.944551 -0.606763  0.621901 0.00156742 0.993519 0.137865 1.90359 0.00863708
1  0.593224  0.795474 -0.123716  0.193701 -0.290203 -0.937156 -0.781387   0.53198  -0.32624  0.943558 -0.606431  0.623627 0.00156442 0.993519 0.0728688 2.4417 0.0108674
1  0.593021  0.795533 -0.124311  0.192201 -0.289783 -0.937595 -0.781911   0.53212  -0.32475   0.94452 -0.606862  0.621727 0.00156781 0.993519 0.0680815 2.49345 0.00832219
1  0.592923  0.795598 -0.124366  0.192157 -0.289771 -0.937608 -0.781996  0.532032 -0.324691   0.94463 -0.606764  0.621657 0.00155473 0.992593 0.121871 2.3943 0.00816598
1  0.592923  0.795598 -0.124366  0.192157 -0.289771 -0.937608 -0.781996  0.532032 -0.324691   0.94463 -0.606764  0.621657 0.00155474 0.992593 0.0752343 2.00751 0.00816598
1   0.59323  0.795485 -0.123622  0.194009 -0.290305 -0.937061 -0.781306  0.531908 -0.326549   0.94339 -0.606323  0.623994 0.00156454 0.993519 0.0770358 2.02078 0.0113624
1  0.593464  0.795217 -0.124222  0.192281  -0.28995 -0.937527 -0.781556  0.532503  -0.32498  0.944064 -0.607309  0.622003 0.00156687 0.993519 0.0609066 1.7641 0.00893491
1  0.593107  0.795461 -0.124364  0.192046 -0.289783 -0.937627 -0.781884  0.532229 -0.324637  0.944515 -0.606998  0.621592 0.00156793 0.993519 0.0717795 1.91647 0.00818932
1  0.593835  0.794825 -0.124957  0.191733 -0.290626  -0.93743 -0.781408   0.53272 -0.324978    0.9441 -0.607265  0.622031 0.00156783 0.993519 0.0768228 1.84552 0.00872661
1  0.592584   0.79588 -0.124176  0.192565 -0.289658 -0.937559 -0.782153  0.531671 -0.324905  0.944727 -0.606327  0.621917 0.00155567 0.992593 0.0743963 1.9428 0.00843711
1   0.59295  0.795516  -0.12476  0.191754 -0.289975 -0.937627 -0.782075  0.532042 -0.324484  0.944806 -0.606745  0.621387 0.00155663 0.992593 0.129051 2.25047 0.00765954
1   0.59295  0.795516  -0.12476  0.191754 -0.289975 -0.937627 -0.782075  0.532042 -0.324484  0.944806 -0.606745  0.621387 0.00155663 0.992593 0.170385 2.37091 0.00765956
1  0.592923  0.795598 -0.124366  0.192157 -0.289771 -0.937608 -0.781996  0.532032 -0.324691   0.94463 -0.606764  0.621657 0.00155474 0.992593 0.0606799 2.28686 0.00816597
1   0.59295  0.795516  -0.12476  0.191754 -0.289975 -0.937627 -0.782075  0.532042 -0.324484  0.944806 -0.606745  0.621387 0.00155663 0.992593 0.0587772 2.00876 0.0076595
1   0.59288  0.795703 -0.123899  0.192561 -0.289474 -0.937617  -0.78193  0.532036 -0.324844  0.944551 -0.606763  0.621901 0.00156742 0.993519 0.13272 2.1387 0.00863721
1  0.593111  0.795446 -0.124436  0.192017  -0.28985 -0.937612 -0.781888  0.532215 -0.324652  0.944527 -0.606966  0.621603 0.00156834 0.993519 0.0758306 1.93725 0.00816399
1  0.592985  0.795493 -0.124735  0.191725 -0.289942 -0.937643 -0.782055  0.532094 -0.324447  0.944791 -0.606807  0.621349 0.00155607 0.992593 0.0424296 2.12524 0.00764501
1  0.593369  0.795264 -0.124367   0.19255 -0.290258 -0.937377 -0.781561  0.532264 -0.325358  0.944068 -0.606803  0.622524 0.00156598 0.993519 0.0474837 1.75041 0.00930443
1  0.593021  0.795533 -0.124311  0.192201 -0.289783 -0.937595 -0.781911   0.53212  -0.32475   0.94452 -0.606862  0.621727 0.00156781 0.993519 0.150196 2.26225 0.00832222
1  0.592923  0.795597 -0.124366  0.192157 -0.289771 -0.937608 -0.781996  0.532032 -0.324692   0.94463 -0.606764  0.621657 0.00155474 0.992593 0.145964 2.17266 0.00816616
1  0.593928  0.794828 -0.124492   0.19279 -0.290843 -0.937146 -0.781077  0.532596 -0.325974  0.943422 -0.607037  0.623259 0.00156413 0.993519 0.136348 2.1255 0.0104108
1  0.592906   0.79566 -0.124051  0.192548 -0.289657 -0.937563 -0.781913  0.532001 -0.324942  0.944534 -0.606649  0.622016 0.0015681 0.993519 0.125622 2.24957 0.00868053
1   0.59288  0.795703 -0.123899  0.192561 -0.289474 -0.937617  -0.78193  0.532036 -0.324844  0.944551 -0.606763  0.621901 0.00156742 0.993519 0.11671 1.71842 0.00863713
1  0.592929  0.795561 -0.124569  0.191963 -0.289881 -0.937613 -0.782039  0.532025 -0.324598  0.944732 -0.606722  0.621533 0.00156885 0.993519 0.080741 1.9247 0.00791178
1   0.59297  0.795519 -0.124644  0.191864 -0.289922 -0.937621 -0.782032  0.532067 -0.324546  0.944731 -0.606785  0.621467 0.00155603 0.992593 0.180045 2.63472 0.00782403
1  0.592876  0.795569 -0.124769  0.191781 -0.289966 -0.937624 -0.782124  0.531967 -0.324489  0.944864  -0.60665  0.621393 0.00155663 0.992593 0.0962287 2.46726 0.00762444
1  0.593221   0.79536 -0.124461  0.192285 -0.290116 -0.937475 -0.781739  0.532198 -0.325038  0.944357 -0.606737  0.622137 0.00156698 0.993519 0.134993 1.96009 0.00872645
1  0.592906   0.79566 -0.124051  0.192548 -0.289657 -0.937563 -0.781913  0.532001 -0.324942  0.944534 -0.606649  0.622016 0.0015681 0.993519 0.0380958 1.78809 0.00868036
1   0.59347  0.795218 -0.124185  0.192297 -0.289921 -0.937533 -0.781547  0.532517 -0.324978  0.944049 -0.607333  0.622004 0.00156663 0.993519 0.114044 1.96449 0.00896149
1  0.593441   0.79524 -0.124178  0.192338 -0.289926 -0.937523 -0.781559   0.53248 -0.325009  0.944056 -0.607282  0.622042 0.0015666 0.993519 0.133174 2.47915 0.00898685
1  0.593595  0.795146 -0.124047   0.19321 -0.290441 -0.937184 -0.781226  0.532341 -0.326034  0.943495 -0.606808  0.623357 0.00156375 0.993519 0.11397 1.80388 0.0105507
1   0.59295  0.795516  -0.12476  0.191754 -0.289975 -0.937627 -0.782075  0.532042 -0.324484  0.944806 -0.606745  0.621387 0.00155663 0.992593 0.0815462 2.36208 0.0076595
1  0.593021  0.795533 -0.124311  0.192201 -0.289783 -0.937595 -0.781911   0.53212  -0.32475   0.94452 -0.606862  0.621727 0.00156781 0.993519 0.0574436 1.98305 0.00832212
1   0.59323  0.795485 -0.123622  0.194009 -0.290305 -0.937061 -0.781306  0.531908 -0.326549   0.94339 -0.606323  0.623994 0.00156454 0.993519 0.0647946 1.68386 0.0113624
1   0.59301  0.795472 -0.124755  0.191703 -0.289963 -0.937641 -0.782042  0.532114 -0.324445  0.944779 -0.606835  0.621343 0.00155621 0.992593 0.0544521 1.87005 0.00764268
1  0.592316  0.796081 -0.124166    0.1925  -0.28947  -0.93763 -0.782372  0.531471 -0.324703  0.944985 -0.606172  0.621682 0.00155875 0.992593 0.0629129 2.66054 0.00810424
1   0.59295  0.795516  -0.12476  0.191754 -0.289975 -0.937627 -0.782075  0.532042 -0.324484  0.944806 -0.606745  0.621387 0.00155663 0.992593 0.152582 1.94751 0.00765942
1    0.5929  0.795557 -0.124733  0.191782 -0.289936 -0.937634 -0.782106  0.532001 -0.324476  0.944844 -0.606697  0.621383 0.00155619 0.992593 0.093815 1.65076 0.00764109
1  0.592923  0.795597 -0.124366  0.192157 -0.289771 -0.937608 -0.781996  0.532032 -0.324691   0.94463 -0.606764  0.621657 0.00155473 0.992593 0.0558807 1.64069 0.008166
1  0.593224  0.795474 -0.123716  0.193701 -0.290203 -0.937156 -0.781387   0.53198  -0.32624  0.943557 -0.606432  0.623627 0.00156443 0.993519 0.130832 1.61265 0.0108675
1  0.593107  0.795461 -0.124364  0.192046 -0.289783 -0.937627 -0.781884  0.532229 -0.324637  0.944515 -0.606998  0.621592 0.00156793 0.993519 0.18645 1.82973 0.00818911
1  0.593439  0.795222 -0.124304  0.192194 -0.289975 -0.937537 -0.781595  0.532481 -0.324919  0.944132 -0.607299  0.621923 0.00155419 0.992593 0.138092 2.17452 0.00879293
1  0.592923  0.795597 -0.124366  0.192157 -0.289771 -0.937608 -0.781996  0.532032 -0.324691   0.94463 -0.606764  0.621657 0.00155474 0.992593 0.0725228 2.85636 0.00816598
1  0.593021  0.795533 -0.124311  0.192201 -0.289783 -0.937595 -0.781911   0.53212  -0.32475   0.94452 -0.606862  0.621727 0.00156781 0.993519 0.0525394 1.69515 0.0083222
1  0.593222  0.795429 -0.124017  0.192712 -0.289884 -0.937459 -0.781633  0.532222 -0.325254  0.944124 -0.606794  0.622422 0.00156614 0.993519 0.0604257 1.85393 0.00928867
1  0.593021  0.795533 -0.124311  0.192201 -0.289783 -0.937595 -0.781911   0.53212  -0.32475  0.944521 -0.606862  0.621727 0.00156781 0.993519 0.130736 2.24187 0.00832203
1   0.59295  0.795516  -0.12476  0.191754 -0.289975 -0.937627 -0.782075  0.532042 -0.324484  0.944805 -0.606745  0.621387 0.00155663 0.992593 0.0673335 1.67676 0.00765955
1  0.593229  0.795485 -0.123623  0.194009 -0.290305 -0.937061 -0.781306  0.531908 -0.326549   0.94339 -0.606323  0.623994 0.00156454 0.993519 0.0890029 2.29451 0.0113624
1  0.593012   0.79553 -0.124373  0.192172 -0.289833 -0.937586 -0.781925  0.532099 -0.324753  0.944544  -0.60683  0.621724 0.00155473 0.992593 0.138775 1.95411 0.00828187
1  0.592985  0.795493 -0.124735  0.191725 -0.289942 -0.937643 -0.782055  0.532094 -0.324448  0.944791 -0.606807  0.621349 0.00155606 0.992593 0.0753681 2.38877 0.0076451
1  0.593309  0.795295 -0.124461  0.192305 -0.290172 -0.937453 -0.781667  0.532265 -0.325101  0.944249 -0.606799  0.622218 0.0015658 0.993519 0.143387 1.82625 0.00886673
1   0.59291    0.7957 -0.123769   0.19269 -0.289423 -0.937606 -0.781875  0.532067 -0.324926  0.944455 -0.606813  0.622003 0.00156734 0.993519 0.0512996 2.58622 0.0088429
1  0.593206   0.79541 -0.124218  0.192522 -0.289983 -0.937467 -0.781692  0.532197 -0.325154  0.944239 -0.606743  0.622292 0.00156618 0.993519 0.0363593 1.91239 0.00902313
1  0.592906   0.79566 -0.124051  0.192548 -0.289657 -0.937563 -0.781913  0.532001 -0.324942  0.944534 -0.606649  0.622016 0.0015681 0.993519 0.0467738 2.25859 0.00868037
