1   0.59297  0.795519 -0.124644  0.191809 -0.289885 -0.937644 -0.782046  0.532087 -0.324481  0.944768  -0.60681  0.621394 0.00155547 0.992593 0.0906515 1.92822 0.00773659
1  0.593358  0.795323 -0.124051  0.192422 -0.289792 -0.937547 -0.781601  0.532431 -0.324988  0.944095 -0.607261  0.622023 0.00156633 0.993519 0.105239 2.356 0.00899003
1  0.592698  0.795767 -0.124354  0.191633 -0.289291 -0.937863 -0.782295  0.532039 -0.323957  0.945083 -0.606875  0.620794 0.00157072 0.993519 0.145055 2.36461 0.00713662
1  0.594637  0.794308 -0.124427  0.191175 -0.290012 -0.937734 -0.780935  0.533824 -0.324304  0.943526 -0.608854  0.621263 0.00156725 0.993519 0.0830837 2.22938 0.0090792
1  0.593065  0.795442 -0.124684  0.191495 -0.289764 -0.937745 -0.782051  0.532267 -0.324172  0.944809 -0.607042  0.620993 0.0015613 0.992593 0.0796284 1.843 0.00735059
1  0.593619  0.795109 -0.124166  0.193791  -0.29099 -0.936894 -0.781064  0.532096 -0.326823  0.943174 -0.606399  0.624265 0.00156439 0.993519 0.149269 1.80355 0.0116176
1  0.592835  0.795826 -0.123322  0.193535 -0.289435 -0.937428 -0.781723  0.531873 -0.325607  0.944071 -0.606567   0.62286 0.00156806 0.993519 0.100472 2.14276 0.0100321
1  0.592406  0.796078 -0.123757  0.191692 -0.288484   -0.9381 -0.782502  0.532013 -0.323501  0.945287 -0.607055  0.620306 0.00156042 0.992593 0.112244 2.15476 0.00696524
1  0.592759  0.795621 -0.124992  0.191558 -0.290021 -0.937653 -0.782267  0.531859 -0.324321  0.945052 -0.606379  0.621191 0.0015758 0.993519 0.1793 3.10494 0.0072072
1  0.595657  0.793108 -0.127175  0.189374 -0.292527 -0.937318 -0.780596  0.534236  -0.32444  0.943467 -0.608892  0.621218 0.00158987 0.993519 0.127712 2.52959 0.00904631
1   0.59201  0.796049 -0.125818  0.189726 -0.289385 -0.938222  -0.78328  0.531566  -0.32235  0.946765 -0.606312  0.618859 0.00156134 0.992593 0.0797226 1.75746 0.00392637
1  0.591572  0.796456   -0.1253  0.192481  -0.29043 -0.937338 -0.782939  0.530385 -0.325113   0.94574 -0.604572  0.622102 0.00156582 0.992593 0.0428608 2.16821 0.00810139
1  0.594593  0.794237 -0.125085  0.190806 -0.290515 -0.937654 -0.781058  0.533655 -0.324283  0.943867 -0.607946  0.621245 0.00165653 0.994444 0.0540792 2.398 0.00837338
1  0.592869  0.795368 -0.126079  0.190191 -0.290427 -0.937806 -0.782518  0.532017 -0.323457  0.945719  -0.60661  0.620128 0.00157287 0.993519 0.0864049 2.09367 0.00548527
1  0.591214  0.795968 -0.130005   0.18409  -0.29012 -0.939117 -0.785224  0.531286 -0.318052  0.950815 -0.605627  0.613599 0.00163646 0.994444 0.0822006 2.22956 0.00576074
1  0.592745  0.796068 -0.122187  0.193149 -0.287791 -0.938014 -0.781887  0.532402 -0.324346  0.944295 -0.607623  0.621347 0.00157099 0.993519 0.0997486 2.09962 0.00928067
1  0.591883  0.796434 -0.123962  0.193233 -0.289517 -0.937465 -0.782519  0.530916 -0.325258  0.945003 -0.605331  0.622451 0.00157133 0.993519 0.136338 1.84573 0.00902157
1  0.592946  0.795087 -0.127486  0.190847 -0.292568 -0.937006 -0.782299  0.531264 -0.325217  0.945055 -0.605359  0.622278 0.00159425 0.991667 0.066325 2.35442 0.00789353
1  0.593192  0.795155 -0.125907   0.18984 -0.290142 -0.937965 -0.782358  0.532491 -0.323062  0.945677 -0.607073  0.619785 0.0015719 0.993519 0.0348547 1.85334 0.00533224
1   0.59827  0.791628 -0.124088  0.188593  -0.28962 -0.938378 -0.778785  0.538001 -0.322566  0.941217 -0.614162  0.619265 0.00161856 0.993519 0.0665229 1.60158 0.0139252
1  0.593047  0.795629 -0.123572  0.193691  -0.28994  -0.93724 -0.781523  0.531893 -0.326054  0.943682 -0.606537  0.623299 0.00155477 0.992593 0.0754582 1.8566 0.0105673
1  0.592613  0.795941 -0.123643  0.192209 -0.288803 -0.937896 -0.782218  0.532044 -0.324135  0.944883 -0.607017  0.621063 0.0015684 0.993519 0.105815 2.25804 0.00785049
1  0.591185  0.797152 -0.122672  0.195015 -0.288866 -0.937297 -0.782604  0.530193  -0.32623  0.944738 -0.604665  0.623559 0.00156273 0.992593 0.103038 1.38819 0.0111266
1  0.591417  0.796928 -0.123013  0.193423 -0.288301 -0.937801 -0.782824  0.530838  -0.32465  0.945384 -0.605584  0.621692 0.00155936 0.992593 0.0574364 1.82165 0.00871383
1  0.593497  0.794951 -0.125756  0.191222 -0.291054 -0.937402  -0.78179  0.532298 -0.324751  0.944581 -0.606819  0.621647 0.00156016 0.992593 0.0402737 2.05006 0.00779125
1  0.592777  0.795813 -0.123678  0.192406 -0.289058 -0.937777 -0.782045  0.532097 -0.324466  0.944505 -0.606956  0.621503 0.00157524 0.993519 0.0636123 2.14288 0.0083552
1  0.592909   0.79556 -0.124673  0.192575  -0.29041 -0.937324 -0.781904   0.53174 -0.325392   0.94436 -0.606257  0.622464 0.0015606 0.992593 0.129811 2.20224 0.00897124
1  0.592214   0.79675 -0.120302   0.19554 -0.286938  -0.93778 -0.781695  0.531843 -0.325725  0.943506 -0.606999  0.623161 0.0015798 0.993519 0.0557939 2.50594 0.0122137
1  0.591881  0.796777 -0.121749  0.194805 -0.287979 -0.937614  -0.78213  0.531239 -0.325665  0.944144 -0.606206  0.622985 0.00156003 0.992593 0.0255195 1.88316 0.0109782
1  0.593205  0.795317 -0.124814  0.191268 -0.289831 -0.937771    -0.782  0.532417 -0.324048  0.944943 -0.607163  0.620942 0.00156815 0.993519 0.122429 1.81236 0.00720999
1  0.592561  0.795922 -0.124013  0.191477 -0.288715 -0.938073 -0.782437   0.53212 -0.323482  0.945443 -0.606934  0.620351 0.00157407 0.993519 0.0586887 2.00211 0.00676161
1  0.593288  0.795059 -0.126057  0.192194 -0.291968 -0.936918  -0.78171  0.531635 -0.326027  0.944319 -0.605385  0.623368 0.00160052 0.994444 0.0935997 2.1607 0.00960524
1  0.593062  0.795422 -0.124825  0.191813 -0.290145 -0.937563 -0.781975   0.53209 -0.324646   0.94466 -0.606718  0.621575 0.00157146 0.993519 0.0853055 2.2137 0.00789075
1  0.592803   0.79569 -0.124348    0.1926 -0.289992 -0.937449 -0.781978  0.531773 -0.325158  0.944592 -0.606269  0.622295 0.00156822 0.993519 0.116179 2.46592 0.00878527
1  0.593814  0.794802   -0.1252  0.190873 -0.290315 -0.937702 -0.781635  0.532923 -0.324099  0.944581 -0.607634  0.620983 0.00156942 0.993519 0.0932977 2.08064 0.0074811
1  0.593031  0.795657 -0.123471  0.193151 -0.289445 -0.937504  -0.78167   0.53212 -0.325331  0.944088 -0.606833   0.62249 0.00156737 0.993519 0.0848372 1.93972 0.00961843
1  0.588365   0.79992 -0.118128  0.197271 -0.283678 -0.938409 -0.784162  0.528824 -0.324707  0.946027  -0.60411   0.62205 0.001602 0.992593 0.102543 2.30113 0.0136054
1   0.59305  0.795513 -0.124305  0.192118 -0.289735 -0.937627  -0.78191  0.532178  -0.32466  0.944538 -0.606944  0.621609 0.00156859 0.993519 0.0503562 2.45583 0.00821536
1  0.593788    0.7948 -0.125332  0.192567 -0.291613 -0.936953 -0.781239  0.532216 -0.326208  0.943686 -0.606435  0.623483 0.00156739 0.993519 0.0701844 2.38032 0.0102633
1  0.592533  0.795918 -0.124172  0.192702 -0.289722 -0.937511 -0.782158  0.531578 -0.325044    0.9448 -0.606133  0.622126 0.00156853 0.993519 0.0904113 1.53205 0.00861535
1   0.59256  0.796379 -0.121047   0.19733 -0.289203 -0.936708 -0.780982   0.53117  -0.32852  0.942214 -0.605655  0.626349 0.00157275 0.993519 0.115798 1.76066 0.0154301
1  0.593778  0.794915 -0.124648  0.191815 -0.290289 -0.937518 -0.781431  0.532768 -0.324844  0.944047 -0.607589  0.621808 0.00156766 0.993519 0.0778528 2.16633 0.00870568
1  0.592448  0.795451 -0.127525  0.187894 -0.290366 -0.938287 -0.783391  0.531926 -0.321487  0.947464 -0.606394  0.617801 0.0015806 0.993519 0.0953704 2.06005 0.00215287
1  0.592964  0.795436 -0.125205  0.191571 -0.290381 -0.937539 -0.782109  0.531941 -0.324568  0.944884 -0.606495  0.621465 0.00155905 0.992593 0.0545891 1.8724 0.00751969
1  0.592612   0.79582 -0.124427  0.191825 -0.289464 -0.937771 -0.782314  0.531866 -0.324198  0.945207 -0.606463  0.621143 0.00157025 0.993519 0.0745097 2.78995 0.00733485
1  0.592467  0.796167 -0.122883  0.194613  -0.28947 -0.937194 -0.781734  0.531342 -0.326446  0.943757 -0.605822   0.62392 0.00156942 0.993519 0.155084 2.40938 0.0114225
1  0.593198   0.79547 -0.123866  0.193282 -0.290082  -0.93728  -0.78151  0.532052 -0.325827  0.943764 -0.606538  0.623156 0.00156568 0.993519 0.101672 2.39954 0.0102154
1   0.59197  0.796291 -0.124469   0.19243 -0.289611 -0.937601 -0.782651   0.53108 -0.324672    0.9454 -0.605748  0.621436 0.00157952 0.991667 0.0487227 1.84023 0.00768162
1  0.592869  0.795769 -0.123523  0.193266 -0.289505 -0.937462 -0.781764   0.53192 -0.325434   0.94411 -0.606669  0.622554 0.00155456 0.992593 0.0723526 2.01582 0.00965187
1  0.592581  0.795882 -0.124174  0.192437 -0.289568 -0.937613 -0.782187  0.531716 -0.324749  0.944792 -0.606403  0.621737 0.00155557 0.992593 0.0820442 2.22626 0.00822831
1  0.593885  0.795276 -0.121805  0.196093 -0.289909  -0.93675 -0.780287  0.532437 -0.328121  0.941696 -0.606975  0.625892 0.00156935 0.993519 0.110157 2.36179 0.0148544
1  0.593021  0.795594 -0.123918  0.192336 -0.289412 -0.937682 -0.781878  0.532232 -0.324649  0.944528 -0.606984  0.621679 0.00156773 0.993519 0.0964068 2.78621 0.00844315
1  0.593569  0.794965 -0.125327  0.191751 -0.290943 -0.937328 -0.781605  0.532337  -0.32513  0.944221 -0.606695  0.622187 0.00156758 0.993519 0.0645054 2.29023 0.00859542
1  0.593125  0.795517 -0.123915  0.193156 -0.290017 -0.937326 -0.781597  0.532017 -0.325675   0.94393 -0.606652  0.622822 0.00156866 0.993519 0.0677078 2.82841 0.0098478
1  0.593487  0.795325 -0.123419  0.194243 -0.290352 -0.936998 -0.781052  0.532123 -0.326806  0.943039 -0.606514   0.62428 0.00156414 0.993519 0.121207 2.25549 0.0119198
1   0.59325  0.796108 -0.119445  0.198481 -0.288445 -0.936699 -0.780167  0.531989 -0.329132  0.940865 -0.606887  0.627177 0.00157714 0.993519 0.079958 1.98382 0.017517
1  0.593787  0.794995 -0.124096  0.193397 -0.290721 -0.937059 -0.781034  0.532413 -0.326376  0.943252 -0.606857  0.623716 0.00156555 0.993519 0.0713512 1.59602 0.0110688
1  0.591747  0.796321 -0.125337  0.191202 -0.289693 -0.937827  -0.78312  0.530991 -0.323683  0.946158 -0.605553  0.620489 0.00156608 0.992593 0.0642164 1.95955 0.00597347
1  0.590589  0.797466 -0.123501  0.192061  -0.28755 -0.938311 -0.783784  0.530437 -0.322986  0.946705 -0.605386  0.619722 0.00156689 0.991667 0.0797193 2.89973 0.00661212
1  0.594586  0.794436 -0.123852  0.193472 -0.290878 -0.936994 -0.780408  0.533162 -0.326653  0.942322 -0.607814  0.624047 0.0015675 0.993519 0.0799421 2.85137 0.0121577
1  0.591038  0.797489 -0.121182  0.194348 -0.286589 -0.938134 -0.782881  0.530922 -0.324375  0.945152 -0.606148  0.621492 0.0015687 0.992593 0.0834621 1.86999 0.00985449
1  0.592241  0.795949 -0.125366  0.192027 -0.290526 -0.937401 -0.782545  0.531094 -0.324905  0.945314 -0.605428  0.621885 0.00156088 0.992593 0.0938661 2.98933 0.00775053
1  0.592076  0.796208 -0.124494  0.192259 -0.289577 -0.937647 -0.782613  0.531223  -0.32453  0.945367 -0.605913  0.621437 0.00156528 0.992593 0.137741 2.60454 0.00759835
1  0.592434  0.795931 -0.124559  0.191794 -0.289512 -0.937762 -0.782456  0.531673 -0.324172  0.945264 -0.606433  0.621028 0.0015596 0.992593 0.133907 2.36517 0.00716278
1  0.593003  0.795522  -0.12447  0.192363 -0.290073 -0.937472 -0.781885   0.53198 -0.325043  0.944523 -0.606505  0.622143 0.00156772 0.993519 0.138569 2.19386 0.00862734
1  0.592905  0.795574   -0.1246   0.19252 -0.290285 -0.937374  -0.78192  0.531786 -0.325275  0.944484  -0.60633  0.622319 0.0015565 0.992593 0.12436 2.07877 0.00880489
1  0.593286  0.795324 -0.124388  0.191689 -0.289655  -0.93774 -0.781836  0.532504 -0.324303  0.944518 -0.607351  0.621215 0.00156754 0.993519 0.0975979 2.67598 0.00787841
1  0.592641  0.796052 -0.122794  0.195209 -0.289856 -0.936951 -0.781454  0.531305 -0.327177   0.94324 -0.605709  0.624707 0.00156948 0.993519 0.04706 2.34728 0.0125292
1  0.595044  0.794257 -0.122793  0.195503 -0.291245 -0.936459 -0.779552  0.533228 -0.328583  0.940858 -0.607792  0.626391 0.00156725 0.993519 0.0300437 1.61776 0.0156502
1  0.593737  0.794668 -0.126406  0.192799 -0.293012 -0.936468  -0.78122  0.531645 -0.327184  0.943645 -0.605547  0.624349 0.00157358 0.991667 0.0310066 1.9974 0.0112172
1  0.593023  0.795547 -0.124215  0.191858 -0.289438 -0.937772 -0.781994  0.532288 -0.324276  0.944758 -0.607207  0.621113 0.00155775 0.992593 0.0480872 1.83905 0.00774237
1  0.592839  0.795691 -0.124173  0.192462 -0.289709 -0.937565 -0.781985  0.531926 -0.324891  0.944554 -0.606649  0.621911 0.00155377 0.992593 0.110924 2.04919 0.00852077
1   0.59184  0.796382 -0.124502   0.19358 -0.290367 -0.937131 -0.782465  0.530531 -0.326014  0.944898 -0.604761  0.623241 0.00156096 0.992593 0.065754 1.67381 0.00983319
1  0.592766  0.795804 -0.123793  0.192804 -0.289458 -0.937572 -0.781956  0.531892 -0.325015  0.944534  -0.60656  0.622102 0.00156814 0.993519 0.09499 2.25334 0.0088766
1  0.593712  0.795045 -0.124132  0.191736 -0.289595 -0.937748   -0.7815  0.532952 -0.324375  0.944156 -0.607933  0.621269 0.00156752 0.993519 0.132487 1.56038 0.00841593
1  0.593225  0.795162 -0.125703  0.190181  -0.29015 -0.937894  -0.78225  0.532476 -0.323348  0.945481  -0.60715  0.620108 0.00157048 0.993519 0.0937816 2.74918 0.00582984
1  0.593161   0.79547 -0.124048  0.191825 -0.289286 -0.937825 -0.781897  0.532486 -0.324185  0.944568 -0.607505  0.621054 0.00155789 0.992593 0.0719952 1.72478 0.00789475
1  0.593837  0.794905 -0.124432  0.192853 -0.290771 -0.937155 -0.781131  0.532521  -0.32597  0.943469 -0.606962  0.623264 0.00156395 0.993519 0.074624 2.0682 0.0103877
1   0.59217  0.796138 -0.124494  0.192335 -0.289674 -0.937601 -0.782523  0.531274 -0.324662  0.945331  -0.60576  0.621679 0.00156986 0.993519 0.0596997 2.49398 0.00782637
1  0.593073  0.795564 -0.123869  0.192243 -0.289316 -0.937731 -0.781862   0.53233 -0.324527  0.944553  -0.60717  0.621541 0.00156779 0.993519 0.0668823 1.93166 0.00835573
1  0.592896  0.795537 -0.124884  0.191542  -0.28995 -0.937678 -0.782167  0.532025 -0.324289  0.944964 -0.606715  0.621174 0.00156933 0.993519 0.0706485 2.0455 0.00731096
1  0.592001    0.7964 -0.123617  0.192078 -0.288385 -0.938051 -0.782713  0.531584 -0.323695  0.945651 -0.606533  0.620531 0.00157156 0.993519 0.118035 1.83008 0.00711144
1  0.591596  0.796858 -0.122608  0.193646 -0.288063 -0.937828 -0.782634  0.531072 -0.324725  0.945064 -0.605887  0.621842 0.00157357 0.993519 0.0697437 1.90797 0.00912413
1  0.593434  0.795243   -0.1242  0.192021 -0.289732 -0.937648 -0.781642  0.532583  -0.32464  0.944234 -0.607463   0.62162 0.00156567 0.993519 0.0728783 1.9533 0.00851428
1  0.591473  0.796307 -0.126705  0.189406 -0.289953 -0.938111 -0.783763  0.530869 -0.322324  0.947467 -0.605275  0.618904 0.00158074 0.993519 0.076522 2.23404 0.00351201
1  0.592275  0.796402 -0.122288  0.195613 -0.289355 -0.937022  -0.78163  0.531054 -0.327164   0.94331 -0.605586  0.624721 0.00155981 0.992593 0.124351 2.12663 0.0127504
1  0.592932  0.795439 -0.125333  0.190246 -0.289615 -0.938046 -0.782456  0.532353 -0.323051  0.945712 -0.607084  0.619771 0.00157115 0.993519 0.135812 1.83492 0.00550767
1  0.593108   0.79556 -0.123723  0.192676 -0.289456 -0.937599 -0.781729  0.532258 -0.324964  0.944216 -0.606954  0.622135 0.00156755 0.993519 0.0710178 2.40567 0.00907643
1  0.592376   0.79617 -0.123304   0.19596 -0.290836  -0.93649 -0.781467  0.530592 -0.328301  0.943045 -0.604645  0.626015 0.00156312 0.992593 0.0708666 2.37373 0.0139746
1  0.590446  0.798025 -0.120537  0.194601 -0.285715 -0.938348 -0.783265  0.530588 -0.323996  0.945549 -0.605921  0.621047 0.00157588 0.992593 0.109928 2.2032 0.0100778
1  0.592026  0.796327 -0.123969  0.192856 -0.289339 -0.937598 -0.782504  0.531174 -0.324872  0.945088 -0.605792  0.621916 0.00155685 0.992593 0.0739768 1.92217 0.00841827
1  0.593004  0.795721 -0.123185  0.194691 -0.290144  -0.93697 -0.781308  0.531644 -0.326976  0.943245 -0.606039  0.624474 0.0015653 0.993519 0.0765905 1.97697 0.0121095
1   0.59341  0.794149 -0.131118  0.185453 -0.293416 -0.937824 -0.783244  0.532198 -0.321393  0.947879 -0.606157  0.617427 0.0015922 0.992593 0.0457246 1.63607 0.00408012
1  0.595019  0.793807 -0.125787  0.192091 -0.292432 -0.936795 -0.780419  0.533248 -0.326485  0.942678 -0.607606  0.623765 0.00157078 0.993519 0.0700931 1.81989 0.0113567
1  0.594048  0.794661 -0.124984  0.191431 -0.290555 -0.937514  -0.78132  0.533002 -0.324726  0.944037 -0.607672   0.62173 0.00156658 0.993519 0.0775609 1.77459 0.00857455
1  0.592271   0.79609  -0.12432  0.192329 -0.289515 -0.937652 -0.782447  0.531434 -0.324583  0.945128 -0.606044  0.621556 0.00157028 0.993519 0.0657008 1.91362 0.00783889
1  0.593061  0.795496 -0.124355  0.192351 -0.289957 -0.937511 -0.781844  0.532081 -0.324977   0.94438 -0.606793  0.621962 0.0015579 0.992593 0.128338 2.22789 0.00860798
1  0.589284  0.797169 -0.131399  0.181867 -0.289347 -0.939789 -0.787191  0.529905 -0.315486  0.953478 -0.604576  0.610526 0.00165552 0.991667 0.117683 2.25001 0.0110089
1  0.590388  0.797981 -0.121112  0.195902 -0.287242 -0.937611 -0.782984  0.529828  -0.32591  0.944895 -0.604653  0.623255 0.00156166 0.991667 0.0564951 2.09761 0.0118344
1  0.591655  0.796309 -0.125847  0.190471 -0.289753 -0.937957 -0.783368  0.530977 -0.323108  0.946627 -0.605504  0.619777 0.00156745 0.992593 0.0522329 1.92851 0.00488495
1  0.593187  0.795269 -0.125206  0.190884 -0.290024  -0.93779 -0.782108  0.532385 -0.323842  0.945025 -0.607095  0.620715 0.0015683 0.993519 0.132231 2.0886 0.0067575
1  0.593439  0.794965  -0.12594  0.191191 -0.291222 -0.937356 -0.781841  0.532185 -0.324812  0.944692 -0.606644  0.621746 0.00157081 0.993519 0.0743753 1.88691 0.00776962
1  0.593136  0.795397 -0.124631  0.191355 -0.289642 -0.937812 -0.782031  0.532401    -0.324  0.944831 -0.607247  0.620816 0.00157081 0.993519 0.033356 2.0959 0.00723311
1  0.594769   0.79445 -0.122876  0.194114 -0.290256 -0.937054 -0.780109  0.533479 -0.326849  0.941932 -0.608326  0.624327 0.00156647 0.993519 0.0471856 1.66443 0.0130687
1  0.594818  0.794309 -0.123549  0.195042  -0.29171  -0.93641  -0.77984  0.532897 -0.328438   0.94133  -0.60722  0.626176 0.00156509 0.993519 0.151674 2.14136 0.014904
1  0.590075  0.798227 -0.121019  0.195111 -0.286445  -0.93802 -0.783418   0.52989 -0.324766   0.94561 -0.604882  0.621943 0.00157445 0.992593 0.135138 1.98328 0.0106162
1  0.594016  0.794771 -0.124434   0.19289 -0.290887 -0.937112 -0.780986  0.532657 -0.326095  0.943288 -0.607098  0.623401 0.00156405 0.993519 0.136395 2.09618 0.01066
1  0.592797  0.795712 -0.124233  0.192299 -0.289649 -0.937616 -0.782057  0.531926 -0.324718  0.944751 -0.606541  0.621777 0.00156814 0.993519 0.125602 2.19254 0.00824452
1  0.593174  0.795402 -0.124422  0.192702  -0.29033 -0.937323 -0.781672  0.532019 -0.325492  0.944176 -0.606544  0.622604 0.001569 0.993519 0.115818 1.66797 0.00931882
1  0.592734  0.795682 -0.124729  0.191715 -0.289806 -0.937688 -0.782248  0.531887 -0.324321  0.945042 -0.606548  0.621199 0.00157046 0.993519 0.0797925 1.89513 0.00735137
1  0.593017  0.795537 -0.124306  0.192501  -0.28998 -0.937473  -0.78184  0.532009 -0.325104   0.94436 -0.606708  0.622123 0.00155628 0.992593 0.179913 2.60197 0.00879035
1  0.592669  0.795672 -0.125095  0.191032  -0.28974 -0.937847 -0.782464  0.531936 -0.323719  0.945448  -0.60667  0.620486 0.00155747 0.992593 0.095743 2.43761 0.00632148
1  0.593071  0.795324 -0.125407  0.191527 -0.290642 -0.937467 -0.782038  0.531966 -0.324697  0.944871 -0.606339   0.62172 0.00156764 0.993519 0.134629 1.90256 0.00769194
1  0.592989  0.795484  -0.12478  0.191475 -0.289826  -0.93773 -0.782114  0.532171 -0.324179  0.945031 -0.606775  0.621109 0.00156965 0.993519 0.0371481 1.69622 0.00725961
1  0.593662  0.795113 -0.123938  0.192385 -0.289784 -0.937557 -0.781379  0.532748 -0.325002  0.943816 -0.607643  0.622044 0.00156619 0.993519 0.114288 1.93527 0.00928315
1  0.595975  0.792883 -0.127081  0.191343 -0.293921 -0.936482 -0.779873  0.533804 -0.326882  0.942267 -0.608009  0.624071 0.00157595 0.992593 0.128005 2.35137 0.012238
1  0.593737  0.795345 -0.122079  0.197296 -0.290978 -0.936166 -0.780097   0.53175 -0.329683  0.941179 -0.605861  0.627764 0.00157505 0.993519 0.107566 1.74582 0.016951
1  0.592458  0.795797 -0.125303  0.190467   -0.2895 -0.938036 -0.782761  0.531881  -0.32309  0.945841   -0.6067  0.619685 0.0015613 0.991667 0.0787883 2.29053 0.00530039
1  0.593107  0.795562 -0.123716  0.194271 -0.290533 -0.936936 -0.781334  0.531669 -0.326872  0.943404 -0.606139  0.624252 0.00155616 0.992593 0.0644462 1.92514 0.0116589
1  0.593247  0.795485 -0.123538  0.194353 -0.290448 -0.936945 -0.781208   0.53183 -0.326913  0.943201 -0.606189  0.624417 0.0015646 0.993519 0.0647579 1.64794 0.0119328
1  0.592763  0.795371 -0.126557   0.19068  -0.29127 -0.937445 -0.782479  0.531551 -0.324315  0.945555 -0.605849  0.621138 0.00156227 0.992593 0.0507681 1.8198 0.00648135
1  0.592113  0.796276 -0.123879  0.192553  -0.28907 -0.937743 -0.782512  0.531397 -0.324487  0.945138 -0.606441  0.621428 0.00157844 0.991667 0.0510718 2.57471 0.00797905
1  0.591825  0.796359  -0.12472  0.191609  -0.28928 -0.937871 -0.782962  0.531158 -0.323793  0.945899  -0.60587  0.620601 0.0015645 0.992593 0.148295 1.85513 0.00645916
1  0.592232  0.795908 -0.125665  0.190421 -0.289785 -0.937958 -0.782943   0.53156 -0.323178  0.946135 -0.606171  0.619859 0.00157485 0.993519 0.08295 1.60044 0.0051163
1  0.591825  0.796299 -0.125105  0.190484  -0.28897 -0.938196 -0.783236  0.531418 -0.322702  0.946479 -0.606218   0.61939 0.00157662 0.993519 0.0425924 1.54911 0.00488421
1  0.594392  0.794437 -0.124766  0.192256 -0.291032 -0.937197 -0.780855  0.533076 -0.325722   0.94325 -0.607603  0.622964 0.00156351 0.993519 0.13134 1.54888 0.0102749
1  0.594035  0.794718 -0.124685  0.191411 -0.290183 -0.937633 -0.781335   0.53312 -0.324497  0.944016 -0.607891  0.621407 0.00156948 0.993519 0.185649 1.75188 0.00844018
1   0.59335  0.795193 -0.124914  0.191889 -0.290443 -0.937455 -0.781738  0.532269 -0.324923  0.944387 -0.606935  0.621918 0.00155481 0.992593 0.137749 2.13839 0.00838827
1  0.590953  0.797186 -0.123568  0.193727 -0.288933 -0.937543   -0.7831  0.530105 -0.325182  0.945543  -0.60461  0.622283 0.00155637 0.991667 0.07155 2.69516 0.00919085
1  0.592555  0.796026 -0.123372  0.193596 -0.289398 -0.937427  -0.78192  0.531593 -0.325592  0.944233  -0.60628  0.622792 0.00156779 0.993519 0.0525543 1.61663 0.00988261
1  0.593131  0.795476 -0.124152  0.192335 -0.289741 -0.937581 -0.781795  0.532229 -0.324852  0.944413 -0.606821  0.621968 0.00156753 0.993519 0.0595905 1.82453 0.00863704
1  0.593444   0.79545 -0.122814  0.192398 -0.288359 -0.937994 -0.781542  0.533018 -0.324168  0.944032 -0.608254   0.62112 0.00156845 0.993519 0.130381 2.19181 0.0090193
1  0.592891  0.795489  -0.12521  0.191025  -0.28998 -0.937775 -0.782298   0.53208 -0.323885  0.945246 -0.606812  0.620637 0.00156015 0.992593 0.0652241 1.63348 0.0065531
1  0.593397    0.7954 -0.123364  0.194181   -0.2902 -0.937058 -0.781136  0.532093 -0.326656  0.943151 -0.606563  0.624146 0.00156527 0.993519 0.0885782 2.25157 0.011731
1  0.592679  0.795863 -0.123827  0.192812 -0.289462 -0.937569  -0.78202  0.531802  -0.32501   0.94455 -0.606575  0.622038 0.00155509 0.992593 0.138575 1.91775 0.00881198
1  0.593894  0.794608 -0.126048  0.191746 -0.291951 -0.937016  -0.78136  0.532319 -0.325751  0.943908 -0.606625  0.622809 0.00156588 0.992593 0.0695334 2.3319 0.00935101
1  0.592966  0.795395 -0.125454  0.190466 -0.289923 -0.937906 -0.782377  0.532251  -0.32341  0.945492 -0.606834  0.620215 0.00156831 0.993519 0.142011 1.79019 0.00589128
1  0.592875  0.795845 -0.123005    0.1926 -0.288445 -0.937926 -0.781924  0.532382 -0.324291  0.944443 -0.607376  0.621359 0.00157087 0.993519 0.0491626 2.5079 0.0086704
1  0.593181  0.795404 -0.124371   0.19233  -0.29002 -0.937495 -0.781758  0.532184 -0.325015  0.944362 -0.606717  0.622134 0.00156636 0.993519 0.0362497 1.88274 0.00873977
1  0.593016  0.795425 -0.125021  0.191402 -0.290075 -0.937668 -0.782111  0.532123 -0.324265  0.945023 -0.606692  0.621215 0.00156921 0.993519 0.0460974 2.19332 0.00726134
