1  0.593111  0.795446 -0.124436  0.192017  -0.28985 -0.937612 -0.781888  0.532214 -0.324652  0.944527 -0.606966  0.621603 0.00156834 0.993519 0.0831277 0.123727 0.00816398
1   0.59344  0.795221 -0.124313  0.192185 -0.289981 -0.937537 -0.781597   0.53248 -0.324916  0.944138 -0.607295  0.621917 0.00155417 0.992593 0.112186 0.116624 0.00878031
1  0.592923  0.795598 -0.124366  0.192157 -0.289771 -0.937608 -0.781996  0.532032 -0.324691   0.94463 -0.606764  0.621657 0.00155474 0.992593 0.153754 0.296418 0.00816598
1  0.593106  0.795461 -0.124364  0.192046 -0.289783 -0.937627 -0.781884  0.532229 -0.324637  0.944515 -0.606998  0.621592 0.00156793 0.993519 0.0826826 0.0954734 0.00818917
1  0.593021  0.795533 -0.124311  0.192201 -0.289783 -0.937595 -0.781911   0.53212  -0.32475   0.94452 -0.606862  0.621727 0.00156781 0.993519 0.0757928 0.200294 0.00832234
1  0.593204  0.795493 -0.123695  0.193768 -0.290215 -0.937139 -0.781386  0.531946 -0.326298  0.943541 -0.606389  0.623694 0.00156446 0.993519 0.149227 0.142749 0.0109518
1   0.59351  0.795207 -0.124064  0.193212 -0.290421  -0.93719 -0.781291  0.532261 -0.326011   0.94357 -0.606735  0.623331 0.00156411 0.993519 0.102742 0.242724 0.0104698
1  0.593027  0.795487 -0.124579   0.19188 -0.289884  -0.93763 -0.781985  0.532135 -0.324547  0.944672 -0.606873  0.621474 0.00155545 0.992593 0.115072 0.146064 0.00789541
1  0.593111  0.795446 -0.124436  0.192017  -0.28985 -0.937612 -0.781888  0.532215 -0.324652  0.944527 -0.606966  0.621603 0.00156833 0.993519 0.18319 0.129942 0.0081638
1  0.593106  0.795461 -0.124364  0.192046 -0.289783 -0.937627 -0.781884  0.532229 -0.324637  0.944515 -0.606998  0.621592 0.00156793 0.993519 0.139749 0.144539 0.00818907
1  0.593111  0.795446 -0.124436  0.192017  -0.28985 -0.937612 -0.781888  0.532215 -0.324652  0.944527 -0.606966  0.621603 0.00156834 0.993519 0.0755974 0.112115 0.00816392
1  0.593111  0.795446 -0.124436  0.192017  -0.28985 -0.937612 -0.781888  0.532214 -0.324652  0.944527 -0.606966  0.621603 0.00156834 0.993519 0.0413194 0.115962 0.00816396
1  0.593337  0.795241 -0.124669  0.191927 -0.290174  -0.93753 -0.781739  0.532344   -0.3248  0.944469 -0.606911  0.621834 0.00156856 0.993519 0.104313 0.2078 0.00832926
1  0.593106  0.795461 -0.124364  0.192046 -0.289783 -0.937627 -0.781884  0.532229 -0.324637  0.944515 -0.606998  0.621592 0.00156793 0.993519 0.0892742 0.165733 0.00818912
1  0.593021  0.795533 -0.124311  0.192201 -0.289783 -0.937595 -0.781911   0.53212  -0.32475   0.94452 -0.606862  0.621727 0.00156781 0.993519 0.120702 0.147715 0.00832223
1  0.593003  0.795532 -0.124406  0.192141 -0.289846 -0.937588  -0.78194  0.532089 -0.324734  0.944573 -0.606809    0.6217 0.00156821 0.993519 0.10134 0.144903 0.00822836
1  0.593224  0.795474 -0.123716  0.193702 -0.290203 -0.937156 -0.781387   0.53198  -0.32624  0.943557 -0.606431  0.623627 0.00156442 0.993519 0.140137 0.109514 0.0108676
1  0.593107  0.795461 -0.124364  0.192046 -0.289783 -0.937627 -0.781884  0.532229 -0.324637  0.944515 -0.606998  0.621592 0.00156793 0.993519 0.0817394 0.152994 0.00818916
1   0.59351  0.795207 -0.124064  0.193212 -0.290421  -0.93719 -0.781291  0.532261 -0.326011   0.94357 -0.606735  0.623331 0.00156411 0.993519 0.0396386 0.213734 0.0104698
1  0.593106  0.795461 -0.124364  0.192046 -0.289783 -0.937627 -0.781884  0.532229 -0.324637  0.944515 -0.606998  0.621592 0.00156793 0.993519 0.0957205 0.11664 0.00818911
1  0.592923  0.795598 -0.124366  0.192157 -0.289771 -0.937608 -0.781996  0.532032 -0.324691   0.94463 -0.606764  0.621657 0.00155473 0.992593 0.0754814 0.249054 0.00816601
1  0.593351  0.795307 -0.124181  0.192435 -0.289951 -0.937495 -0.781603  0.532367 -0.325088  0.944095  -0.60714  0.622132 0.00156672 0.993519 0.106776 0.136907 0.00902938
1   0.59295  0.795516  -0.12476  0.191754 -0.289975 -0.937627 -0.782075  0.532042 -0.324484  0.944806 -0.606745  0.621387 0.00155663 0.992593 0.106536 0.0814605 0.0076595
1  0.592923  0.795597 -0.124366  0.192157 -0.289771 -0.937608 -0.781996  0.532032 -0.324691   0.94463 -0.606764  0.621657 0.00155473 0.992593 0.0602325 0.24134 0.008166
1  0.593111  0.795446 -0.124436  0.192017  -0.28985 -0.937612 -0.781888  0.532214 -0.324652  0.944527 -0.606966  0.621603 0.00156834 0.993519 0.0352442 0.130382 0.00816379
1  0.592923  0.795598 -0.124366  0.192157 -0.289771 -0.937608 -0.781996  0.532032 -0.324691   0.94463 -0.606764  0.621657 0.00155474 0.992593 0.0758002 0.254854 0.00816603
1  0.592923  0.795597 -0.124366  0.192157 -0.289771 -0.937608 -0.781996  0.532032 -0.324691   0.94463 -0.606764  0.621657 0.00155474 0.992593 0.133079 0.222521 0.00816589
1   0.59351  0.795207 -0.124064  0.193212 -0.290421  -0.93719 -0.781291  0.532261 -0.326011   0.94357 -0.606735  0.623331 0.0015641 0.993519 0.0651738 0.110879 0.0104698
1  0.592923  0.795598 -0.124366  0.192157 -0.289771 -0.937608 -0.781996  0.532032 -0.324691   0.94463 -0.606764  0.621657 0.00155474 0.992593 0.0288235 0.211515 0.00816602
1   0.59351  0.795207 -0.124064  0.193212 -0.290421  -0.93719 -0.781291  0.532261 -0.326011   0.94357 -0.606735  0.623331 0.0015641 0.993519 0.124694 0.262439 0.0104698
1   0.59271  0.796102 -0.122134  0.194974 -0.288953 -0.937279 -0.781461  0.531721 -0.326484  0.943364 -0.606395  0.623965 0.00156944 0.993519 0.06146 0.0915712 0.0119647
1  0.593835  0.794825 -0.124957  0.191733 -0.290626  -0.93743 -0.781408   0.53272 -0.324978    0.9441 -0.607265  0.622031 0.00156783 0.993519 0.112114 0.15766 0.00872655
1  0.593021  0.795533 -0.124311  0.192201 -0.289783 -0.937595 -0.781911   0.53212  -0.32475   0.94452 -0.606862  0.621727 0.00156781 0.993519 0.087426 0.129678 0.00832208
1   0.59291    0.7957 -0.123769  0.192691 -0.289423 -0.937606 -0.781875  0.532067 -0.324926  0.944455 -0.606813  0.622003 0.00156734 0.993519 0.116672 0.208566 0.008843
1  0.593835  0.794825 -0.124957  0.191733 -0.290626  -0.93743 -0.781408   0.53272 -0.324978    0.9441 -0.607265  0.622031 0.00156783 0.993519 0.0942169 0.131038 0.00872676
1  0.593915  0.794839 -0.124483  0.192793 -0.290828  -0.93715 -0.781086  0.532588 -0.325967  0.943433 -0.607032   0.62325 0.00156418 0.993519 0.0867038 0.137738 0.010397
1  0.593021  0.795533 -0.124311  0.192201 -0.289783 -0.937595 -0.781911   0.53212  -0.32475   0.94452 -0.606862  0.621727 0.00156781 0.993519 0.1217 0.151528 0.00832223
1   0.59301  0.795472 -0.124755  0.191703 -0.289963 -0.937641 -0.782042  0.532114 -0.324445  0.944779 -0.606835  0.621343 0.00155621 0.992593 0.0578509 0.092177 0.00764269
1  0.593835  0.794825 -0.124957  0.191733 -0.290626  -0.93743 -0.781408   0.53272 -0.324978    0.9441 -0.607265  0.622031 0.00156783 0.993519 0.0699258 0.145758 0.00872667
1   0.59351  0.795207 -0.124064  0.193212 -0.290421  -0.93719 -0.781291  0.532261 -0.326011   0.94357 -0.606735  0.623331 0.0015641 0.993519 0.0929751 0.176688 0.0104696
1  0.594178  0.794606 -0.124714  0.192533 -0.291053 -0.937133  -0.78095  0.532813 -0.325926  0.943339 -0.607256  0.623187 0.00156494 0.993519 0.120187 0.142399 0.0103864
1  0.593441   0.79524 -0.124178  0.192338 -0.289926 -0.937523 -0.781559   0.53248 -0.325009  0.944056 -0.607282  0.622042 0.0015666 0.993519 0.0784732 0.15045 0.00898681
1  0.594143  0.794633 -0.124711   0.19253 -0.291031 -0.937141 -0.780978  0.532785 -0.325905  0.943377 -0.607225  0.623161 0.00156514 0.993519 0.104219 0.0965692 0.0103327
1   0.59295  0.795516  -0.12476  0.191754 -0.289975 -0.937627 -0.782075  0.532042 -0.324484  0.944806 -0.606745  0.621387 0.00155663 0.992593 0.0560546 0.0959322 0.00765952
1   0.59288  0.795703 -0.123899  0.192561 -0.289474 -0.937617  -0.78193  0.532036 -0.324844  0.944551 -0.606763  0.621901 0.00156742 0.993519 0.076176 0.119423 0.00863708
1   0.59315  0.795575 -0.123423  0.194039 -0.290052 -0.937133 -0.781359  0.531912 -0.326417  0.943443 -0.606434   0.62383 0.00156531 0.993519 0.157298 0.154198 0.0112464
1  0.593204  0.795493 -0.123695  0.193768 -0.290215 -0.937139 -0.781386  0.531946 -0.326298  0.943541 -0.606389  0.623694 0.00156447 0.993519 0.102366 0.103412 0.0109518
1  0.592923  0.795598 -0.124366  0.192157 -0.289771 -0.937608 -0.781996  0.532032 -0.324691   0.94463 -0.606764  0.621657 0.00155474 0.992593 0.0636488 0.17859 0.00816604
1  0.592923  0.795597 -0.124366  0.192157 -0.289771 -0.937608 -0.781996  0.532032 -0.324691   0.94463 -0.606764  0.621657 0.00155474 0.992593 0.0722475 0.247275 0.00816598
1  0.592923  0.795598 -0.124366  0.192157 -0.289771 -0.937608 -0.781996  0.532032 -0.324691   0.94463 -0.606764  0.621657 0.00155473 0.992593 0.0825366 0.237732 0.00816604
1  0.593204  0.795493 -0.123695  0.193768 -0.290215 -0.937139 -0.781386  0.531946 -0.326298  0.943541 -0.606389  0.623694 0.00156446 0.993519 0.112926 0.110797 0.0109517
1  0.591679  0.796917 -0.121814  0.194808 -0.287959 -0.937619 -0.782282  0.531039 -0.325625  0.944458 -0.605791   0.62294 0.00157379 0.993519 0.0929152 0.0898683 0.0108236
1  0.593111  0.795446 -0.124436  0.192017  -0.28985 -0.937612 -0.781888  0.532215 -0.324652  0.944527 -0.606966  0.621603 0.00156834 0.993519 0.0640534 0.110289 0.00816389
1  0.592923  0.795597 -0.124366  0.192157 -0.289771 -0.937608 -0.781996  0.532032 -0.324692   0.94463 -0.606764  0.621657 0.00155474 0.992593 0.0759826 0.116889 0.00816615
1  0.593337  0.795241 -0.124669  0.191927 -0.290174  -0.93753 -0.781739  0.532344   -0.3248  0.944469 -0.606911  0.621834 0.00156856 0.993519 0.118727 0.205978 0.00832932
1   0.59351  0.795207 -0.124064  0.193212 -0.290421  -0.93719 -0.781291  0.532261 -0.326011   0.94357 -0.606735  0.623331 0.0015641 0.993519 0.0875649 0.2651 0.0104697
1  0.593968  0.794788 -0.124552   0.19266 -0.290846 -0.937172 -0.781079  0.532654 -0.325877  0.943463 -0.607103  0.623142 0.00156475 0.993519 0.0718287 0.0824603 0.0102669
1   0.59301  0.795472 -0.124755  0.191703 -0.289963 -0.937641 -0.782042  0.532114 -0.324445  0.944779 -0.606835  0.621343 0.00155621 0.992593 0.0701131 0.0886559 0.00764276
1  0.592923  0.795597 -0.124366  0.192157 -0.289771 -0.937608 -0.781996  0.532032 -0.324691   0.94463 -0.606764  0.621657 0.00155473 0.992593 0.0868562 0.173671 0.00816594
1  0.593106  0.795461 -0.124364  0.192046 -0.289783 -0.937627 -0.781884  0.532229 -0.324637  0.944515 -0.606998  0.621592 0.00156793 0.993519 0.0796904 0.185212 0.0081891
1  0.592923  0.795597 -0.124366  0.192157 -0.289771 -0.937608 -0.781996  0.532032 -0.324691   0.94463 -0.606764  0.621657 0.00155474 0.992593 0.0916203 0.271306 0.00816593
1  0.593106  0.795461 -0.124364  0.192046 -0.289783 -0.937627 -0.781884  0.532229 -0.324637  0.944515 -0.606998  0.621592 0.00156793 0.993519 0.0897764 0.178924 0.00818911
1  0.592923  0.795598 -0.124366  0.192157 -0.289771 -0.937608 -0.781996  0.532032 -0.324691   0.94463 -0.606764  0.621657 0.00155474 0.992593 0.143548 0.244578 0.00816593
1  0.593111  0.795446 -0.124436  0.192017  -0.28985 -0.937612 -0.781888  0.532214 -0.324652  0.944527 -0.606966  0.621603 0.00156834 0.993519 0.129052 0.124148 0.00816393
1   0.59351  0.795207 -0.124064  0.193212 -0.290421  -0.93719 -0.781291  0.532261 -0.326011   0.94357 -0.606735  0.623331 0.0015641 0.993519 0.140557 0.207744 0.0104696
1   0.59295  0.795516  -0.12476  0.191754 -0.289975 -0.937627 -0.782075  0.532042 -0.324484  0.944805 -0.606745  0.621387 0.00155663 0.992593 0.124287 0.123101 0.00765951
1  0.593106  0.795461 -0.124364  0.192046 -0.289783 -0.937627 -0.781884  0.532229 -0.324637  0.944515 -0.606998  0.621592 0.00156793 0.993519 0.097375 0.185297 0.00818907
1  0.592923  0.795598 -0.124366  0.192157 -0.289771 -0.937608 -0.781996  0.532032 -0.324691   0.94463 -0.606764  0.621657 0.00155474 0.992593 0.056012 0.229131 0.00816601
1   0.59351  0.795207 -0.124064  0.193212 -0.290421  -0.93719 -0.781291  0.532261 -0.326011   0.94357 -0.606735  0.623331 0.0015641 0.993519 0.0319899 0.221777 0.0104697
1  0.593021  0.795533 -0.124311  0.192201 -0.289783 -0.937595 -0.781911   0.53212  -0.32475  0.944521 -0.606862  0.621727 0.00156781 0.993519 0.0345576 0.112859 0.00832211
1   0.59295  0.795516  -0.12476  0.191754 -0.289975 -0.937627 -0.782075  0.532042 -0.324484  0.944805 -0.606745  0.621387 0.00155663 0.992593 0.0487701 0.0989299 0.00765956
1  0.593034  0.795465 -0.124685  0.191775 -0.289941 -0.937633 -0.782005  0.532137 -0.324495  0.944718 -0.606869  0.621406 0.00155591 0.992593 0.109698 0.072164 0.00776568
1  0.592923  0.795597 -0.124366  0.192157 -0.289771 -0.937608 -0.781996  0.532032 -0.324691   0.94463 -0.606764  0.621657 0.00155474 0.992593 0.0694787 0.178916 0.008166
1  0.592152  0.796212 -0.124109  0.192505 -0.289328 -0.937673 -0.782495  0.531353 -0.324601  0.945317 -0.605871  0.621598 0.00157155 0.993519 0.0930207 0.111544 0.00793319
1  0.593111  0.795446 -0.124436  0.192017  -0.28985 -0.937612 -0.781888  0.532215 -0.324652  0.944527 -0.606966  0.621603 0.00156834 0.993519 0.132037 0.136789 0.00816381
1  0.593835  0.794825 -0.124957  0.191733 -0.290626  -0.93743 -0.781408   0.53272 -0.324978    0.9441 -0.607265  0.622031 0.00156783 0.993519 0.0953095 0.152943 0.00872659
1  0.592923  0.795598 -0.124366  0.192157 -0.289771 -0.937608 -0.781996  0.532032 -0.324691   0.94463 -0.606764  0.621657 0.00155474 0.992593 0.0738697 0.243196 0.00816592
1   0.59351  0.795207 -0.124064  0.193212 -0.290421  -0.93719 -0.781291  0.532261 -0.326011   0.94357 -0.606735  0.623331 0.00156411 0.993519 0.0745343 0.179884 0.0104697
1   0.59291    0.7957 -0.123769  0.192691 -0.289423 -0.937606 -0.781875  0.532067 -0.324926  0.944455 -0.606812  0.622003 0.00156734 0.993519 0.061206 0.0964184 0.00884304
1   0.59351  0.795207 -0.124064  0.193212 -0.290421  -0.93719 -0.781291  0.532261 -0.326011   0.94357 -0.606735  0.623331 0.0015641 0.993519 0.0690734 0.109403 0.0104697
1  0.592923  0.795597 -0.124366  0.192157 -0.289771 -0.937608 -0.781996  0.532032 -0.324691   0.94463 -0.606764  0.621657 0.00155473 0.992593 0.0792955 0.240851 0.00816596
1   0.59291    0.7957 -0.123769   0.19269 -0.289423 -0.937606 -0.781875  0.532067 -0.324926  0.944455 -0.606812  0.622003 0.00156734 0.993519 0.1204 0.152177 0.00884285
1   0.59351  0.795207 -0.124064  0.193212 -0.290421  -0.93719 -0.781291  0.532261 -0.326011   0.94357 -0.606735  0.623331 0.00156411 0.993519 0.0753402 0.234757 0.0104697
1  0.593442  0.795219 -0.124313  0.192186 -0.289982 -0.937536 -0.781595  0.532483 -0.324918  0.944134 -0.607299   0.62192 0.00155422 0.992593 0.0796542 0.0613319 0.0087862
1   0.59351  0.795207 -0.124064  0.193212 -0.290421  -0.93719 -0.781291  0.532261 -0.326011   0.94357 -0.606735  0.623331 0.0015641 0.993519 0.0862398 0.195167 0.0104697
1  0.593021  0.795533 -0.124311  0.192201 -0.289783 -0.937595 -0.781911   0.53212  -0.32475   0.94452 -0.606862  0.621727 0.00156781 0.993519 0.119858 0.131557 0.00832215
1  0.592152  0.796212 -0.124109  0.192505 -0.289328 -0.937673 -0.782495  0.531353 -0.324601  0.945317 -0.605871  0.621598 0.00157154 0.993519 0.135595 0.112149 0.00793314
1  0.593246  0.795466 -0.123666  0.193934 -0.290313 -0.937074 -0.781313  0.531932 -0.326495  0.943413 -0.606344  0.623932 0.00156437 0.993519 0.0729022 0.0812719 0.0112698
1  0.592923  0.795598 -0.124366  0.192157 -0.289771 -0.937608 -0.781996  0.532032 -0.324691   0.94463 -0.606764  0.621657 0.00155473 0.992593 0.0758546 0.278486 0.00816604
1  0.592923  0.795597 -0.124366  0.192157 -0.289771 -0.937608 -0.781996  0.532032 -0.324692   0.94463 -0.606764  0.621657 0.00155473 0.992593 0.121871 0.193058 0.00816622
1  0.592923  0.795598 -0.124366  0.192157 -0.289771 -0.937608 -0.781996  0.532032 -0.324691   0.94463 -0.606764  0.621657 0.00155474 0.992593 0.0752364 0.251625 0.00816594
1  0.593204  0.795493 -0.123695  0.193768 -0.290215 -0.937139 -0.781386  0.531946 -0.326298  0.943541 -0.606388  0.623694 0.00156446 0.993519 0.0770832 0.112984 0.0109518
1   0.59344  0.795221 -0.124313  0.192185 -0.289981 -0.937537 -0.781597   0.53248 -0.324916  0.944138 -0.607295  0.621917 0.00155416 0.992593 0.0685199 0.137476 0.00878023
1  0.593111  0.795446 -0.124436  0.192017  -0.28985 -0.937612 -0.781888  0.532214 -0.324652  0.944527 -0.606966  0.621603 0.00156834 0.993519 0.0715403 0.131898 0.00816381
1   0.59291    0.7957 -0.123769  0.192691 -0.289423 -0.937606 -0.781875  0.532067 -0.324926  0.944455 -0.606813  0.622003 0.00156734 0.993519 0.0771105 0.103794 0.00884299
1  0.592315  0.796081 -0.124166    0.1925  -0.28947  -0.93763 -0.782372  0.531471 -0.324703  0.944985 -0.606172  0.621682 0.00155875 0.992593 0.0725618 0.105713 0.00810422
1  0.593021  0.795533 -0.124311  0.192201 -0.289783 -0.937595 -0.781911   0.53212  -0.32475  0.944521 -0.606862  0.621727 0.00156781 0.993519 0.122793 0.135056 0.00832201
1  0.592923  0.795598 -0.124366  0.192157 -0.289771 -0.937608 -0.781996  0.532032 -0.324691   0.94463 -0.606764  0.621657 0.00155474 0.992593 0.171393 0.185403 0.0081661
1  0.592923  0.795597 -0.124366  0.192157 -0.289771 -0.937608 -0.781996  0.532032 -0.324691   0.94463 -0.606764  0.621657 0.00155473 0.992593 0.0606823 0.297385 0.00816595
1  0.593107  0.795461 -0.124364  0.192046 -0.289782 -0.937627 -0.781884  0.532229 -0.324637  0.944515 -0.606998  0.621592 0.00156793 0.993519 0.051945 0.141892 0.00818931
1  0.593915  0.794762 -0.124975  0.191737 -0.290688  -0.93741 -0.781346  0.532779  -0.32503  0.944024 -0.607323   0.62209 0.00156784 0.993519 0.132487 0.123496 0.00884187
1  0.593107  0.795461 -0.124364  0.192046 -0.289783 -0.937627 -0.781884  0.532229 -0.324637  0.944515 -0.606998  0.621592 0.00156793 0.993519 0.0760692 0.130314 0.00818919
1  0.593107  0.795461 -0.124364  0.192046 -0.289783 -0.937627 -0.781884  0.532229 -0.324637  0.944515 -0.606998  0.621592 0.00156793 0.993519 0.0351281 0.161674 0.00818917
1   0.59348  0.795185 -0.124347  0.192895 -0.290525 -0.937223 -0.781392  0.532237 -0.325808  0.943766 -0.606688  0.623067 0.00156429 0.993519 0.0485115 0.0475255 0.0100085
1  0.592607  0.795859 -0.124196  0.192549 -0.289682 -0.937555 -0.782139  0.531688 -0.324909  0.944714 -0.606344  0.621922 0.0015556 0.992593 0.156814 0.0756848 0.00843918
1  0.593021  0.795533 -0.124311  0.192201 -0.289783 -0.937595 -0.781911   0.53212  -0.32475  0.944521 -0.606862  0.621727 0.00156781 0.993519 0.138783 0.116421 0.00832212
1  0.593928  0.794828 -0.124492   0.19279 -0.290843 -0.937146 -0.781077  0.532596 -0.325974  0.943422 -0.607037  0.623259 0.00156413 0.993519 0.136348 0.137943 0.0104109
1   0.59157  0.797004 -0.121778  0.194798 -0.287855 -0.937653 -0.782368  0.530965 -0.325541  0.944571  -0.60572  0.622839 0.00157411 0.993519 0.122273 0.118412 0.0107331
1   0.59351  0.795207 -0.124064  0.193212 -0.290421  -0.93719 -0.781291  0.532261 -0.326011   0.94357 -0.606735  0.623331 0.00156411 0.993519 0.118577 0.238103 0.0104697
1  0.593021  0.795533 -0.124311  0.192201 -0.289783 -0.937595 -0.781911   0.53212  -0.32475  0.944521 -0.606862  0.621727 0.00156781 0.993519 0.0813471 0.143791 0.00832209
1  0.592923  0.795597 -0.124366  0.192157 -0.289771 -0.937608 -0.781996  0.532032 -0.324691   0.94463 -0.606764  0.621657 0.00155473 0.992593 0.180729 0.194345 0.00816597
1  0.592975  0.795523 -0.124596  0.191882  -0.28988 -0.937631 -0.782024  0.532084 -0.324538  0.944723 -0.606807  0.621463 0.00155545 0.992593 0.0969168 0.144143 0.00784427
1   0.59157  0.797004 -0.121778  0.194798 -0.287855 -0.937653 -0.782368  0.530965 -0.325541  0.944571  -0.60572  0.622839 0.00157411 0.993519 0.131058 0.137808 0.0107332
1  0.593835  0.794825 -0.124957  0.191733 -0.290626  -0.93743 -0.781408   0.53272 -0.324978    0.9441 -0.607265  0.622031 0.00156783 0.993519 0.0382628 0.0890529 0.00872675
1  0.593464  0.795217 -0.124222  0.192281  -0.28995 -0.937527 -0.781556  0.532503  -0.32498  0.944064 -0.607309  0.622003 0.00156687 0.993519 0.113906 0.159132 0.00893498
1   0.59358  0.795055   -0.1247  0.191773 -0.290225 -0.937546 -0.781592  0.532594 -0.324742  0.944237 -0.607373  0.621686 0.00156819 0.993519 0.132296 0.116109 0.00840214
1   0.59351  0.795207 -0.124064  0.193212 -0.290421  -0.93719 -0.781291   0.53226 -0.326011   0.94357 -0.606735  0.623331 0.0015641 0.993519 0.113771 0.242819 0.0104698
1   0.59295  0.795516  -0.12476  0.191754 -0.289975 -0.937627 -0.782075  0.532042 -0.324484  0.944806 -0.606745  0.621387 0.00155663 0.992593 0.0815458 0.122763 0.00765944
1  0.592923  0.795598 -0.124366  0.192157 -0.289771 -0.937608 -0.781996  0.532032 -0.324691   0.94463 -0.606764  0.621657 0.00155473 0.992593 0.065306 0.2244 0.00816593
1  0.593246  0.795466 -0.123666  0.193934 -0.290313 -0.937074 -0.781313  0.531932 -0.326495  0.943413 -0.606344  0.623931 0.00156437 0.993519 0.0649005 0.0954643 0.0112697
1  0.593106  0.795461 -0.124364  0.192046 -0.289783 -0.937627 -0.781884  0.532229 -0.324637  0.944515 -0.606998  0.621592 0.00156793 0.993519 0.0473304 0.130612 0.00818911
1  0.592923  0.795597 -0.124366  0.192157 -0.289771 -0.937608 -0.781996  0.532032 -0.324691   0.94463 -0.606764  0.621657 0.00155473 0.992593 0.0653268 0.16123 0.00816605
1  0.593111  0.795446 -0.124436  0.192017  -0.28985 -0.937612 -0.781888  0.532214 -0.324652  0.944527 -0.606966  0.621603 0.00156834 0.993519 0.146206 0.130371 0.00816397
1  0.593111  0.795446 -0.124436  0.192017  -0.28985 -0.937612 -0.781888  0.532215 -0.324652  0.944527 -0.606966  0.621603 0.00156833 0.993519 0.0867445 0.1271 0.00816395
1  0.592923  0.795597 -0.124366  0.192157 -0.289771 -0.937608 -0.781996  0.532032 -0.324691   0.94463 -0.606764  0.621657 0.00155473 0.992593 0.0558793 0.236785 0.00816605
1  0.593224  0.795474 -0.123716  0.193701 -0.290203 -0.937156 -0.781387   0.53198  -0.32624  0.943558 -0.606431  0.623627 0.00156442 0.993519 0.130833 0.167241 0.0108674
1  0.592899  0.795596 -0.124493    0.1921 -0.289869 -0.937589 -0.782029   0.53198 -0.324697  0.944683 -0.606681  0.621652 0.00155546 0.992593 0.192921 0.137279 0.00807986
1   0.59344  0.795221 -0.124313  0.192185 -0.289981 -0.937537 -0.781597   0.53248 -0.324916  0.944138 -0.607295  0.621917 0.00155417 0.992593 0.138107 0.138226 0.00878033
1  0.593034  0.795465 -0.124685  0.191775 -0.289941 -0.937633 -0.782005  0.532137 -0.324495  0.944718 -0.606869  0.621406 0.00155591 0.992593 0.0718206 0.0957005 0.00776581
1  0.592923  0.795598 -0.124366  0.192157 -0.289771 -0.937608 -0.781996  0.532032 -0.324691   0.94463 -0.606764  0.621657 0.00155474 0.992593 0.0604433 0.234504 0.00816587
1   0.59351  0.795207 -0.124064  0.193212 -0.290421  -0.93719 -0.781291  0.532261 -0.326011   0.94357 -0.606735  0.623331 0.0015641 0.993519 0.0616458 0.227655 0.0104696
1  0.593111  0.795446 -0.124436  0.192017  -0.28985 -0.937612 -0.781888  0.532214 -0.324652  0.944527 -0.606966  0.621603 0.00156834 0.993519 0.130442 0.180578 0.00816394
1  0.592923  0.795597 -0.124366  0.192157 -0.289771 -0.937608 -0.781996  0.532032 -0.324691   0.94463 -0.606764  0.621657 0.00155474 0.992593 0.0684689 0.222117 0.008166
1   0.59313  0.795601 -0.123356  0.194039 -0.289963 -0.937161 -0.781375  0.531922 -0.326363  0.943465 -0.606471  0.623767 0.00156538 0.993519 0.0885142 0.157855 0.0111984
1  0.592923  0.795598 -0.124366  0.192157 -0.289771 -0.937608 -0.781996  0.532032 -0.324691   0.94463 -0.606764  0.621657 0.00155474 0.992593 0.138772 0.256192 0.00816602
1  0.593107  0.795461 -0.124364  0.192046 -0.289783 -0.937627 -0.781884  0.532229 -0.324637  0.944515 -0.606998  0.621592 0.00156793 0.993519 0.0683135 0.136745 0.00818916
1   0.59351  0.795207 -0.124064  0.193212 -0.290421  -0.93719 -0.781291  0.532261 -0.326011   0.94357 -0.606735  0.623331 0.0015641 0.993519 0.144313 0.248475 0.0104698
1   0.59351  0.795207 -0.124064  0.193212 -0.290421  -0.93719 -0.781291  0.532261 -0.326011   0.94357 -0.606735  0.623331 0.0015641 0.993519 0.05326 0.24396 0.0104697
1   0.59288  0.795703 -0.123899  0.192561 -0.289474 -0.937617  -0.78193  0.532036 -0.324844  0.944551 -0.606763  0.621901 0.00156742 0.993519 0.0356009 0.157396 0.00863706
1  0.593596  0.795146 -0.124047   0.19321 -0.290441 -0.937184 -0.781226  0.532341 -0.326034  0.943495 -0.606808  0.623357 0.00156375 0.993519 0.049417 0.0823225 0.0105507
