1   0.985415  -0.168514  0.0236558 -0.0983871  -0.677642  -0.728781    0.13884   0.715825  -0.684338  -0.149597  -0.763189    1.01341 0.00193892 0.86653 0.183819 2.28721 0.114993
1   0.990894  -0.133692  0.0159582 -0.0808702  -0.685736  -0.723344   0.107648   0.715467  -0.690304  -0.110706  -0.760634    1.01994 0.00202364 0.868583 0.342956 2.46731 0.152816
1   0.985442  -0.168323  0.0239121 -0.0981164  -0.677921  -0.728558   0.138843   0.715605  -0.684567  -0.149692  -0.762859    1.01366 0.00192912 0.86653 0.225715 1.39201 0.114644
1   0.985657  -0.167462  0.0209181 -0.0989781  -0.674014  -0.732058   0.136691   0.719487  -0.680922  -0.146607  -0.768598    1.00959 0.00192099 0.86037 0.172743 2.10275 0.122939
1   0.990281  -0.138334  0.0143857 -0.0850395  -0.684098  -0.724416   0.110053   0.716152  -0.689213  -0.112967  -0.761936    1.01872 0.00203344 0.864476 0.191177 2.32214 0.150098
1   0.990115  -0.138976  0.0189382 -0.0837862  -0.694325  -0.714768   0.112485   0.706115  -0.699105   -0.11644  -0.746799    1.02972 0.00215664 0.887064 0.219856 1.34443 0.137397
1   0.985408  -0.168535  0.0238067 -0.0982785   -0.67758  -0.728853   0.138968   0.715878  -0.684256  -0.149805  -0.763274    1.01331 0.00193606 0.86653 0.0953573 1.50079 0.114953
1   0.990346  -0.137837  0.0147007 -0.0842011  -0.682417  -0.726098   0.110115    0.71785  -0.687435  -0.113259  -0.764491    1.01676 0.00204422 0.864476 0.250193 1.51875 0.151986
1   0.990346  -0.137958  0.0135288 -0.0849243  -0.680966  -0.727374    0.10956   0.719203  -0.686107  -0.112343   -0.76652    1.01526 0.00205948 0.862423 -0.0546581 1.37483 0.154242
1   0.986402   -0.16199  0.0277453 -0.0942456  -0.695837   -0.71199   0.134641   0.699693  -0.701642  -0.144854  -0.738548    1.03252 0.00211289 0.897331 0.233159 1.49291 0.100199
1   0.990948  -0.133664  0.0124547 -0.0820121  -0.676232  -0.732109   0.106279   0.724461  -0.681073   -0.10855  -0.774326    1.00968 0.00203326 0.852156 0.20824 2.4413 0.165115
0   0.993606  -0.112229  0.0123032 -0.0694929  -0.693825  -0.716782  0.0889799   0.711344  -0.697188 -0.0874505  -0.753413    1.02752 0.00213124 0.870637 0.0506538 1.52894 0.176956
1   0.985447  -0.168314  0.0237751 -0.0981624  -0.677668  -0.728787   0.138776   0.715847  -0.684327  -0.149595  -0.763225    1.01339 0.00193519 0.86653 0.282701 1.34107 0.115088
1   0.985323  -0.169181  0.0227138 -0.0989821   -0.67468  -0.731444   0.139071    0.71846  -0.681524  -0.149802  -0.767162    1.01024 0.00188469 0.86037 0.324615 2.14711 0.119024
1   0.985415  -0.168514  0.0236558 -0.0983871  -0.677642  -0.728781    0.13884   0.715824  -0.684338  -0.149597  -0.763189    1.01341 0.00193893 0.86653 0.238744 1.41733 0.114993
1   0.985657  -0.167462  0.0209181 -0.0989781  -0.674014  -0.732058   0.136691   0.719487  -0.680922  -0.146607  -0.768598    1.00959 0.00192098 0.86037 0.202249 2.50172 0.122939
1   0.985476  -0.168202  0.0233418 -0.0980286  -0.675726  -0.730605   0.138662   0.717706  -0.682401  -0.149466  -0.765996    1.01122 0.00190176 0.862423 0.3203 1.2842 0.118195
0   0.991162  -0.132064  0.0125018 -0.0809548   -0.67684  -0.731665   0.105089   0.724187  -0.681549  -0.107135  -0.773798     1.0102 0.00198047 0.850103 0.259501 1.2958 0.166322
0    0.997575  -0.0695999 0.000760018  -0.0472729   -0.685496    -0.72654   0.0510881    0.724742   -0.687124  -0.0407542   -0.772109     1.01615 0.00237988 0.843943 0.0560206 1.36639 0.245534
1   0.990377  -0.137758  0.0132723 -0.0849398  -0.680753  -0.727572   0.109264   0.719443  -0.685903  -0.111918  -0.766867    1.01503 0.00204016 0.86037 0.25969 1.38301 0.154916
1   0.985423   -0.16863  0.0224684 -0.0991077    -0.6764  -0.729837    0.13827   0.716971  -0.683252  -0.148684  -0.764899    1.01218 0.00193408 0.864476 0.142886 1.45658 0.117348
1  0.980712 -0.191921 0.0370263 -0.107582 -0.688168 -0.717532   0.16319  0.699708 -0.695541  -0.18142 -0.740615   1.02572 0.0020474 0.88501 0.209061 1.95633 0.0675975
1   0.990639  -0.135424   0.017174 -0.0817354    -0.6892  -0.719946   0.109335   0.711803  -0.693818  -0.112745  -0.755176    1.02385 0.00209295 0.876797 0.211709 2.09267 0.146835
1   0.990193  -0.138903    0.01494 -0.0851498  -0.684844  -0.723698   0.110755   0.715328  -0.689955  -0.113892   -0.76071    1.01955 0.00203636 0.86653 0.239076 1.41049 0.148258
1   0.990452  -0.136976  0.0155701 -0.0832346  -0.684214  -0.724516   0.109894   0.716302  -0.689082  -0.113176  -0.762121     1.0186 0.00200572 0.864476 0.283679 2.15116 0.150595
1   0.990948  -0.133664  0.0124547 -0.0820122  -0.676232  -0.732109   0.106279   0.724461  -0.681073   -0.10855  -0.774325    1.00968 0.00203327 0.852156 0.122527 1.07108 0.165115
1   0.990813  -0.134289  0.0159838 -0.0812536  -0.685612  -0.723418   0.108106   0.715473  -0.690225  -0.111225  -0.760668    1.01985 0.00202652 0.868583 0.157062 1.45141 0.152188
1   0.985413  -0.168528  0.0236334 -0.0984516  -0.677837  -0.728591   0.138808   0.715637  -0.684541  -0.149542   -0.76291    1.01363 0.00196992 0.868583 0.243618 1.19925 0.114725
1   0.985387  -0.168657  0.0238141 -0.0983631  -0.677598  -0.728825   0.139058   0.715832  -0.684286  -0.149914  -0.763216    1.01334 0.00193504 0.86653 0.184496 1.38806 0.114789
1   0.990486  -0.136739  0.0155041 -0.0830995  -0.684103  -0.724636   0.109693   0.716454  -0.688957  -0.112927  -0.762326    1.01846 0.00200765 0.864476 0.253909 1.57558 0.151036
1  0.981062 -0.190061 0.0373479  -0.10653 -0.690478 -0.715466   0.16177  0.697937 -0.697649 -0.179733  -0.73782   1.02805 0.00201415 0.887064 0.303032 1.23811 0.0661442
1  0.981065 -0.190123 0.0369326 -0.106941 -0.690752  -0.71514  0.161476   0.69765 -0.698005 -0.179106 -0.737363   1.02845 0.00217372 0.897331 0.340597 2.38845 0.0659897
1   0.985415  -0.168514  0.0236558 -0.0983871  -0.677642  -0.728781    0.13884   0.715824  -0.684338  -0.149596  -0.763189    1.01341 0.0019389 0.86653 0.156647 1.43077 0.114993
1   0.985783  -0.166652  0.0214135 -0.0979164  -0.673357  -0.732805   0.136542    0.72029  -0.680102  -0.146618  -0.769793    1.00865 0.00190657 0.858316 0.268735 1.51249 0.124466
1   0.990115  -0.138976  0.0189382 -0.0837862  -0.694325  -0.714768   0.112485   0.706115  -0.699105   -0.11644  -0.746798    1.02972 0.00215666 0.887064 0.123011 1.48896 0.137397
1   0.985415  -0.168514  0.0236558 -0.0983871  -0.677642  -0.728781    0.13884   0.715825  -0.684338  -0.149597  -0.763189    1.01341 0.0019389 0.86653 0.186104 2.12458 0.114993
1   0.990639  -0.135424   0.017174 -0.0817354    -0.6892  -0.719946   0.109335   0.711803  -0.693818  -0.112745  -0.755176    1.02385 0.00209297 0.876797 0.218471 1.31853 0.146835
1   0.985413  -0.168528  0.0236333 -0.0984516  -0.677837  -0.728591   0.138808   0.715637  -0.684541  -0.149542   -0.76291    1.01363 0.00196991 0.868583 0.179335 1.39737 0.114725
1   0.985415  -0.168514  0.0236558 -0.0983871  -0.677642  -0.728781    0.13884   0.715824  -0.684338  -0.149597  -0.763189    1.01341 0.0019389 0.86653 0.222138 1.29604 0.114993
1  0.985387 -0.168657 0.0238141 -0.098363 -0.677598 -0.728825  0.139058  0.715832 -0.684286 -0.149914 -0.763216   1.01334 0.00193504 0.86653 0.188767 1.34103 0.114789
1   0.990948  -0.133664  0.0124547 -0.0820122  -0.676232  -0.732109   0.106279   0.724461  -0.681073   -0.10855  -0.774326    1.00968 0.00203325 0.852156 0.19435 1.16414 0.165115
0   0.994634  -0.103247 0.00662215  -0.065014  -0.673536  -0.736289  0.0804803   0.731908  -0.676634 -0.0771198  -0.784073    1.00471 0.00218039 0.843943 0.160537 2.34521 0.208797
1   0.985415  -0.168514  0.0236558 -0.0983871  -0.677642  -0.728781    0.13884   0.715825  -0.684338  -0.149597  -0.763189    1.01341 0.00193891 0.86653 0.206514 1.61847 0.114993
1   0.985413  -0.168528  0.0236334 -0.0984516  -0.677837  -0.728591   0.138808   0.715636  -0.684541  -0.149542   -0.76291    1.01363 0.00196991 0.868583 0.138104 1.23991 0.114724
1   0.990452  -0.136976  0.0155701 -0.0832346  -0.684214  -0.724516   0.109894   0.716302  -0.689082  -0.113176  -0.762121     1.0186 0.00200573 0.864476 0.237434 1.47836 0.150595
1   0.985476  -0.168111  0.0240001 -0.0979329  -0.678081  -0.728433   0.138732   0.715503  -0.684697  -0.149583  -0.762689     1.0138 0.00192534 0.86653 0.229957 1.3685 0.114597
1   0.990854  -0.134056  0.0154223 -0.0814545  -0.685311   -0.72368   0.107583   0.715805  -0.689963  -0.110503  -0.761165    1.01955 0.00197223 0.864476 0.164497 2.26799 0.153199
1  0.980548 -0.193132 0.0350034 -0.109153 -0.684768 -0.720541  0.163129  0.702704 -0.692529 -0.180905 -0.745131   1.02241 0.00205193 0.880903 0.0782461 1.20554 0.0724097
1   0.985413  -0.168528  0.0236333 -0.0984516  -0.677837  -0.728591   0.138808   0.715636  -0.684541  -0.149542   -0.76291    1.01363 0.00196993 0.868583 0.0613718 1.42063 0.114724
1   0.991051  -0.132897  0.0125268 -0.0815391  -0.677006  -0.731447   0.105688   0.723879  -0.681784  -0.107882  -0.773368    1.01047 0.00200165 0.852156 0.105066 1.20297 0.165099
1   0.985345  -0.169036  0.0228543 -0.0987345  -0.674469  -0.731671   0.139093   0.718692  -0.681274  -0.149871  -0.767509    1.00997 0.00189176 0.86037 0.16326 1.24698 0.119406
1   0.985415  -0.168514  0.0236558 -0.0983872  -0.677642  -0.728781    0.13884   0.715824  -0.684338  -0.149597  -0.763189    1.01341 0.00193891 0.86653 0.170748 1.94495 0.114993
1   0.990589  -0.135907  0.0162339 -0.0824581  -0.687228  -0.721747   0.109247   0.713616  -0.691967  -0.112475   -0.75798    1.02179 0.00204679 0.870637 0.00584945 1.16465 0.148667
1   0.990811  -0.134328  0.0158262 -0.0813528  -0.685324   -0.72368   0.108057   0.715742  -0.689955   -0.11115  -0.761079    1.01956 0.00203251 0.868583 0.436067 2.64689 0.152518
1  0.985449 -0.168311 0.0237038 -0.098029 -0.676719 -0.729686  0.138855  0.716745 -0.683371 -0.149723 -0.764568   1.01231 0.00188366 0.862423 0.241035 1.1273 0.116456
1   0.985772  -0.166727  0.0213432 -0.0980967  -0.673753  -0.732416   0.136494   0.719902  -0.680523  -0.146523   -0.76922    1.00913 0.0019018 0.858316 0.452843 2.32669 0.123859
1   0.985476  -0.168111  0.0240001 -0.0979329  -0.678081  -0.728433   0.138732   0.715503  -0.684696  -0.149583  -0.762689     1.0138 0.00192533 0.86653 0.271841 1.39665 0.114597
1   0.985415  -0.168514  0.0236558 -0.0983872  -0.677642  -0.728781    0.13884   0.715825  -0.684338  -0.149597  -0.763189    1.01341 0.0019389 0.86653 0.226933 1.23259 0.114993
1   0.990125  -0.139296  0.0158119 -0.0846663  -0.684053  -0.724502   0.111736   0.716008  -0.689092  -0.115301  -0.761749    1.01861 0.0020294 0.86653 0.0345997 1.04379 0.147773
1   0.990639  -0.135424   0.017174 -0.0817354    -0.6892  -0.719946   0.109335   0.711803  -0.693818  -0.112745  -0.755176    1.02385 0.00209295 0.876797 0.11759 1.39868 0.146835
1   0.990466  -0.136818  0.0160761 -0.0828505  -0.684844  -0.723964   0.110061    0.71573   -0.68965  -0.113462  -0.761248    1.01922 0.00202724 0.86653 0.130558 1.13672 0.149799
1   0.990594  -0.135873  0.0162145 -0.0824481  -0.687223  -0.721752    0.10921   0.713626  -0.691962  -0.112423  -0.757993    1.02179 0.00204768 0.870637 0.187398 1.32585 0.148731
1   0.990813  -0.134289  0.0159839 -0.0812536  -0.685612  -0.723418   0.108106   0.715473  -0.690225  -0.111225  -0.760668    1.01985 0.00202653 0.868583 0.280564 1.12815 0.152188
1   0.985415  -0.168514  0.0236558 -0.0983871  -0.677642  -0.728781    0.13884   0.715825  -0.684338  -0.149597  -0.763189    1.01341 0.0019389 0.86653 0.257022 1.29609 0.114994
1   0.990346  -0.137958  0.0135288 -0.0849243  -0.680966  -0.727375    0.10956   0.719203  -0.686107  -0.112343   -0.76652    1.01526 0.00205947 0.862423 0.213697 1.36857 0.154242
1   0.985415  -0.168514  0.0236558 -0.0983871  -0.677642  -0.728781    0.13884   0.715825  -0.684338  -0.149596  -0.763189    1.01341 0.00193892 0.86653 0.185619 1.32447 0.114994
1   0.985447  -0.168314   0.023775 -0.0981624  -0.677668  -0.728787   0.138776   0.715847  -0.684328  -0.149595  -0.763225    1.01339 0.00193518 0.86653 0.224813 1.34327 0.115088
1   0.985418  -0.168479   0.023798 -0.0982808  -0.677763  -0.728682   0.138897   0.715718  -0.684438  -0.149731   -0.76304    1.01351 0.00193289 0.86653 0.0846087 2.05273 0.114764
1   0.985415  -0.168514  0.0236558 -0.0983871  -0.677642  -0.728781    0.13884   0.715824  -0.684338  -0.149597  -0.763189    1.01341 0.00193891 0.86653 0.266707 1.48055 0.114993
1   0.985415  -0.168514  0.0236558 -0.0983872  -0.677642  -0.728781    0.13884   0.715824  -0.684338  -0.149596  -0.763189    1.01341 0.00193892 0.86653 0.243502 1.35237 0.114994
1   0.985437   -0.16858  0.0222179 -0.0989684  -0.674895  -0.731247   0.138269   0.718399  -0.681751  -0.148705  -0.767023    1.01049 0.00192393 0.862423 0.131527 1.24385 0.119676
1   0.990115  -0.138976  0.0189382 -0.0837862  -0.694325  -0.714768   0.112485   0.706115  -0.699105   -0.11644  -0.746799    1.02972 0.00215663 0.887064 0.212093 1.39659 0.137397
1   0.990639  -0.135424   0.017174 -0.0817354    -0.6892  -0.719946   0.109335   0.711803  -0.693818  -0.112745  -0.755176    1.02385 0.00209297 0.876797 0.200794 1.27043 0.146835
1   0.985415  -0.168514  0.0236558 -0.0983872  -0.677642  -0.728781    0.13884   0.715825  -0.684338  -0.149597  -0.763189    1.01341 0.00193893 0.86653 0.226851 2.48736 0.114993
1   0.990452  -0.136976  0.0155702 -0.0832346  -0.684214  -0.724516   0.109894   0.716302  -0.689082  -0.113176  -0.762121     1.0186 0.00200572 0.864476 0.128459 1.2501 0.150595
1   0.991051  -0.132897  0.0125268 -0.0815391  -0.677006  -0.731447   0.105688   0.723879  -0.681784  -0.107882  -0.773368    1.01047 0.00200166 0.852156 0.121105 2.26672 0.1651
1  0.981283 -0.189007 0.0368849 -0.106054 -0.690281 -0.715727  0.160739  0.698419 -0.697405 -0.178286 -0.738407   1.02781 0.00219735 0.899384 0.0616549 1.38796 0.0677414
1  0.990509 -0.136579 0.0154244  -0.08303 -0.684004 -0.724738  0.109534  0.716579 -0.688852 -0.112732 -0.762508   1.01834 0.00201039 0.864476 0.192691 1.32399 0.151384
1   0.990859  -0.133973  0.0157749 -0.0811171  -0.685169  -0.723853   0.107785   0.715957  -0.689774  -0.110837  -0.761395    1.01936 0.00197139 0.864476 0.0949253 1.34531 0.153128
0     0.99727  -0.0738347 0.000282758  -0.0504449   -0.684136   -0.727608   0.0539161    0.725607   -0.685993  -0.0438573   -0.773659     1.01489 0.00241306 0.841889 0.240159 2.32379 0.241723
1   0.985408  -0.168535  0.0238067 -0.0982785   -0.67758  -0.728853   0.138968   0.715878  -0.684256  -0.149805  -0.763274    1.01331 0.00193607 0.86653 0.25517 1.4058 0.114953
1   0.985783  -0.166652  0.0214135 -0.0979164  -0.673357  -0.732805   0.136542    0.72029  -0.680102  -0.146618  -0.769793    1.00865 0.00190658 0.858316 0.231105 1.53115 0.124466
1   0.990424  -0.137133  0.0159871 -0.0831049  -0.684636  -0.724132   0.110247   0.715869  -0.689476   -0.11365  -0.761487    1.01903 0.00200213 0.864476 0.140268 1.08281 0.149695
1     0.9853  -0.169312  0.0227425 -0.0990127  -0.674471  -0.731632   0.139213   0.718625  -0.681321  -0.149977  -0.767415    1.01002 0.00188767 0.86037 0.175766 1.68917 0.119168
1   0.990639  -0.135425  0.0171741 -0.0817354    -0.6892  -0.719946   0.109335   0.711803  -0.693818  -0.112745  -0.755176    1.02385 0.00209294 0.876797 0.0763052 2.47198 0.146835
1   0.990519  -0.136505  0.0154499 -0.0829485  -0.683936  -0.724811   0.109507   0.716658  -0.688774  -0.112711  -0.762625    1.01826 0.00201151 0.864476 0.212234 1.25249 0.151516
1  0.981114 -0.190025 0.0361395 -0.107018 -0.688891 -0.716922  0.161129  0.699514 -0.696216 -0.178545 -0.740133   1.02648 0.0021251 0.89117 0.235092 1.91742 0.0689696
1   0.985415  -0.168514  0.0236558 -0.0983872  -0.677642  -0.728781    0.13884   0.715824  -0.684338  -0.149597  -0.763189    1.01341 0.00193891 0.86653 0.187742 1.53852 0.114993
1   0.990954  -0.133612  0.0125768 -0.0819965  -0.676985  -0.731415    0.10624   0.723768  -0.681816  -0.108508  -0.773264     1.0105 0.00201469 0.852156 0.230903 1.94812 0.164265
1   0.985408  -0.168535  0.0238067 -0.0982785   -0.67758  -0.728853   0.138968   0.715878  -0.684256  -0.149805  -0.763274    1.01331 0.00193605 0.86653 0.237505 1.95788 0.114953
1   0.985415  -0.168514  0.0236558 -0.0983872  -0.677642  -0.728781    0.13884   0.715824  -0.684338  -0.149597  -0.763189    1.01341 0.00193892 0.86653 0.227165 2.02546 0.114993
1   0.985408  -0.168535  0.0238067 -0.0982785   -0.67758  -0.728853   0.138968   0.715878  -0.684256  -0.149805  -0.763274    1.01331 0.00193604 0.86653 0.199782 1.20445 0.114953
1   0.990421  -0.137179  0.0157786 -0.0832593  -0.684437  -0.724302   0.110158    0.71605  -0.689302  -0.113502  -0.761754    1.01883 0.00200523 0.864476 0.19763 1.99995 0.149991
1   0.990421  -0.137179  0.0157787 -0.0832593  -0.684437  -0.724302   0.110158    0.71605  -0.689302  -0.113502  -0.761754    1.01883 0.00200522 0.864476 0.214412 1.3111 0.149991
1   0.986404   -0.16198  0.0277377 -0.0942008  -0.695613  -0.712214   0.134659   0.699918  -0.701414  -0.144885  -0.738877    1.03227 0.00211428 0.897331 0.177158 1.64794 0.100371
1  0.981062 -0.190061 0.0373478  -0.10653 -0.690478 -0.715466   0.16177  0.697937 -0.697649 -0.179733  -0.73782   1.02805 0.00201416 0.887064 0.141992 1.20868 0.0661443
1   0.985362  -0.168921  0.0229715 -0.0985623  -0.674445  -0.731716   0.139095   0.718741  -0.681222  -0.149909  -0.767572    1.00991 0.00188948 0.86037 0.308073 3.22895 0.119487
1   0.990639  -0.135424   0.017174 -0.0817354    -0.6892  -0.719946   0.109335   0.711803  -0.693818  -0.112745  -0.755176    1.02385 0.00209297 0.876797 0.226682 1.35911 0.146835
1   0.985413  -0.168528  0.0236334 -0.0984516  -0.677837  -0.728591   0.138808   0.715637  -0.684541  -0.149542   -0.76291    1.01363 0.00196991 0.868583 0.202536 1.59621 0.114725
1   0.990424  -0.137049  0.0166803 -0.0830715  -0.688079  -0.720865   0.110271   0.712577  -0.692874   -0.11372  -0.756463     1.0228 0.00203063 0.870637 0.149779 1.54356 0.146198
1   0.985423   -0.16863  0.0224684 -0.0991077    -0.6764  -0.729836    0.13827   0.716971  -0.683252  -0.148684  -0.764899    1.01218 0.00193406 0.864476 0.212699 2.61933 0.117348
1   0.990466  -0.136818  0.0160761 -0.0828505  -0.684844  -0.723964   0.110061    0.71573   -0.68965  -0.113462  -0.761248    1.01922 0.00202724 0.86653 0.247503 1.5021 0.149799
1   0.990417  -0.137476  0.0132177 -0.0848251  -0.681035  -0.727321   0.108991    0.71923   -0.68617  -0.111593  -0.766536    1.01532 0.00203511 0.86037 0.216449 1.37539 0.155011
1   0.985426  -0.168435  0.0237744 -0.0982522  -0.677685  -0.728759    0.13886   0.715802  -0.684357   -0.14969  -0.763168    1.01342 0.00193522 0.86653 0.313092 3.02002 0.114935
1   0.985431  -0.168412  0.0237371 -0.0982571  -0.677652  -0.728789   0.138823   0.715839  -0.684327  -0.149639  -0.763221    1.01339 0.00193621 0.86653 0.14236 1.07499 0.115028
1   0.986333  -0.162362   0.028038 -0.0943247  -0.695945  -0.711873   0.135094   0.699499  -0.701748   -0.14546  -0.738284    1.03264 0.0021068 0.897331 0.223054 1.23371 0.0994222
0   0.991074  -0.132724  0.0125276 -0.0814052  -0.676916  -0.731545   0.105574   0.723995  -0.681679  -0.107758  -0.773539    1.01035 0.00200498 0.852156 0.299377 1.52097 0.165399
1   0.985442  -0.168323   0.023912 -0.0981165  -0.677921  -0.728558   0.138843   0.715605  -0.684567  -0.149692  -0.762859    1.01366 0.00192911 0.86653 0.111303 1.26388 0.114644
1   0.990452  -0.136976  0.0155701 -0.0832346  -0.684214  -0.724516   0.109894   0.716302  -0.689082  -0.113176  -0.762121     1.0186 0.00200574 0.864476 0.18615 1.25402 0.150595
0   0.994641  -0.103177 0.00667361  -0.064929  -0.673546  -0.736288  0.0804632   0.731908  -0.676636  -0.077111  -0.784069    1.00471 0.0021802 0.843943 0.229692 1.42219 0.20883
1   0.986333  -0.162362  0.0280381 -0.0943247  -0.695945  -0.711873   0.135094   0.699499  -0.701748   -0.14546  -0.738284    1.03264 0.00210681 0.897331 0.125632 1.69812 0.0994221
1   0.990356  -0.137716   0.015144 -0.0838143  -0.682569  -0.725999   0.110318   0.717728  -0.687529  -0.113601  -0.764301    1.01688 0.0020357 0.864476 0.140473 1.43505 0.15162
1     0.9854  -0.168591  0.0237533 -0.0983394  -0.677487  -0.728932   0.138984   0.715953  -0.684174  -0.149822  -0.763397    1.01322 0.0019383 0.86653 0.235765 1.61915 0.115053
1   0.985413  -0.168528  0.0236334 -0.0984516  -0.677837  -0.728591   0.138808   0.715636  -0.684541  -0.149542   -0.76291    1.01363 0.00196993 0.868583 0.112834 1.26262 0.114724
1   0.986402   -0.16199  0.0277453 -0.0942456  -0.695837   -0.71199   0.134641   0.699693  -0.701642  -0.144854  -0.738548    1.03252 0.00211288 0.897331 -0.0272981 1.58763 0.100199
1   0.985425  -0.168432  0.0238466 -0.0982224  -0.677818  -0.728639    0.13889   0.715676  -0.684483  -0.149734  -0.762975    1.01356 0.00193141 0.86653 0.0667811 1.42644 0.114708
1   0.985408  -0.168535  0.0238067 -0.0982785   -0.67758  -0.728853   0.138968   0.715878  -0.684256  -0.149805  -0.763274    1.01331 0.00193606 0.86653 0.250422 1.2913 0.114953
1   0.985408  -0.168535  0.0238067 -0.0982785   -0.67758  -0.728853   0.138968   0.715878  -0.684256  -0.149805  -0.763274    1.01331 0.00193605 0.86653 0.28999 1.47961 0.114953
1   0.990313  -0.138159   0.013897 -0.0849284   -0.68184  -0.726555   0.109856   0.718336  -0.686968  -0.112739  -0.765225    1.01623 0.0020712 0.864476 0.184318 1.32926 0.152839
