1  0.981059 -0.190127 0.0370792 -0.106866 -0.690875 -0.715032  0.161564  0.697526 -0.698108 -0.179247 -0.737181   1.02857 0.00217081 0.897331 0.0862052 0.318585 0.0657487
1  0.980726 -0.191845 0.0370297 -0.107541 -0.688239 -0.717469  0.163128  0.699659 -0.695605 -0.181347 -0.740534   1.02578 0.00204514 0.88501 0.0777481 0.0992195 0.0675683
1  0.980702 -0.191997 0.0368932 -0.107668 -0.687885 -0.717789  0.163192  0.699965 -0.695282 -0.181405 -0.740995   1.02543 0.00205012 0.88501 0.177151 0.0937488 0.0679846
0   0.994607  -0.103558 0.00572586 -0.0657829  -0.672557  -0.737116  0.0801853   0.732764  -0.675742 -0.0765176  -0.785341    1.00371 0.00221201 0.843943 0.154281 0.159119 0.210134
1     0.9903  -0.138246  0.0139138 -0.0849579  -0.681716  -0.726667   0.109944   0.718436  -0.686849  -0.112845  -0.765378     1.0161 0.00203967 0.862423 0.480001 0.218849 0.152844
0   0.993661  -0.111753  0.0122353 -0.0692126  -0.693884  -0.716752  0.0885889   0.711362   -0.69722 -0.0870051  -0.753435    1.02756 0.00213359 0.870637 0.15134 0.169996 0.177562
1   0.990115  -0.138976  0.0189382 -0.0837862  -0.694325  -0.714768   0.112485   0.706115  -0.699105   -0.11644  -0.746799    1.02972 0.00215665 0.887064 0.219851 0.0843068 0.137397
1  0.981329 -0.188767 0.0368877 -0.105875 -0.690276 -0.715758  0.160574  0.698489 -0.697373 -0.178101 -0.738485   1.02778 0.00219191 0.899384 -0.0241885 0.0423123 0.0679897
1    0.99061  -0.135638  0.0171468 -0.0818904  -0.689098  -0.720026   0.109478   0.711861  -0.693735  -0.112912  -0.755271    1.02376 0.00206023 0.874743 0.244319 0.0992221 0.146674
0   0.991162  -0.132064  0.0125018 -0.0809548   -0.67684  -0.731665   0.105089   0.724187  -0.681549  -0.107135  -0.773798     1.0102 0.00198048 0.850103 -0.0142047 0.10702 0.166322
1  0.981062 -0.190061 0.0373478  -0.10653 -0.690478 -0.715466   0.16177  0.697937 -0.697649 -0.179733  -0.73782   1.02805 0.00201414 0.887064 0.269001 0.122597 0.0661443
0   0.994523  -0.104491  0.0024493  -0.068592  -0.670168  -0.739034  0.0788637   0.734818  -0.673664 -0.0740588  -0.788432    1.00136 0.00232752 0.843943 0.0936519 0.409064 0.214155
0   0.993564  -0.112592  0.0124289 -0.0697017  -0.694168  -0.716431  0.0892918   0.710953  -0.697548 -0.0878475  -0.752841    1.02792 0.00211674 0.870637 0.0571101 0.0712221 0.176183
0   0.997339 -0.0728363 0.00300396 -0.0483597  -0.691895  -0.720377   0.054548   0.718315  -0.693576 -0.0450472  -0.762603    1.02333 0.00245332 0.856263 0.0906518 0.125801 0.23578
1   0.986333  -0.162362  0.0280381 -0.0943246  -0.695945  -0.711873   0.135094   0.699499  -0.701748   -0.14546  -0.738283    1.03264 0.00210679 0.897331 0.245022 0.305921 0.0994221
1   0.985744  -0.166682    0.02295 -0.0967093  -0.672909  -0.733376   0.137684   0.720702  -0.679435  -0.148485   -0.77044    1.00792 0.0018628 0.856263 0.268634 0.0422152 0.124112
1   0.985415  -0.168514  0.0236558 -0.0983871  -0.677642  -0.728781    0.13884   0.715824  -0.684338  -0.149597  -0.763189    1.01341 0.0019389 0.86653 0.429498 0.226718 0.114993
0    0.99365  -0.111941  0.0113655 -0.0697836  -0.692353  -0.718177  0.0882627   0.712823  -0.695768 -0.0864636  -0.755612    1.02593 0.00212898 0.868583 0.239091 0.183625 0.179007
1   0.990948  -0.133664  0.0124547 -0.0820122  -0.676232  -0.732109   0.106279   0.724461  -0.681073   -0.10855  -0.774326    1.00968 0.00203325 0.852156 0.239764 0.0756764 0.165115
0   0.997339 -0.0728362 0.00300397 -0.0483597  -0.691894  -0.720377   0.054548   0.718315  -0.693576 -0.0450472  -0.762603    1.02333 0.00245335 0.856263 0.0268779 0.101279 0.23578
0   0.994087  -0.108522 0.00380858 -0.0702784  -0.669715  -0.739286   0.082779   0.734646  -0.673381 -0.0790409  -0.788439    1.00105 0.00220823 0.839836 0.198702 0.0453046 0.208748
1   0.985842  -0.166325  0.0212537 -0.0977849  -0.673247  -0.732924   0.136213   0.720468  -0.679979  -0.146224  -0.770048    1.00852 0.00190921 0.858316 0.153904 0.0613204 0.125064
1  0.980739 -0.191819 0.0368203 -0.107643 -0.688106 -0.717581  0.162982  0.699797 -0.695501 -0.181102 -0.740728   1.02567 0.00204522 0.88501 0.209903 0.145804 0.0678834
1   0.990639  -0.135424   0.017174 -0.0817354    -0.6892  -0.719946   0.109335   0.711803  -0.693818  -0.112745  -0.755176    1.02385 0.00209297 0.876797 0.108472 0.145826 0.146835
0   0.997567 -0.0697166 0.00064971 -0.0474113  -0.685175  -0.726834  0.0511175   0.725034  -0.686813 -0.0407691   -0.77255     1.0158 0.00235374 0.841889 0.120479 0.0975696 0.245697
1   0.990848  -0.134069  0.0156459 -0.0812794  -0.685174  -0.723831   0.107763   0.715935    -0.6898  -0.110777  -0.761354    1.01938 0.00196911 0.864476 0.482544 0.124578 0.153114
0   0.993735  -0.111757  0.0012635 -0.0745556  -0.671279  -0.737445  0.0832629   0.732731  -0.675406  -0.078599  -0.785636    1.00329 0.00221206 0.837782 0.0453664 0.0516217 0.205538
0    0.99365  -0.111941  0.0113655 -0.0697836  -0.692353  -0.718177  0.0882626   0.712823  -0.695768 -0.0864635  -0.755612    1.02593 0.00212898 0.868583 0.114446 0.242116 0.179008
1  0.980578 -0.192905 0.0354085  -0.10918 -0.686875 -0.718528  0.162929  0.700707 -0.694596 -0.180656 -0.742134   1.02469 0.00204229 0.882957 0.215832 0.0531298 0.0692668
1   0.985408  -0.168535  0.0238067 -0.0982785   -0.67758  -0.728853   0.138968   0.715878  -0.684256  -0.149805  -0.763274    1.01331 0.00193604 0.86653 0.184073 0.148173 0.114953
0   0.997209  -0.074608 0.00262493 -0.0499406  -0.692816  -0.719383  0.0554904   0.717245  -0.694608  -0.045972   -0.76097    1.02449 0.0024277 0.858316 0.0978076 0.0779495 0.233436
1  0.980918 -0.190803 0.0373446 -0.107267 -0.691315 -0.714547  0.162154  0.696906  -0.69859 -0.179936 -0.736289    1.0291 0.00216291 0.897331 0.251555 0.0492106 0.0643781
1  0.981114 -0.190025 0.0361395 -0.107018  -0.68889 -0.716922  0.161129  0.699515 -0.696216 -0.178545 -0.740133   1.02648 0.00212512 0.89117 0.35534 0.190825 0.0689698
1  0.980542 -0.193013 0.0358345 -0.108731 -0.685952 -0.719477  0.163449  0.701581 -0.693591 -0.181461 -0.743444   1.02358 0.0020199 0.880903 0.121413 0.122318 0.0703305
1  0.981494 -0.188539 0.0334907 -0.107054 -0.685266 -0.720382   0.15877  0.703465 -0.692769 -0.175439 -0.745939    1.0227 0.00201852 0.87885 0.225799 0.0938164 0.0768648
1   0.985415  -0.168514  0.0236558 -0.0983871  -0.677642  -0.728781    0.13884   0.715824  -0.684338  -0.149597  -0.763189    1.01341 0.00193893 0.86653 0.21155 0.223301 0.114993
1   0.985413  -0.168528  0.0236333 -0.0984517  -0.677837  -0.728591   0.138808   0.715637  -0.684541  -0.149542   -0.76291    1.01363 0.00196994 0.868583 0.426893 0.16429 0.114725
0   0.997074 -0.0763866  0.0030695 -0.0512127  -0.697211  -0.715035  0.0567592   0.712785  -0.699082 -0.0472523  -0.754209    1.02942 0.00234363 0.862423 0.124871 0.0780429 0.228827
1  0.981114 -0.190025 0.0361395 -0.107018  -0.68889 -0.716922  0.161129  0.699515 -0.696216 -0.178545 -0.740133   1.02648 0.00212512 0.89117 0.114676 0.104388 0.0689697
1   0.985426  -0.168435  0.0237743 -0.0982523  -0.677685  -0.728759    0.13886   0.715802  -0.684357   -0.14969  -0.763168    1.01342 0.00193521 0.86653 0.223619 0.0562161 0.114935
1  0.990317 -0.137976  0.015306  -0.08389 -0.682645 -0.725919  0.110608  0.717606  -0.68761  -0.11398 -0.764141   1.01697 0.00203299 0.864476 0.147706 0.0970617 0.1511
0   0.997339 -0.0728363 0.00300396 -0.0483597  -0.691895  -0.720377   0.054548   0.718315  -0.693576 -0.0450472  -0.762603    1.02333 0.00245333 0.856263 0.027902 0.0909365 0.23578
1  0.980548 -0.193132 0.0350033 -0.109153 -0.684768 -0.720541  0.163129  0.702704 -0.692529 -0.180905 -0.745131   1.02241 0.00205192 0.880903 0.380832 0.189547 0.0724097
1   0.986333  -0.162362   0.028038 -0.0943247  -0.695945  -0.711873   0.135094   0.699499  -0.701748   -0.14546  -0.738283    1.03264 0.0021068 0.897331 0.137807 0.0649288 0.0994222
1   0.990681  -0.135207  0.0164339 -0.0819013  -0.687771  -0.721293   0.108827   0.713225  -0.692435  -0.112074  -0.757357    1.02232 0.00202668 0.870637 0.113265 0.0550942 0.148863
0  0.994641 -0.103177 0.0066736 -0.064929 -0.673546 -0.736288 0.0804631  0.731908 -0.676636 -0.077111 -0.784069   1.00471 0.00218018 0.843943 0.171111 0.121111 0.20883
1  0.980761 -0.191732 0.0367042 -0.107668 -0.688119 -0.717565  0.162837  0.699808 -0.695523 -0.180889 -0.740738    1.0257 0.00204538 0.88501 0.181945 0.110064 0.0680114
1   0.990639  -0.135424   0.017174 -0.0817354    -0.6892  -0.719946   0.109335   0.711803  -0.693818  -0.112745  -0.755176    1.02385 0.00209297 0.876797 0.113345 0.350951 0.146835
1  0.980702 -0.191997 0.0368933 -0.107668 -0.687885 -0.717789  0.163192  0.699965 -0.695283 -0.181405 -0.740995   1.02543 0.00205013 0.88501 0.0790567 0.0646978 0.0679844
0   0.991162  -0.132064  0.0125017 -0.0809549   -0.67684  -0.731665   0.105089   0.724187  -0.681549  -0.107135  -0.773799     1.0102 0.0019805 0.850103 0.05634 0.100661 0.166322
0   0.991087  -0.132638  0.0124033 -0.0813514  -0.676329  -0.732094   0.105492    0.72456  -0.681091  -0.107663  -0.774386     1.0097 0.0020161 0.852156 0.0986052 0.0845659 0.166224
1   0.985425  -0.168432  0.0238466 -0.0982224  -0.677818  -0.728639    0.13889   0.715676  -0.684483  -0.149734  -0.762975    1.01356 0.00193142 0.86653 0.145721 0.0842606 0.114708
1  0.981274  -0.18893 0.0375114 -0.105878 -0.691743  -0.71434  0.160908  0.696991 -0.698793 -0.178622   -0.7363   1.02932 0.00216877 0.899384 0.0724402 0.211291 0.0656615
1   0.990356  -0.137716   0.015144 -0.0838144  -0.682569  -0.725999   0.110318   0.717728  -0.687529  -0.113601  -0.764301    1.01688 0.0020357 0.864476 0.0112391 0.068648 0.15162
1   0.990865  -0.133981  0.0153388 -0.0814349  -0.685128  -0.723856   0.107492   0.715995   -0.68978  -0.110391  -0.761451    1.01935 0.00197599 0.864476 0.139801 0.1241 0.153517
1    0.9755 -0.215975 0.0418878 -0.121623 -0.688082 -0.715368  0.183324  0.692747 -0.697491 -0.205947 -0.731755   1.02788 0.00220403 0.893224 0.111951 0.0678183 0.0484405
1   0.987466  -0.157202  0.0141087 -0.0970039  -0.674975  -0.731437   0.124507     0.7209  -0.681763  -0.129948  -0.770093    1.01048 0.00204845 0.854209 0.100104 0.146261 0.138118
1  0.974118 -0.221538 0.0448849 -0.124856 -0.692883 -0.710158  0.188427  0.686174  -0.70261  -0.21217 -0.722286   1.03349 0.00221263 0.897331 0.163187 0.0745527 0.0399833
1  0.981734 -0.188105 0.0285592 -0.109201 -0.680005  -0.72503  0.155802  0.708667 -0.688125 -0.170752 -0.753534   1.01758 0.00197023 0.870637 0.214441 0.0550122 0.0878124
1  0.990317 -0.137976 0.0153061  -0.08389 -0.682645 -0.725919  0.110608  0.717606  -0.68761  -0.11398 -0.764141   1.01697 0.00203301 0.864476 0.032882 0.0612569 0.1511
0   0.993585  -0.112481   0.011661  -0.070061  -0.693238  -0.717295  0.0887657   0.711877  -0.696672 -0.0870558  -0.754206    1.02694 0.00211068 0.868583 0.110118 0.0711876 0.177561
1   0.986402   -0.16199  0.0277453 -0.0942457  -0.695836   -0.71199   0.134641   0.699693  -0.701642  -0.144854  -0.738548    1.03252 0.0021129 0.897331 0.0938198 0.0614481 0.100199
1   0.990813  -0.134289  0.0159838 -0.0812536  -0.685612  -0.723418   0.108106   0.715473  -0.690225  -0.111225  -0.760668    1.01985 0.00202655 0.868583 0.195787 0.11905 0.152188
0     0.997077   -0.0764009 -0.000661529     -0.05245    -0.678157    -0.733043    0.0555565     0.730935    -0.680182   -0.0456835    -0.781681      1.00846 0.00235071 0.835729 0.165478 0.0671624 0.243755
1   0.985783  -0.166652  0.0214135 -0.0979164  -0.673357  -0.732805   0.136542    0.72029  -0.680102  -0.146618  -0.769793    1.00865 0.00190659 0.858316 0.269401 0.0682692 0.124466
1   0.990948  -0.133664  0.0124547 -0.0820122  -0.676232  -0.732109   0.106279   0.724461  -0.681073   -0.10855  -0.774325    1.00968 0.00203327 0.852156 0.223701 0.055729 0.165115
1  0.981734 -0.188105 0.0285592 -0.109201 -0.680005  -0.72503  0.155802  0.708667 -0.688125 -0.170752 -0.753534   1.01758 0.00197021 0.870637 0.172478 0.106856 0.0878124
1   0.985398  -0.168881  0.0216919 -0.0994862  -0.674458   -0.73158    0.13818   0.718739   -0.68141  -0.148476  -0.767554    1.01011 0.0019055 0.86037 0.236703 0.068515 0.120316
1  0.981495 -0.188539 0.0334907 -0.107054 -0.685266 -0.720382   0.15877  0.703465 -0.692769 -0.175439 -0.745939    1.0227 0.00201851 0.87885 0.0440593 0.206804 0.0768648
1   0.990115  -0.138976  0.0189381 -0.0837862  -0.694325  -0.714768   0.112485   0.706115  -0.699105   -0.11644  -0.746799    1.02972 0.00215663 0.887064 0.184364 0.0646531 0.137397
1  0.990317 -0.137976 0.0153061  -0.08389 -0.682645 -0.725919  0.110608  0.717606  -0.68761  -0.11398 -0.764141   1.01697 0.00203299 0.864476 0.2068 0.155423 0.1511
1   0.990639  -0.135424   0.017174 -0.0817354    -0.6892  -0.719946   0.109335   0.711803  -0.693818  -0.112745  -0.755176    1.02385 0.00209295 0.876797 0.0552321 0.0747315 0.146835
1   0.990639  -0.135424  0.0171741 -0.0817354    -0.6892  -0.719946   0.109335   0.711803  -0.693818  -0.112745  -0.755176    1.02385 0.00209296 0.876797 0.235352 0.132861 0.146835
1   0.985408  -0.168535  0.0238067 -0.0982785   -0.67758  -0.728853   0.138968   0.715878  -0.684256  -0.149805  -0.763274    1.01331 0.00193605 0.86653 0.260714 0.155574 0.114953
1   0.990639  -0.135424   0.017174 -0.0817354    -0.6892  -0.719946   0.109335   0.711803  -0.693818  -0.112745  -0.755176    1.02385 0.00209295 0.876797 0.165433 0.192592 0.146835
1   0.990948  -0.133664  0.0124547 -0.0820122  -0.676232  -0.732109   0.106279   0.724461  -0.681073   -0.10855  -0.774325    1.00968 0.00203325 0.852156 0.116497 0.0459567 0.165115
0   0.991162  -0.132065  0.0125018 -0.0809549   -0.67684  -0.731665   0.105089   0.724187  -0.681549  -0.107135  -0.773798     1.0102 0.00198049 0.850103 0.130399 0.319192 0.166322
1  0.981062 -0.190061 0.0373479  -0.10653 -0.690478 -0.715466   0.16177  0.697937 -0.697649 -0.179733  -0.73782   1.02805 0.00201415 0.887064 0.139888 0.0980794 0.0661443
0   0.994641  -0.103177 0.00667357  -0.064929  -0.673546  -0.736288  0.0804632   0.731908  -0.676636  -0.077111  -0.784069    1.00471 0.00218017 0.843943 0.124509 0.0850139 0.20883
0   0.994641  -0.103177 0.00667363  -0.064929  -0.673546  -0.736288  0.0804632   0.731908  -0.676636  -0.077111  -0.784069    1.00471 0.00218017 0.843943 -0.000925985 0.0635734 0.20883
1  0.974095 -0.221637 0.0449106 -0.124866  -0.69272 -0.710315  0.188542  0.686306  -0.70245 -0.212314 -0.722486   1.03331 0.00221458 0.897331 0.216907 0.244917 0.040191
1   0.985657  -0.167462  0.0209182 -0.0989781  -0.674014  -0.732058   0.136691   0.719487  -0.680922  -0.146607  -0.768598    1.00959 0.00192098 0.86037 0.260974 0.111546 0.122939
1   0.990948  -0.133664  0.0124547 -0.0820122  -0.676232  -0.732109   0.106279   0.724461  -0.681073   -0.10855  -0.774325    1.00968 0.00203327 0.852156 0.180016 0.0844357 0.165115
0   0.993585  -0.112481   0.011661  -0.070061  -0.693238  -0.717295  0.0887658   0.711877  -0.696672 -0.0870559  -0.754206    1.02694 0.00211067 0.868583 0.0936562 0.0792234 0.177561
1  0.982746 -0.182796 0.0282194 -0.105235 -0.678061 -0.727433  0.152106  0.711913 -0.685598  -0.16669 -0.758196   1.01477 0.00195481 0.86653 0.146453 0.0596478 0.0963184
1   0.986402   -0.16199  0.0277453 -0.0942457  -0.695837   -0.71199   0.134641   0.699693  -0.701642  -0.144854  -0.738548    1.03252 0.0021129 0.897331 0.0674998 0.110062 0.100199
0   0.993904  -0.110238 0.00176964 -0.0730398  -0.670377  -0.738418  0.0825883   0.733787  -0.674341 -0.0780314  -0.787155     1.0021 0.00222013 0.837782 0.130531 0.0679831 0.207806
1   0.985408  -0.168535  0.0238067 -0.0982785   -0.67758  -0.728853   0.138968   0.715878  -0.684256  -0.149805  -0.763274    1.01331 0.00193607 0.86653 0.303131 0.234046 0.114953
1   0.985408  -0.168535  0.0238067 -0.0982785   -0.67758  -0.728853   0.138968   0.715878  -0.684256  -0.149805  -0.763274    1.01331 0.00193604 0.86653 0.188941 0.14281 0.114953
0   0.994607  -0.103558 0.00572592 -0.0657829  -0.672557  -0.737116  0.0801853   0.732764  -0.675742 -0.0765176  -0.785341    1.00371 0.002212 0.843943 0.155583 0.177725 0.210134
1   0.990107   -0.13942  0.0157967 -0.0847299  -0.683829  -0.724706   0.111841   0.716199  -0.688877  -0.115422  -0.762045    1.01838 0.00203431 0.86653 0.198807 0.191151 0.14785
1   0.985423   -0.16863  0.0224684 -0.0991077    -0.6764  -0.729837    0.13827   0.716971  -0.683252  -0.148684  -0.764899    1.01218 0.00193406 0.864476 0.229101 0.21884 0.117348
1   0.985408  -0.168535  0.0238067 -0.0982785   -0.67758  -0.728853   0.138968   0.715878  -0.684256  -0.149805  -0.763274    1.01331 0.00193606 0.86653 0.199776 0.161012 0.114953
1    0.99076  -0.134621  0.0164864 -0.0812098  -0.686199  -0.722866   0.108626   0.714848  -0.690791  -0.111942   -0.75977    1.02048 0.00201742 0.868583 0.192753 0.0787332 0.150856
1  0.981062 -0.190061 0.0373479  -0.10653 -0.690478 -0.715466   0.16177  0.697937 -0.697649 -0.179733  -0.73782   1.02805 0.00201415 0.887064 0.210911 0.110209 0.0661444
1   0.985374  -0.168432  0.0258714 -0.0982953  -0.685816  -0.721106   0.139201   0.708016  -0.692341  -0.149976  -0.751375    1.02231 0.00211456 0.887064 0.177051 0.0749971 0.103307
1  0.980801 -0.191796  0.035257 -0.108424 -0.686605   -0.7189   0.16209  0.701276 -0.694218 -0.179662 -0.742898   1.02426 0.00207955 0.88501 0.114137 0.101942 0.0708181
1  0.985387 -0.168657 0.0238141 -0.098363 -0.677598 -0.728825  0.139058  0.715832 -0.684286 -0.149914 -0.763216   1.01334 0.00193503 0.86653 0.291394 0.205746 0.114789
1  0.981283 -0.189007 0.0368848 -0.106054 -0.690281 -0.715727  0.160739  0.698419 -0.697405 -0.178286 -0.738407   1.02781 0.00219734 0.899384 0.18812 0.103846 0.0677414
0   0.991162  -0.132064  0.0125018 -0.0809549   -0.67684  -0.731665   0.105089   0.724187  -0.681549  -0.107135  -0.773798     1.0102 0.00198047 0.850103 0.198262 0.110835 0.166322
1   0.990639  -0.135424  0.0171741 -0.0817353    -0.6892  -0.719946   0.109335   0.711803  -0.693818  -0.112745  -0.755176    1.02385 0.00209296 0.876797 0.123681 0.109671 0.146834
1   0.985423   -0.16863  0.0224684 -0.0991077  -0.676399  -0.729837    0.13827   0.716971  -0.683252  -0.148684  -0.764899    1.01218 0.00193408 0.864476 0.212692 0.142143 0.117348
0   0.997342  -0.072823 0.00254191 -0.0487966  -0.693384  -0.718914   0.054116   0.716879  -0.695094 -0.0443342  -0.760348    1.02501 0.00241212 0.858316 0.104641 0.036416 0.235452
0   0.994607  -0.103558 0.00572592 -0.0657829  -0.672557  -0.737116  0.0801853   0.732764  -0.675742 -0.0765177  -0.785341    1.00371 0.002212 0.843943 0.148342 0.121531 0.210134
1   0.986402   -0.16199  0.0277453 -0.0942457  -0.695837   -0.71199   0.134641   0.699693  -0.701642  -0.144854  -0.738548    1.03252 0.00211288 0.897331 0.250029 0.184829 0.100199
1  0.981495 -0.188539 0.0334907 -0.107054 -0.685266 -0.720382   0.15877  0.703465 -0.692769 -0.175439 -0.745939    1.0227 0.00201853 0.87885 0.105894 0.0615185 0.0768647
1  0.981327 -0.188725 0.0371446 -0.105745 -0.690658 -0.715409   0.16067  0.698123 -0.697718 -0.178258 -0.737942   1.02815 0.00218488 0.899384 0.19426 0.0461793 0.0674189
0    0.999431  -0.0335325 -0.00375567  -0.0266375   -0.715768    -0.69783   0.0207118    0.697532   -0.716254 -0.00343327   -0.730442     1.04797 0.00275971 0.86653 0.0356466 0.0585045 0.284555
1   0.986333  -0.162362  0.0280381 -0.0943247  -0.695945  -0.711873   0.135094   0.699499  -0.701748   -0.14546  -0.738283    1.03264 0.0021068 0.897331 0.0294469 0.0622093 0.0994221
0   0.991162  -0.132065  0.0125017 -0.0809549   -0.67684  -0.731665   0.105089   0.724187  -0.681549  -0.107135  -0.773798     1.0102 0.00198048 0.850103 0.196398 0.0944743 0.166322
0   0.997339 -0.0728593 0.00256396 -0.0488054  -0.693376  -0.718921  0.0541579   0.716883  -0.695087   -0.04439  -0.760357      1.025 0.00241227 0.858316 0.147696 0.0523456 0.23539
1  0.981062 -0.190061 0.0373478  -0.10653 -0.690478 -0.715466   0.16177  0.697937 -0.697649 -0.179733  -0.73782   1.02805 0.00201417 0.887064 0.164077 0.108508 0.0661444
1   0.991051  -0.132897  0.0125268 -0.0815391  -0.677006  -0.731447   0.105688   0.723879  -0.681784  -0.107882  -0.773368    1.01047 0.00200165 0.852156 0.154851 0.0714839 0.1651
1   0.991051  -0.132897  0.0125268 -0.0815391  -0.677006  -0.731447   0.105688   0.723879  -0.681784  -0.107882  -0.773368    1.01047 0.00200168 0.852156 0.210777 0.0752653 0.1651
1   0.985408  -0.168535  0.0238067 -0.0982785   -0.67758  -0.728853   0.138968   0.715878  -0.684256  -0.149805  -0.763274    1.01331 0.00193605 0.86653 0.128094 0.150322 0.114953
1   0.990993  -0.133325  0.0125268 -0.0819875  -0.678035  -0.730442    0.10588   0.722836  -0.682859  -0.108057  -0.771791    1.01165 0.00200952 0.854209 0.0229575 0.100647 0.163503
1  0.983386 -0.179461 0.0273168 -0.103339 -0.677159 -0.728544  0.149243  0.713617 -0.684454 -0.163182 -0.760557   1.01352 0.00199132 0.868583 0.0378352 0.0558556 0.101599
1   0.985408  -0.168535  0.0238066 -0.0982785   -0.67758  -0.728853   0.138968   0.715878  -0.684256  -0.149805  -0.763274    1.01331 0.00193606 0.86653 0.250422 0.152305 0.114953
1   0.986402   -0.16199  0.0277453 -0.0942457  -0.695836   -0.71199   0.134641   0.699693  -0.701642  -0.144854  -0.738548    1.03252 0.00211289 0.897331 0.225139 0.0826672 0.100199
1   0.990519  -0.136505  0.0154499 -0.0829484  -0.683936  -0.724811   0.109507   0.716658  -0.688774  -0.112711  -0.762625    1.01826 0.00201151 0.864476 0.207824 0.144005 0.151516
