1   0.98515  -0.17029 0.0219281 -0.100636 -0.676172 -0.729838  0.139111  0.716794 -0.683268 -0.149395 -0.764506   1.01232 0.00209147 0.876797 0.119606 2.22324 0.116101
1   0.991043  -0.132533  0.0163662 -0.0798718  -0.686507  -0.722723    0.10702   0.714943  -0.690944  -0.110083  -0.759818    1.02065 0.00201542 0.868583 0.345627 2.45005 0.153218
1  0.985045 -0.169417 0.0313639 -0.094006 -0.681021 -0.726204  0.144391  0.712396 -0.686763 -0.157618 -0.758113   1.01604 0.00207423 0.876797 0.167474 1.36147 0.104885
1   0.985706  -0.167309  0.0197764 -0.0989489  -0.669933  -0.735798   0.136355   0.723324  -0.676912  -0.146196  -0.774205    1.00514 0.0018453 0.854209 0.20534 2.08069 0.129655
1  0.990252 -0.138601  0.013832 -0.085666 -0.684318 -0.724134  0.109831   0.71589 -0.689521 -0.112572 -0.761558   1.01905 0.00203675 0.864476 0.189861 2.30802 0.150033
1   0.989981  -0.139762  0.0201018 -0.0849778  -0.703421  -0.705676   0.112767   0.696897   -0.70825    -0.1166  -0.733318     1.0398 0.00220171 0.895277 0.203551 1.30723 0.131259
1   0.985007  -0.170281  0.0276717 -0.0988023  -0.688317   -0.71865   0.141419   0.705141  -0.694822  -0.152901  -0.747451    1.02497 0.00206401 0.882957 0.0355751 1.41548 0.0972368
1  0.990329 -0.137998 0.0143504 -0.084483 -0.681845 -0.726602  0.110054  0.718362 -0.686909 -0.113139 -0.765243    1.0162 0.00204339 0.864476 0.250495 1.50467 0.152607
1   0.990558  -0.136572  0.0119763 -0.0849148  -0.679771  -0.728493   0.107633   0.720597  -0.684949  -0.109889   -0.76852    1.01398 0.00204072 0.86037 -0.0450535 1.34908 0.158264
1   0.986495  -0.161224  0.0289007 -0.0935227  -0.699283    -0.7087    0.13447   0.696426  -0.704917  -0.144762  -0.733739    1.03616 0.00209368 0.897331 0.240131 1.46696 0.0980917
1   0.990956  -0.133636  0.0121702 -0.0820893  -0.675456  -0.732817   0.106151    0.72519  -0.680317  -0.108306  -0.775429    1.00883 0.00202595 0.850103 0.211086 2.41011 0.166256
0   0.993597  -0.112479  0.0106666 -0.0710386  -0.695347  -0.715154  0.0878568   0.709817  -0.698885 -0.0855192  -0.751148     1.0294 0.00219547 0.87269 0.0220393 1.49531 0.177415
1  0.985639  -0.16714 0.0240759 -0.097093 -0.677576 -0.729015  0.138161  0.716208 -0.684074 -0.148999  -0.76371    1.0131 0.00194231 0.86653 0.280062 1.32048 0.11631
1  0.984623 -0.173204 0.0227584 -0.102554 -0.678566 -0.727345  0.141422  0.713827 -0.685894 -0.152181 -0.760638   1.01514 0.00196457 0.864476 0.295987 2.11302 0.109322
1    0.98676  -0.160265   0.024875 -0.0936784  -0.688415  -0.719242   0.132394   0.707389  -0.694314  -0.142096  -0.750144    1.02443 0.00213005 0.887064 0.163707 1.30247 0.110767
1   0.98575 -0.167834 0.0113891   -0.1012 -0.645743 -0.756819  0.134374  0.744881 -0.653526 -0.142947 -0.806079  0.979124 0.00211513 0.845996 0.121621 2.42407 0.172773
1   0.985507  -0.168075  0.0229326 -0.0981836  -0.675421  -0.730867    0.13833   0.718023  -0.682134  -0.148999  -0.766451    1.01093 0.00190538 0.862423 0.319004 1.2697 0.119005
0   0.991761   -0.12699  0.0168524 -0.0748875  -0.681465  -0.728009   0.103934   0.720749   -0.68536  -0.106782  -0.768445    1.01445 0.00205045 0.858316 0.233332 1.24293 0.164287
0   0.998198   -0.05973 0.00566915 -0.0372041  -0.690329  -0.722539  0.0470708   0.721026  -0.691307 -0.0376166  -0.766396    1.02084 0.00241193 0.850103 0.0433065 1.31987 0.250308
1  0.990505 -0.137077 0.0104558 -0.085969 -0.676961 -0.730981  0.107279  0.723142 -0.682318 -0.109112 -0.772391   1.01109 0.00207252 0.856263 0.247946 1.31629 0.161854
1   0.985466  -0.168473  0.0217612 -0.0997161  -0.677416   -0.72881   0.137527   0.716048   -0.68437  -0.147598  -0.763543    1.01343 0.00193665 0.864476 0.141744 1.43434 0.116587
1   0.98072  -0.19185 0.0371831 -0.107495 -0.688513 -0.717213  0.163198  0.699388 -0.695861 -0.181458 -0.740164   1.02609 0.00205417 0.88501 0.206447 1.94231 0.0671065
1   0.990556  -0.135925   0.017962 -0.0820039  -0.692339  -0.716897    0.10988   0.708654  -0.696948  -0.113404  -0.750566     1.0273 0.00216665 0.882957 0.18395 2.07203 0.143285
1   0.990096  -0.139454  0.0162299 -0.0850318  -0.687627  -0.721068   0.111716   0.712546  -0.692674  -0.115096  -0.756668     1.0225 0.00207932 0.868583 0.223021 1.38984 0.144219
1   0.990465  -0.136868  0.0157254 -0.0832119  -0.685301   -0.72349   0.109799   0.715283  -0.690156  -0.113056  -0.760638    1.01978 0.00200663 0.864476 0.283355 2.14042 0.149634
1    0.99093  -0.133816   0.012303 -0.0822828  -0.676593  -0.731745   0.106243   0.724096  -0.681467  -0.108452  -0.773795    1.01013 0.00203203 0.852156 0.12306 1.05689 0.164665
1   0.990927  -0.132984  0.0194785 -0.0791618  -0.694604  -0.715024   0.108616   0.706994  -0.698829  -0.112276  -0.748115    1.02937 0.00214828 0.880903 0.106418 1.38818 0.144154
1   0.985505  -0.167546   0.026629 -0.0962981  -0.681696   -0.72527   0.139669   0.712193  -0.687949  -0.151013  -0.757682     1.0174 0.00203421 0.876797 0.218934 1.16587 0.108822
1    0.98525  -0.169492  0.0235443 -0.0990944  -0.677297  -0.729005   0.139507   0.715919  -0.684103  -0.150344  -0.763355    1.01314 0.00196481 0.868583 0.17195 1.36728 0.114462
1   0.990498  -0.136652  0.0154981 -0.0829355  -0.683401  -0.725317   0.109708   0.717139  -0.688241  -0.112985  -0.763285    1.01767 0.00199746 0.864476 0.257696 1.54801 0.151765
1   0.98031 -0.192706 0.0430784 -0.109154 -0.710647  -0.69503   0.16455  0.676643 -0.717689 -0.182986  -0.70675   1.05002 0.00220087 0.909651 0.23842 1.17553 0.050018
1  0.980972 -0.190598  0.036953 -0.108358 -0.695426 -0.710381  0.161096   0.69286 -0.702846 -0.178351 -0.730219   1.03384 0.00216943 0.903491 0.341897 2.34834 0.0602217
1   0.986256  -0.163012  0.0269398 -0.0931768  -0.683402  -0.724072   0.136443    0.71161  -0.689198  -0.147375  -0.756241    1.01891 0.00216824 0.89117 0.0568905 1.32799 0.111422
1   0.986087  -0.165294  0.0176294 -0.0963824  -0.654926  -0.749522   0.135437   0.737394  -0.661745  -0.145255  -0.795044   0.988288 0.00206691 0.850103 0.207237 1.46254 0.156818
1   0.990076  -0.139022  0.0205295 -0.0838374  -0.701565  -0.707657   0.112783   0.698913  -0.706258  -0.116821  -0.736311    1.03754 0.00218583 0.89117 0.111146 1.46163 0.13239
1  0.984489 -0.173952 0.0228288 -0.104687 -0.686866 -0.719205  0.140788   0.70566 -0.694423 -0.150818 -0.748472   1.02454 0.00212378 0.880903 0.108498 2.05773 0.0983618
1   0.990484  -0.136231  0.0195618 -0.0812481  -0.693515  -0.715846   0.111087   0.707445  -0.697984  -0.115039  -0.748702    1.02845 0.00213512 0.882957 0.20273 1.28819 0.140784
1   0.985507  -0.167912  0.0241317 -0.0980236  -0.679778  -0.726838   0.138449   0.713938  -0.686385  -0.149139  -0.760382    1.01565 0.00202462 0.87269 0.156544 1.37657 0.112529
1   0.985776  -0.166755  0.0209324 -0.0986365  -0.674888  -0.731298   0.136075   0.718831  -0.681737  -0.145981  -0.767365    1.01067 0.00213616 0.87885 0.143001 1.24301 0.122209
1   0.985315   -0.16914  0.0233627 -0.0989198  -0.676987  -0.729317   0.139173   0.716296  -0.683777  -0.149964  -0.763927    1.01279 0.00190819 0.864476 0.200022 1.32699 0.115379
0   0.990911  -0.134027  0.0114917 -0.0824484  -0.672623  -0.735378    0.10629   0.727747   -0.67756  -0.108499  -0.779125    1.00581 0.00200324 0.850103 0.206242 1.14674 0.169364
0   0.994619  -0.102913  0.0119004 -0.0613706  -0.677846  -0.732638  0.0834646   0.727966  -0.680514 -0.0816838  -0.778387    1.00904 0.00217892 0.843943 0.1611 2.31159 0.201048
1   0.985289    -0.1693  0.0232953 -0.0991294  -0.677228  -0.729065   0.139207    0.71603  -0.684048  -0.149938  -0.763461    1.01311 0.00202 0.87269 0.173329 1.58491 0.114885
1   0.985373  -0.168659   0.024394 -0.0982528  -0.679227  -0.727322   0.139239   0.714286  -0.685863  -0.150126  -0.760924    1.01509 0.00202152 0.87269 0.115523 1.21938 0.112251
1   0.990233  -0.138631  0.0148243 -0.0849785  -0.684427  -0.724112   0.110531    0.71578  -0.689523  -0.113716  -0.761486    1.01907 0.00202648 0.864476 0.229545 1.44768 0.14904
1   0.985432  -0.168156   0.025429 -0.0974013  -0.680603  -0.726149   0.139414   0.713094  -0.687067  -0.150543  -0.759177     1.0164 0.00201423 0.87269 0.194403 1.35437 0.110349
1   0.99089 -0.133883 0.0145543 -0.081852 -0.684543 -0.724363  0.106943  0.716572 -0.689266 -0.109547 -0.762216   1.01876 0.00203776 0.868583 0.136734 2.24077 0.1548
1   0.97971 -0.197896 0.0317081 -0.114141 -0.680972  -0.72336  0.164742  0.705063 -0.689743 -0.181995 -0.748939   1.01929 0.00191792 0.86653 0.138447 1.14618 0.0756442
1   0.985441   -0.16815  0.0251215 -0.0981827  -0.683466  -0.723349   0.138801   0.710352  -0.690025  -0.149574  -0.755158    1.01963 0.00200683 0.87269 0.0437902 1.39651 0.107033
0   0.991112  -0.132465  0.0122884 -0.0814452  -0.677216  -0.731263   0.105189   0.723762  -0.681985   -0.10725  -0.773181    1.01069 0.00200212 0.852156 0.104853 1.18559 0.16557
1  0.984996 -0.171691 0.0174391 -0.100699 -0.653877  -0.74987  0.140149  0.736863 -0.661355 -0.150877 -0.794558  0.987688 0.00200148 0.845996 0.11473 1.21026 0.152663
1  0.986373  -0.16175 0.0300755 -0.093103 -0.699499 -0.708543  0.135645  0.696088 -0.705026 -0.146416 -0.733307   1.03618 0.00209383 0.897331 0.104491 1.77718 0.0963855
1    0.99054  -0.136248  0.0163329 -0.0828034  -0.688374  -0.720614   0.109426   0.712444  -0.693144  -0.112636  -0.756264    1.02307 0.00204277 0.870637 0.00780678 1.14698 0.147258
1    0.99074  -0.134938  0.0150586 -0.0821399  -0.683979  -0.724862   0.108111   0.716913  -0.688729  -0.111092  -0.762778    1.01822 0.00202832 0.868583 0.437229 2.62904 0.15357
1   0.985538  -0.167853  0.0232297 -0.0979148  -0.675982  -0.730384     0.1383   0.717547  -0.682642  -0.149043  -0.765738    1.01148 0.00189589 0.862423 0.236105 1.09712 0.118269
1   0.985938  -0.165832  0.0206487 -0.0982989  -0.675429  -0.730844   0.135144   0.718537  -0.682233  -0.144773   -0.76721    1.01102 0.0019049 0.858316 0.45195 2.30615 0.122934
1   0.985488  -0.167026   0.030252 -0.0937002  -0.683899  -0.723534   0.141538     0.7102  -0.689625  -0.154073  -0.754748    1.01921 0.00201224 0.876797 0.238972 1.36619 0.104335
1   0.986127  -0.164483  0.0223322 -0.0959041  -0.674379   -0.73213   0.135483   0.719832  -0.680798  -0.145505  -0.768795    1.00953 0.00201809 0.868583 0.195359 1.14752 0.124691
1   0.990009  -0.140276  0.0142827 -0.0859878  -0.680919  -0.727293   0.111747   0.718799  -0.686179  -0.115063  -0.765807    1.01544 0.00203334 0.86653 0.0327273 1.02649 0.150794
1    0.99024  -0.137673  0.0216868 -0.0829944  -0.707504  -0.701819   0.111965   0.693169  -0.712025  -0.115848  -0.727839    1.04391 0.00222494 0.895277 0.0619448 1.31915 0.131544
1   0.990555  -0.135884  0.0183542 -0.0811764  -0.689028  -0.720174   0.110507   0.711882   -0.69355  -0.114377  -0.755563    1.02351 0.00203182 0.868583 0.128593 1.11275 0.145532
1   0.990466  -0.136864  0.0156789 -0.0832955  -0.685643  -0.723157   0.109724   0.714956  -0.690506  -0.112909  -0.759855    1.02014 0.00203637 0.870637 0.19189 1.29177 0.149301
1   0.99081 -0.134233 0.0166544 -0.080973 -0.687247 -0.721897  0.108348  0.713914 -0.691801 -0.111549 -0.758384   1.02161 0.00205669 0.870637 0.26986 1.11068 0.150353
1   0.986219  -0.163968   0.022062 -0.0963256  -0.677487    -0.7292   0.134512   0.717026  -0.683944  -0.144204  -0.764691    1.01302 0.0020376 0.870637 0.219201 1.21103 0.121225
0   0.991663  -0.127743  0.0169278 -0.0772405  -0.694418  -0.715414   0.103144   0.708142  -0.698495  -0.105413  -0.750012    1.02886 0.00218397 0.868583 0.166165 1.27547 0.153105
1   0.985275  -0.169122  0.0251101 -0.0984996  -0.681506  -0.725154   0.139752   0.712002  -0.688129  -0.150603  -0.757431    1.01767 0.00210711 0.880903 0.114978 1.25854 0.108295
1   0.985628  -0.167172  0.0243124 -0.0970901  -0.678351  -0.728295   0.138243   0.715468  -0.684832  -0.149071  -0.762651    1.01395 0.00195173 0.86653 0.218185 1.32271 0.115111
1   0.985211  -0.169505  0.0250459 -0.0984125  -0.679436  -0.727105   0.140265   0.713887   -0.68607  -0.151449  -0.760391    1.01531 0.00201767 0.87269 0.0444604 2.03219 0.110637
1    0.98563  -0.167182  0.0241435 -0.0983888  -0.684387   -0.72245   0.137304   0.709693  -0.691001  -0.147427   -0.75363    1.02094 0.00218516 0.89117 0.173574 1.36289 0.107495
1   0.985675  -0.166905  0.0242548 -0.0968935  -0.678091  -0.728563   0.138048   0.715776  -0.684549  -0.148791  -0.763058    1.01361 0.0018882 0.862423 0.26329 1.31463 0.115816
1   0.985472  -0.168567  0.0207558 -0.0998088  -0.673663  -0.732268   0.137419   0.719558    -0.6807  -0.147476  -0.768692     1.0093 0.00189633 0.86037 0.143983 1.21968 0.122306
1   0.989894  -0.140684  0.0178411 -0.0865943  -0.699287  -0.709576   0.112302    0.70086  -0.704403  -0.115713   -0.73912    1.03559 0.00222957 0.895277 0.185445 1.36246 0.133677
1   0.990063  -0.139229  0.0197855 -0.0832925  -0.693932  -0.715207   0.113307   0.706452  -0.698632  -0.117579  -0.747185    1.02925 0.00217195 0.89117 0.170635 1.20421 0.13657
1   0.986604   -0.16104  0.0260443 -0.0915263  -0.678596  -0.728787   0.135037    0.71664  -0.684245  -0.145832  -0.764047    1.01327 0.00203566 0.870637 0.188278 2.38528 0.120548
1   0.990323    -0.1375  0.0188062 -0.0813705  -0.685069  -0.723919   0.112423   0.715384  -0.689629  -0.116762  -0.760913     1.0192 0.00203976 0.864476 0.113671 1.20857 0.14669
0   0.991215  -0.131515  0.0140266 -0.0796407  -0.678161  -0.730585   0.105596    0.72305  -0.682677  -0.108144  -0.772009    1.01149 0.00202326 0.856263 0.111619 2.22387 0.164309
1  0.981522 -0.187906 0.0361391 -0.107006 -0.695579 -0.710436  0.158633  0.693441 -0.702834 -0.175397 -0.730817   1.03384 0.00212071 0.903491 0.0943835 1.34096 0.0633881
1   0.990539  -0.136398  0.0150935 -0.0830121  -0.683135  -0.725559   0.109276   0.717442  -0.687994  -0.112391  -0.763738    1.01739 0.00200994 0.864476 0.19287 1.30954 0.152661
1  0.990927 -0.133357 0.0167146 -0.079892 -0.684472 -0.724648  0.108078  0.716738 -0.688916 -0.111411 -0.762487    1.0184 0.00196664 0.864476 0.0971083 1.32748 0.153742
0    0.997299  -0.0734487 0.000818794  -0.0497405   -0.683503   -0.728251   0.0540488    0.726243    -0.68531  -0.0441425   -0.774621     1.01415 0.0024294 0.841889 0.235013 2.3029 0.242178
1  0.984956 -0.170563   0.02774 -0.098945 -0.688264 -0.718681  0.141673  0.705125 -0.694786 -0.153148 -0.747311   1.02503 0.0020913 0.887064 0.195451 1.30811 0.0968545
1   0.985787  -0.167038  0.0179479 -0.0987683  -0.662658  -0.742381   0.135899   0.730057  -0.669737  -0.145654  -0.784284   0.997126 0.00194807 0.852156 0.214374 1.49682 0.142239
1   0.990427  -0.137092  0.0161577 -0.0831216   -0.68574  -0.723084   0.110209   0.714819  -0.690571  -0.113638  -0.759973    1.02025 0.00203074 0.86653 0.127982 1.06152 0.148609
1  0.985232 -0.169969 0.0207163 -0.100547 -0.672225 -0.733487  0.138596  0.720572 -0.679387 -0.148903 -0.770278    1.0079 0.00187185 0.858316 0.182675 1.6683 0.1229
1   0.990251  -0.137774  0.0205042 -0.0816412  -0.693351   -0.71596   0.112857   0.707306   -0.69784  -0.117284  -0.748488    1.02833 0.00219715 0.889117 0.0303166 2.42496 0.138166
1  0.990672  -0.13537  0.015635 -0.082203 -0.685171 -0.723729  0.108684  0.715692 -0.689908 -0.111801 -0.761153   1.01948 0.00200281 0.864476 0.215642 1.22812 0.151608
1  0.981645 -0.187262 0.0361383 -0.108236 -0.703025 -0.702881  0.157029  0.686068 -0.710389 -0.172897 -0.720233   1.04203 0.00213271 0.899384 0.232354 1.84773 0.0598766
1   0.986196  -0.163304  0.0273581 -0.0949851  -0.693294  -0.714368   0.135626   0.701909  -0.699235  -0.146013  -0.741903    1.02983 0.00211259 0.895277 0.11498 1.40333 0.100848
1   0.990984  -0.133356   0.012924 -0.0817273  -0.678113  -0.730399   0.106167   0.722758  -0.682898   -0.10845  -0.771786    1.01168 0.00201812 0.852156 0.229596 1.93056 0.163146
1    0.98546  -0.168024  0.0252376 -0.0981897  -0.684397  -0.722468   0.138665   0.709485  -0.690943  -0.149418  -0.753856     1.0207 0.00201982 0.874743 0.204512 1.92331 0.10595
1   0.986323  -0.162476  0.0277034 -0.0948224  -0.696844  -0.710927   0.134814   0.698577   -0.70272  -0.144962  -0.737033    1.03368 0.00213884 0.897331 0.14748 1.87016 0.0990415
1   0.985255  -0.168974  0.0268518 -0.0979608  -0.685794  -0.721173   0.140274   0.707909  -0.692234  -0.151487  -0.751441    1.02218 0.0021252 0.88501 0.121599 1.13221 0.102091
1   0.990359  -0.137664  0.0153997 -0.0838039  -0.683957  -0.724693   0.110297   0.716416  -0.688899  -0.113571  -0.762261    1.01839 0.00199816 0.864476 0.200457 1.97574 0.150144
1   0.990179  -0.139005  0.0149173 -0.0850017  -0.683318  -0.725156   0.110993   0.716767  -0.688423  -0.114245  -0.762772    1.01791 0.00205427 0.868583 0.195194 1.27364 0.149497
1   0.986724  -0.159593  0.0301062 -0.0922047  -0.703093  -0.705095   0.133695   0.692958  -0.708473  -0.144003  -0.728644    1.04005 0.00218575 0.903491 0.149344 1.62 0.0974324
1  0.980707 -0.191507 0.0392191 -0.108589 -0.700529 -0.705314  0.162547  0.687448 -0.707809 -0.180343 -0.722489   1.03917 0.00220559 0.905544 0.0604433 1.14751 0.0540477
1   0.985179  -0.169816  0.0241735 -0.0968589  -0.667074  -0.738668   0.141563   0.725379  -0.673635  -0.153462   -0.77749    1.00148 0.00187162 0.852156 0.314617 3.19803 0.129229
1   0.990172  -0.138059  0.0223608 -0.0829196  -0.708255   -0.70107   0.112626   0.692326  -0.712741  -0.116808  -0.726614    1.04464 0.00218456 0.895277 0.192841 1.28303 0.130311
1   0.985361  -0.168801  0.0238773 -0.0995627  -0.683479  -0.723149   0.138388   0.710185   -0.69028  -0.148797   -0.75495    1.01992 0.00204445 0.874743 0.172363 1.57819 0.107137
1   0.990234  -0.138533  0.0156901 -0.0845665  -0.686299  -0.722387   0.110842   0.714005  -0.691311  -0.114184  -0.758464     1.0211 0.00204267 0.87269 0.144738 1.50517 0.14665
1  0.985033 -0.170988 0.0217415 -0.101016 -0.674881  -0.73098  0.139661  0.717844 -0.682052 -0.150021 -0.766277   1.01086 0.00196114 0.864476 0.201676 2.5911 0.117448
1   0.990476  -0.136757  0.0159722 -0.0828994  -0.684949   -0.72386   0.109933   0.715641  -0.689762  -0.113291  -0.761114    1.01935 0.00202631 0.86653 0.247851 1.4909 0.14986
1   0.990879  -0.134234  0.0118269 -0.0842055  -0.685317   -0.72336   0.105204   0.715766   -0.69037  -0.106774  -0.761398    1.01997 0.00211287 0.862423 0.186512 1.34765 0.15617
1   0.985379  -0.168682  0.0239559 -0.0982757  -0.677598  -0.728836   0.139174   0.715826  -0.684269  -0.150082  -0.763217    1.01333 0.00193705 0.86653 0.312442 3.00693 0.114678
1  0.985581  -0.16748 0.0241021 -0.097569 -0.678897 -0.727722  0.138242  0.714877 -0.685449 -0.149002 -0.761833   1.01461 0.00192357 0.864476 0.147955 1.05389 0.114197
1   0.986881  -0.157531  0.0353553 -0.0880692  -0.708801  -0.699889   0.135314   0.687593  -0.713376  -0.146929  -0.720738     1.0453 0.00222403 0.907598 0.179825 1.1962 0.0943706
0   0.991385  -0.130172  0.0145148 -0.0787095  -0.680665  -0.728355   0.104691   0.720938  -0.685047  -0.107125  -0.768942    1.01413 0.00204771 0.856263 0.284447 1.49998 0.163057
1   0.985337  -0.168663  0.0257721 -0.0981877  -0.684059  -0.722788   0.139537   0.709659   -0.69059  -0.150573    -0.7541    1.02034 0.00203256 0.876797 0.0636484 1.23006 0.105209
1     0.9905  -0.136778  0.0141796 -0.0840476  -0.683786  -0.724826   0.108836   0.716748  -0.688786  -0.111694  -0.762775    1.01827 0.00201282 0.864476 0.183273 1.23638 0.152321
0   0.994781  -0.101411  0.0112762 -0.0609212  -0.678953   -0.73165  0.0818535   0.727144  -0.681587 -0.0797074   -0.77696    1.01021 0.00217509 0.848049 0.231498 1.36124 0.202256
1   0.987251  -0.156225  0.0304805 -0.0894026  -0.702689  -0.705858   0.131691   0.694134  -0.707698  -0.142067  -0.730046    1.03921 0.00217312 0.907598 0.0981108 1.65443 0.101159
1    0.99014  -0.138811  0.0187963 -0.0815404  -0.680263  -0.728418   0.113899   0.719704  -0.684875  -0.118587  -0.767295    1.01392 0.00208375 0.864476 0.120184 1.40363 0.149919
1    0.98545   -0.16841  0.0229284 -0.0988913  -0.677848  -0.728521   0.138232   0.715654   -0.68464  -0.148751   -0.76295    1.01374 0.00190745 0.864476 0.247929 1.60445 0.115277
1   0.985143  -0.170129  0.0234155 -0.0999005  -0.678629  -0.727655   0.139686   0.714506  -0.685543  -0.150391   -0.76122    1.01479 0.00203179 0.874743 0.0849774 1.22505 0.111997
1   0.986409  -0.161734  0.0289797 -0.0936107  -0.698119  -0.709836   0.135035   0.697475  -0.703771  -0.145471  -0.735314    1.03487 0.0021057 0.897331 -0.0238069 1.57327 0.0980741
1   0.985362  -0.168828  0.0236424 -0.0988101  -0.678623   -0.72781   0.138919    0.71482  -0.685372  -0.149668  -0.761731    1.01454 0.00195765 0.868583 0.0541025 1.412 0.11332
1  0.984819 -0.171692 0.0255563 -0.103394  -0.69847 -0.708131  0.139431  0.694739 -0.705618 -0.149381 -0.732257   1.03679 0.00215599 0.889117 0.16527 1.19335 0.0892889
1   0.985147  -0.169909  0.0248358 -0.0994515  -0.682471  -0.724115   0.139984   0.710889  -0.689232  -0.150777  -0.755808    1.01892 0.00214628 0.88501 0.212894 1.4048 0.106343
1   0.990376  -0.137706  0.0138701 -0.0847906  -0.682895  -0.725579   0.109388    0.71742  -0.687999  -0.112172  -0.763896    1.01736 0.00207537 0.864476 0.182675 1.3112 0.152403
