1  0.981871 -0.185278 0.0400204  -0.10171 -0.693146 -0.713585  0.159951  0.696578 -0.699424 -0.178388 -0.735498   1.02986 0.0019614 0.887064 0.19067 2.0747
0  -0.973819  -0.219002 -0.0609482   0.120069  -0.723183    0.68014  -0.193029   0.655015   0.730545   0.222883  -0.676258   -1.06352 0.0028058 0.882957 0.0857713 1.39046
1   0.990521  -0.135192  0.0243154 -0.0784739  -0.702232   -0.70761   0.112738   0.698995  -0.706184  -0.118022  -0.736002    1.03746 0.00211544 0.903491 0.14139 0.886488
1   0.987483   -0.15426  0.0328778 -0.0874208  -0.708803  -0.699969   0.131281   0.688333  -0.713416   -0.14209  -0.721101    1.04543 0.00214591 0.919918 0.186587 1.05487
1   0.988108  -0.149301  0.0367545 -0.0809391  -0.708306   -0.70125   0.130731   0.689936  -0.711968  -0.142625   -0.72326    1.04379 0.00209028 0.915811 0.189115 1.27129
1  0.982397 -0.181652 0.0435828 -0.097046  -0.69562 -0.711825  0.159622  0.695065 -0.701003 -0.178815 -0.732724   1.03169 0.00221921 0.804928 0.16405 1.29481
1   0.987789  -0.151215  0.0375054 -0.0814439   -0.70641  -0.703102   0.132813   0.691462    -0.7101   -0.14514  -0.725631     1.0417 0.00214435 0.915811 0.0930104 0.849519
0  -0.981697  -0.183871 -0.0496253  0.0955989  -0.701117   0.706609  -0.164718   0.688931   0.705862   0.189359  -0.724797   -1.03663 0.00286736 0.845996 0.0628108 1.86231
0   0.991173   -0.13077  0.0217974 -0.0752225  -0.690123  -0.719772   0.109168   0.711779  -0.693868  -0.113944  -0.754806     1.0239 0.00199992 0.882957 0.137342 0.992722
1   0.984544  -0.169556  0.0438673 -0.0864839  -0.688476  -0.720085   0.152296   0.705161  -0.692498  -0.171652  -0.747342    1.02227 0.00241487 0.790554 0.414027 1.02622
1  0.981758 -0.185272 0.0427311 -0.102836 -0.706439 -0.700264  0.159926  0.683095 -0.712604 -0.178117 -0.715342   1.04432 0.00217768 0.915811 0.172459 1.1312
1   0.986838  -0.158351  0.0328001 -0.0914442  -0.713718  -0.694438   0.133375   0.682299  -0.718804  -0.143734  -0.712935      1.051 0.0021677 0.907598 0.337336 1.99085
1   0.981967   -0.18069  0.0555964 -0.0959444  -0.729714  -0.676987   0.162895   0.659445  -0.733892   -0.18357  -0.680533    1.06729 0.00219678 0.817248 0.471604 1.57214
0  0.990689 -0.134104 0.0234951 -0.079254 -0.708368  -0.70138  0.110701  0.692987   -0.7124 -0.115132 -0.727176   1.04429 0.00216165 0.907598 0.054841 1.0372
1  0.981381 -0.187535 0.0415052 -0.103987 -0.700443 -0.706092  0.161489  0.688629 -0.706903 -0.179979 -0.723781   1.03815 0.00211921 0.905544 0.219878 0.992007
0  0.973716 -0.214215 0.0773899 -0.113963 -0.752401 -0.648772  0.197205    0.6229 -0.757037 -0.227074 -0.628788   1.09199 0.00310076 0.862423 0.362483 1.17542
1  0.981221 -0.187724 0.0443242 -0.105234 -0.713591 -0.692613  0.161649  0.674943 -0.719946 -0.179995 -0.703264    1.0524 0.00212431 0.921971 0.0800117 0.793412
1  0.981522 -0.188361 0.0336884 -0.108619 -0.693398 -0.712321  0.157533  0.695499 -0.701045 -0.173869 -0.733691   1.03176 0.00201196 0.895277 0.161909 1.21981
1    0.98787  -0.150805  0.0370312 -0.0832238  -0.715498   -0.69364     0.1311   0.682144   -0.71937  -0.142462  -0.712249    1.05167 0.00218206 0.796715 0.390403 1.47895
1   0.989063  -0.144031  0.0317588 -0.0803841  -0.706942  -0.702688    0.12366    0.69245  -0.710789  -0.133087  -0.726701    1.04246 0.0020845 0.911704 -0.101148 1.129
0   0.991762  -0.124935  0.0282639 -0.0680805  -0.701033  -0.709871   0.108502   0.702099  -0.703764  -0.114633  -0.740389    1.03482 0.0020873 0.893224 0.140918 1.16526
1   0.989595  -0.139355  0.0358142 -0.0736118  -0.704218  -0.706157   0.123628   0.696173  -0.707149  -0.134969  -0.732104    1.03848 0.00212695 0.909651 0.0327979 1.01506
1    0.99042  -0.136091  0.0233981 -0.0779162  -0.690658  -0.718972   0.114006   0.710261  -0.694645  -0.121296  -0.752252    1.02482 0.00220491 0.907598 0.167045 0.961203
0   0.990906  -0.131502  0.0285102 -0.0737765  -0.708165  -0.702182   0.112528   0.693693  -0.711427  -0.118698  -0.728253     1.0431 0.00217741 0.905544 0.177769 0.780907
1   0.986607  -0.160257  0.0303983 -0.0927533  -0.704493  -0.703623   0.134176    0.69138  -0.709923  -0.144791  -0.726247    1.04145 0.00217806 0.909651 0.0279983 0.644563
1   0.990292  -0.135932  0.0290488 -0.0754647  -0.701269  -0.708892   0.116732   0.699818  -0.704719  -0.125143  -0.737392    1.03588 0.00216511 0.907598 0.141012 0.87138
1  0.969417 -0.237245 0.0628182 -0.127796 -0.706502 -0.696077  0.209522   0.66676 -0.715214 -0.241257 -0.694785   1.04689 0.00261961 0.817248 0.303135 1.67309
0   0.991056  -0.130906  0.0259165 -0.0737726  -0.699281   -0.71103   0.111201   0.702759  -0.702683  -0.117072  -0.741476    1.03361 0.00202606 0.893224 0.150463 0.884205
1   0.98182 -0.185591 0.0398205  -0.10261  -0.69543  -0.71123   0.15969  0.694214 -0.701831 -0.177858 -0.731867   1.03267 0.0020549 0.897331 0.160164 1.09404
1   0.988378  -0.147194  0.0379931 -0.0793628  -0.712782  -0.696882   0.129657   0.685767  -0.716179  -0.141599  -0.717053    1.04835 0.00212786 0.919918 0.177948 1.55151
0   0.994969 -0.0984412  0.0186224  -0.055734  -0.698315  -0.713618  0.0832536   0.708989  -0.700288 -0.0829062  -0.749524    1.03076 0.00236058 0.89117 0.171102 1.79234
1  0.980254 -0.193002 0.0430433 -0.106976 -0.700655 -0.705436  0.166309  0.686901 -0.707466 -0.185754 -0.721231   1.03875 0.00211074 0.913758 0.260942 1.20788
1  0.988657  -0.14635 0.0337453 -0.080546 -0.706296  -0.70332  0.126765  0.692624 -0.710072  -0.13753 -0.727198   1.04167 0.00212877 0.913758 0.16118 0.932119
1   0.984029  -0.173207  0.0410732 -0.0945798  -0.704196  -0.703678   0.150805   0.688554  -0.709331  -0.167726   -0.72304    1.04063 0.00216586 0.899384 0.0470732 0.68286
1  0.975057 -0.215352 0.0537292  -0.11589 -0.700426 -0.704254  0.189296  0.680461 -0.707912 -0.215743  -0.71352   1.03905 0.00219414 0.901437 0.148516 1.04932
1  0.981916 -0.185139 0.0395574 -0.101021 -0.689104 -0.717587  0.160113  0.700614 -0.695345 -0.178659 -0.741153   1.02552 0.00202862 0.893224 0.243511 1.09042
0   0.991251  -0.128973    0.02806 -0.0721336   -0.70738  -0.703143   0.110535   0.694967  -0.710495  -0.116587  -0.729936    1.04208 0.00214849 0.905544 0.0351354 1.03988
0   0.990344  -0.137859  0.0145987 -0.0877286  -0.704772  -0.703989    0.10734   0.695911  -0.710061  -0.109143  -0.731681    1.04167 0.00220979 0.899384 0.194157 1.59257
1   0.988114  -0.149752  0.0347244 -0.0827241  -0.708382  -0.700965   0.129569   0.689761   -0.71235  -0.140802  -0.722972    1.04426 0.00212924 0.919918 0.233451 1.16981
1     0.9886  -0.146412  0.0351183 -0.0793316  -0.704761  -0.704995    0.12797   0.694172  -0.708342  -0.139343  -0.729419     1.0398 0.00212608 0.913758 0.0673829 0.898228
0  0.991577 -0.126184 0.0292138 -0.069709 -0.710015 -0.700728  0.109163  0.692789  -0.71283 -0.115389 -0.726661   1.04463 0.00211514 0.903491 0.156032 1.18816
1   0.981925  -0.183603  0.0459711 -0.0984951   -0.70309  -0.704247   0.161624   0.686989  -0.708466  -0.181087  -0.720393    1.03991 0.00226128 0.926078 0.168285 0.885586
1   0.988379  -0.147389  0.0371967 -0.0806204   -0.71571  -0.693729    0.12887   0.682668  -0.719275  -0.140291  -0.712641    1.05173 0.00213415 0.919918 0.13791 0.890542
0   0.991489  -0.127108  0.0281454 -0.0701156  -0.703522  -0.707207   0.109693   0.699214  -0.706447  -0.115819  -0.736218    1.03764 0.00203995 0.893224 0.168752 1.33907
1    0.98555  -0.167229  0.0269205 -0.0963616  -0.684261  -0.722842   0.139301   0.709803  -0.690489  -0.150314  -0.753925     1.0201 0.00202004 0.880903 0.213421 1.0495
1   0.988197  -0.148876  0.0360948 -0.0801764  -0.703414  -0.706244   0.130533   0.695014  -0.707048  -0.142509  -0.730644    1.03845 0.00212949 0.915811 0.075861 0.931071
1  0.981316 -0.189541 0.0330703 -0.107293 -0.681755  -0.72367  0.159711  0.706601 -0.689353  -0.17709 -0.750083   1.01888 0.00198062 0.887064 0.114071 0.943878
1  0.986449 -0.160487 0.0341077 -0.093359  -0.71999 -0.687676   0.13492  0.675173 -0.725216 -0.145586 -0.702472   1.05813 0.00220473 0.917865 0.185986 1.04947
1   0.987483  -0.154939  0.0295298 -0.0891179  -0.702543  -0.706039   0.130139    0.69457  -0.707557  -0.140458   -0.73018    1.03892 0.00211726 0.913758 0.181255 1.07393
1   0.988543  -0.146642  0.0357671 -0.0780611  -0.699491  -0.710366   0.129188   0.699435  -0.702923  -0.141229  -0.737134    1.03386 0.00206942 0.905544 0.132944 1.36946
1   0.988113   -0.14945   0.036027 -0.0816304  -0.708656  -0.700816   0.130267   0.689545  -0.712431  -0.141928  -0.722706    1.04428 0.00208744 0.915811 0.199257 1.75818
1  0.980785 -0.191101 0.0392681 -0.108015 -0.699519 -0.706404  0.162463  0.688588 -0.706719 -0.180221 -0.723636   1.03792 0.00199188 0.899384 0.177423 0.927699
1   0.988046  -0.150129  0.0350243 -0.0823017  -0.705804  -0.703611   0.130352   0.692317  -0.709722  -0.141918  -0.726819    1.04131 0.0020895 0.913758 0.208395 0.999361
1   0.988221  -0.149082  0.0345485 -0.0805814  -0.698851  -0.710714   0.130099   0.699558  -0.702632  -0.141956  -0.737331     1.0336 0.00209779 0.909651 0.0956016 1.02265
1   0.988265  -0.149124  0.0330814 -0.0804134  -0.692048  -0.717358   0.129869    0.70628  -0.695919  -0.141719  -0.747089    1.02633 0.00216924 0.909651 0.0451707 0.650407
1   0.984864  -0.170078  0.0334256 -0.0959589  -0.695595  -0.711997   0.144346   0.698012  -0.701387  -0.157346  -0.736449    1.03222 0.0021615 0.901437 0.00943097 1.00411
1   0.987923  -0.150722  0.0359382 -0.0824786  -0.707881    -0.7015   0.131171   0.690064  -0.711763  -0.142885  -0.723507    1.04358 0.00211972 0.917865 0.189914 1.14168
1   0.982382  -0.180979  0.0466172 -0.0979399  -0.710999   -0.69634   0.159168   0.679505  -0.716197  -0.178008  -0.709709    1.04831 0.0022295 0.924025 0.0411932 1.20563
1   0.98184 -0.185159 0.0413062 -0.102045 -0.699011 -0.707792  0.159928  0.690724 -0.705212  -0.17814 -0.726584   1.03625 0.00202805 0.899384 0.388873 2.01115
1  0.981419 -0.187223 0.0419933 -0.102661 -0.697267 -0.709422    0.1621  0.691929 -0.703532 -0.180925 -0.728491   1.03443 0.00203624 0.899384 0.169194 1.72568
1  0.981001   -0.1888 0.0446276 -0.105899 -0.713872 -0.692222   0.16255  0.674345 -0.720303  -0.18108 -0.702709   1.05284 0.00214631 0.919918 0.21259 1.75063
1  0.981538 -0.185819 0.0453165 -0.103449 -0.715048 -0.691379  0.160875  0.673927  -0.72107 -0.179151 -0.701806   1.05362 0.00218877 0.924025 0.156631 1.05513
0   0.992939  -0.113903  0.0331316 -0.0572536  -0.704785  -0.707107   0.103892   0.700218   -0.70633   -0.11107  -0.736847    1.03757 0.00231276 0.909651 0.0865285 0.674463
0  0.965537 -0.248268 0.0781127 -0.139411 -0.746783 -0.650293   0.21978  0.616992 -0.755657 -0.253354 -0.623276   1.09013 0.00268109 0.831622 0.434671 1.87589
1   0.98133 -0.187635  0.042237 -0.106645  -0.71361 -0.692378  0.160055  0.674947 -0.720298 -0.177743 -0.703581   1.05262 0.00211405 0.913758 0.0735685 0.695334
0   0.991321   -0.13001    0.01949 -0.0789141  -0.707066   -0.70273   0.105143   0.695093  -0.711189  -0.107649  -0.730658    1.04248 0.0022633 0.88501 0.284713 1.80077
1  0.986416 -0.161733 0.0287342 -0.096138 -0.710245 -0.697359  0.133194  0.685124 -0.716146 -0.143098 -0.717047   1.04838 0.00220637 0.913758 0.0986959 0.781679
1  0.982749 -0.181499 0.0355388  -0.10214 -0.692823 -0.713837  0.154183  0.697893 -0.699409 -0.170732 -0.737092   1.02995 0.00195698 0.887064 0.192087 0.987059
0   0.982609  -0.174038  0.0647361 -0.0926001  -0.761457  -0.641567   0.160951   0.624415   -0.76433  -0.182053   -0.62887    1.09997 0.00324823 0.87269 0.147423 1.23404
1   0.987904  -0.151791   0.031692 -0.0857084  -0.704837  -0.704172   0.129225   0.692939  -0.709322  -0.139579  -0.727726    1.04091 0.00211759 0.915811 0.0808801 0.93098
1   0.987323  -0.156139  0.0285097 -0.0890461  -0.693593  -0.714842   0.131389   0.703242  -0.698704  -0.141644  -0.743391    1.02911 0.00207471 0.897331 0.173072 1.0597
1   0.987346  -0.156764  0.0239263 -0.0910249  -0.683799   -0.72397   0.129853   0.712632  -0.689416  -0.139334  -0.757596     1.0189 0.00200035 0.880903 0.265361 1.60131
1   0.986197  -0.162813  0.0301202 -0.0924152  -0.692196  -0.715769   0.137386   0.703105  -0.697688  -0.149148   -0.74387     1.0282 0.00209244 0.89117 0.127155 0.675768
1  0.978591 -0.200653 0.0458033 -0.109515  -0.69608 -0.709563  0.174259  0.689356 -0.703152 -0.196537 -0.724973   1.03404 0.00225065 0.813142 0.498807 2.29773
1   0.981731  -0.183282  0.0511044 -0.0963859  -0.710612   -0.69695   0.164054   0.679292  -0.715296  -0.184816  -0.709573    1.04733 0.00220348 0.813142 0.499515 3.44703
1   0.988301  -0.148311  0.0355671 -0.0799962  -0.702629  -0.707045   0.129853   0.695928  -0.706273  -0.141623  -0.731978    1.03759 0.00211286 0.913758 0.157885 1.01165
1  0.981887 -0.184084 0.0448326 -0.100853 -0.708138 -0.698834  0.160392  0.681655 -0.713878 -0.179102 -0.712895   1.04579 0.00220185 0.924025 0.0662545 0.89093
0   0.986322  -0.160142  0.0390234 -0.0946077  -0.743901  -0.661559   0.134973   0.648818  -0.748877  -0.145002  -0.663225    1.08397 0.00301536 0.858316 -0.212762 1.08193
1  0.981303 -0.187988 0.0412938 -0.104155 -0.699082 -0.707415  0.161854  0.689888 -0.705591 -0.180355 -0.725491   1.03671 0.00212041 0.907598 0.15011 1.24724
1   0.988088  -0.149982  0.0344664 -0.0826337  -0.706028  -0.703346   0.129823    0.69212  -0.710011  -0.141179  -0.726447    1.04167 0.0020886 0.915811 0.153415 2.36948
1  0.980789 -0.189072 0.0480108 -0.103831 -0.714344 -0.692049  0.165143  0.673769 -0.720252  -0.18477 -0.701436   1.05264 0.00213962 0.924025 0.174551 0.94538
1   0.989861  -0.137148  0.0369554 -0.0679411  -0.685653  -0.724751   0.124736   0.714892  -0.688019  -0.137141  -0.759716    1.01754 0.00240574 0.780287 0.340881 1.04683
1   0.983114  -0.175466  0.0519475 -0.0916863  -0.717984  -0.689995   0.158368   0.673581  -0.721948  -0.178269  -0.700221    1.05459 0.00232727 0.934292 0.0390999 0.818384
1  0.979763 -0.195642 0.0422967  -0.10872 -0.697574 -0.708216  0.168062  0.689286 -0.704727 -0.187628 -0.724872   1.03577 0.0021233 0.911704 0.158138 2.04328
0   0.991643  -0.125023   0.031841 -0.0678949  -0.715582  -0.695221   0.109703    0.68725   -0.71809  -0.116426  -0.719002    1.05025 0.00214753 0.893224 0.141165 2.14537
0   0.991368  -0.127712  0.0296461 -0.0700744  -0.707256  -0.703476    0.11081   0.695327    -0.7101  -0.117375  -0.730531    1.04165 0.00206756 0.897331 0.0981089 0.774744
1   0.989953  -0.137936  0.0310747 -0.0755909  -0.702035  -0.708119   0.119491   0.698656  -0.705409  -0.128311   -0.73548    1.03663 0.00210787 0.907598 0.0379042 1.11947
1   0.989149  -0.144705   0.025401 -0.0868597  -0.715434   -0.69326   0.118491   0.683531   -0.72024  -0.123808  -0.713701    1.05271 0.00212711 0.907598 0.191431 0.845889
0    0.99154  -0.126247  0.0301774 -0.0678471  -0.702266  -0.708674   0.110661   0.700631   -0.70489  -0.117627   -0.73811    1.03598 0.00204694 0.895277 0.0506246 0.964663
1   0.989025  -0.145274  0.0269147 -0.0817783  -0.689989  -0.719185    0.12305   0.709091  -0.694297  -0.131981  -0.751088    1.02452 0.00218012 0.907598 -0.0199172 0.728027
0   0.995698 -0.0917537  0.0129311 -0.0555839  -0.703098  -0.708917  0.0741376   0.705149  -0.705173 -0.0706712  -0.743393     1.0362 0.00233196 0.889117 0.201404 1.77747
1  0.981471 -0.187228 0.0407587 -0.104268 -0.700318 -0.706175   0.16076   0.68884 -0.706863 -0.178955 -0.723984   1.03807 0.00213363 0.907598 0.408881 2.05708
1  0.983122 -0.178407 0.0405196 -0.101179 -0.714727 -0.692047  0.152427  0.676266 -0.720715 -0.168801 -0.704936   1.05321 0.00214878 0.915811 0.186915 1.68198
1  0.981658 -0.186359 0.0402204 -0.103132 -0.696509 -0.710098  0.160347  0.692926 -0.702953 -0.178621 -0.730025    1.0338 0.00204446 0.897331 0.233293 1.03547
1   0.987103   -0.15719  0.0303147 -0.0891115   -0.69684  -0.711669   0.132992    0.69979   -0.70186  -0.143786  -0.738437    1.03284 0.00217743 0.905544 0.217252 1.07781
1   0.982986  -0.178484   0.043376 -0.0976348  -0.707754   -0.69968   0.155581    0.68354  -0.713139  -0.173481  -0.715627    1.04505 0.00225401 0.919918 0.0664589 0.884037
1   0.986835  -0.159048  0.0293416 -0.0882463   -0.68155  -0.726431   0.135535   0.714278  -0.686613  -0.147683  -0.760044    1.01589 0.00203527 0.882957 0.018156 0.915448
1    0.98229  -0.182505  0.0423943 -0.0985552  -0.695727  -0.711513    0.15935   0.694734  -0.701393  -0.177966  -0.732352    1.03204 0.00224566 0.802875 0.474113 1.00481
1   0.985646  -0.166736   0.026474 -0.0963385  -0.684269  -0.722838   0.138638   0.709912   -0.69051  -0.149903  -0.754169    1.02015 0.0018391 0.870637 0.372463 1.79813
1  0.981811 -0.186936 0.0331866 -0.108858 -0.697478 -0.708289  0.155552  0.691794 -0.705142  -0.17136 -0.728687   1.03609 0.00199377 0.88501 0.231141 1.11725
1   0.985344  -0.166386  0.0375824 -0.0910307  -0.699247  -0.709061   0.144257   0.695248  -0.704145  -0.158159  -0.732574    1.03523 0.00218552 0.895277 0.0805931 0.764551
1   0.988457  -0.148333  0.0308226 -0.0862673  -0.718315  -0.690349   0.124542   0.679721  -0.722819  -0.133536  -0.708371    1.05575 0.00221506 0.921971 0.0430491 0.707939
1  0.981673 -0.185455 0.0438774 -0.101593 -0.704051 -0.702845  0.161238  0.685506 -0.709988 -0.179987 -0.718859   1.04155 0.00216116 0.913758 -0.0616269 0.948317
1  0.980734 -0.192075 0.0356068 -0.110046 -0.693826 -0.711685  0.161402  0.694055 -0.701596 -0.178633 -0.731978   1.03226 0.00197037 0.89117 0.0960477 1.0658
1   0.988348  -0.147965  0.0357139 -0.0805109  -0.707297  -0.702317   0.129179   0.691258  -0.710968  -0.140565  -0.725183    1.04266 0.00212112 0.915811 0.097751 1.08431
1   0.98142  -0.18656 0.0448342 -0.100082 -0.697106 -0.709949  0.163702  0.692271 -0.702825 -0.183383 -0.728739   1.03374 0.00217882 0.909651 0.18205 1.73065
1   0.989573   -0.14326  0.0149116 -0.0914083  -0.704647  -0.703646   0.111312   0.694945  -0.710395  -0.114084  -0.730254    1.04214 0.00214614 0.903491 0.123729 0.867296
1  0.981754 -0.184306 0.0467969 -0.100549 -0.712043 -0.694899  0.161395  0.677515 -0.717583 -0.180542 -0.706997   1.04983 0.00219868 0.924025 0.127932 1.00515
1    0.98829   -0.14869  0.0342582 -0.0812438  -0.702823   -0.70671   0.129159   0.695652  -0.706673  -0.140338  -0.731456    1.03792 0.00210006 0.913758 0.233085 1.12402
1  0.981671 -0.185504 0.0436976 -0.101908 -0.704692 -0.702157  0.161046  0.684834  -0.71068 -0.179801 -0.718095   1.04219 0.00212838 0.907598 0.117232 1.66162
0   0.992502  -0.121646  0.0119561 -0.0750669  -0.683803  -0.725795  0.0964654   0.719455  -0.687807 -0.0973964  -0.765987    1.01717 0.00220525 0.880903 0.0813302 1.52857
1  0.981996 -0.183524 0.0447477 -0.100762 -0.709269   -0.6977  0.159783   0.68063 -0.714991 -0.178331  -0.71155   1.04698 0.00215636 0.917865 0.329561 1.87935
0  0.983007 -0.176393 0.0508262 -0.102051 -0.755261 -0.647431  0.152589  0.631242 -0.760428 -0.168897 -0.640016    1.0957 0.00279507 0.821355 0.301941 1.36789
1   0.987349  -0.155973  0.0285279 -0.0882427  -0.689998  -0.718412   0.131737   0.706806  -0.695033  -0.142464  -0.748438    1.02522 0.00208257 0.899384 0.176618 0.808496
1   0.988055  -0.149547  0.0371812 -0.0817296    -0.7131  -0.696282   0.130641   0.684926  -0.716805  -0.142376  -0.716156     1.0489 0.00214983 0.915811 0.0255802 0.98683
1  0.982084 -0.182298 0.0477291 -0.101181 -0.723792  -0.68256  0.158975  0.665502  -0.72927 -0.177047  -0.68959   1.06234 0.00225833 0.924025 0.104821 1.03694
0  -0.975391  -0.213961 -0.0532254   0.118468  -0.712188    0.69192   -0.18595   0.668587    0.72001   0.213995  -0.696364   -1.05219 0.00284323 0.86037 -0.0103129 2.9699
