1    0.98808      -0.15  0.0346203 -0.0821014  -0.703703  -0.705735   0.130223    0.69448   -0.70763  -0.141629  -0.730098    1.03895 0.00210943 0.909651 -0.0341259 1.2269
0   0.997309 -0.0649474  0.0340081 -0.0234559  -0.722171  -0.691317  0.0694589   0.688659  -0.721751 -0.0713721  -0.718605    1.05423 0.00292303 0.800821 0.190991 1.34673
1   0.988262  -0.148687  0.0350692 -0.0797653  -0.698011  -0.711631   0.130289    0.70048  -0.701678  -0.141883  -0.739002    1.03258 0.00222478 0.907598 0.0321276 1.16186
1  0.973321 -0.221233 0.0608442 -0.124604 -0.732317 -0.669467  0.192665  0.644025 -0.740346  -0.21844 -0.660493   1.07415 0.00255377 0.827515 0.358221 2.13073
1   0.987865  -0.150071  0.0400297 -0.0798866   -0.71196  -0.697662   0.133198   0.685997  -0.715308  -0.146112  -0.717658    1.04753 0.00223221 0.921971 0.0423238 1.1543
1  0.982707 -0.180465   0.04147 -0.101735 -0.713328 -0.693407  0.154718  0.677197 -0.719351 -0.171274 -0.706441   1.05169 0.00218972 0.917865 0.0764645 1.03292
1  0.981939 -0.184027 0.0439307 -0.102074 -0.710788 -0.695961  0.159301  0.678907 -0.716735 -0.177535 -0.709028    1.0489 0.00218638 0.921971 0.157573 1.37146
1  0.981277 -0.188136 0.0412427  -0.10438 -0.699422 -0.707046  0.161867  0.689502 -0.705964 -0.180302 -0.725009   1.03708 0.00205344 0.901437 0.0892201 0.944116
1   0.988811  -0.145416  0.0332724 -0.0821715  -0.717114  -0.692095   0.124502   0.681617  -0.721039  -0.133926  -0.711154    1.05353 0.00219847 0.917865 0.194493 0.957321
0   0.982632   -0.17498  0.0617703 -0.0919775  -0.748393  -0.656847   0.161164   0.639758  -0.751489   -0.18238   -0.65088    1.08642 0.00308193 0.868583 0.323707 1.25096
1   0.988037  -0.150523  0.0335547 -0.0824973   -0.69971  -0.709648   0.130297    0.69839  -0.703757  -0.141755  -0.735726    1.03479 0.00209368 0.909651 0.182753 1.14475
1  0.982118 -0.184982 0.0350251 -0.103688 -0.686733 -0.719476  0.157143  0.702979 -0.693633 -0.174268  -0.74485   1.02367 0.00202254 0.887064 0.103767 1.10115
1   0.988704  -0.146673  0.0308373 -0.0828516  -0.706305  -0.703042   0.124898   0.692546  -0.710479  -0.134872  -0.727079    1.04218 0.00215654 0.915811 0.147156 1.09258
1  0.981851 -0.184943 0.0420161 -0.101753 -0.700642 -0.706221  0.160049  0.689128 -0.706744  -0.17864 -0.724159   1.03802 0.00214523 0.911704 0.215478 1.11747
1  0.981881 -0.184881 0.0415849 -0.100944 -0.696002 -0.710909  0.160377   0.69383 -0.702053 -0.179084 -0.731309   1.03277 0.00203362 0.895277 0.165378 2.41196
1  0.975644 -0.208967 0.0667142 -0.111467 -0.734228  -0.66969  0.188927  0.645943 -0.739638 -0.215666 -0.661554   1.07358 0.00287291 0.852156 0.167371 1.14663
1   0.988436  -0.147322   0.035933 -0.0803451  -0.709761  -0.699846   0.128607   0.688866  -0.713389  -0.139993  -0.721639    1.04531 0.00211891 0.917865 0.159888 1.04402
1   0.988146   -0.14964  0.0342801 -0.0833079  -0.710254  -0.698998   0.128945   0.687857  -0.714301  -0.139808  -0.720378     1.0462 0.00213639 0.915811 0.114477 0.914777
1  0.981483 -0.186623 0.0431716 -0.103316 -0.705542 -0.701097    0.1613  0.683654 -0.711758 -0.179874  -0.71624   1.04354 0.00215785 0.915811 0.206676 1.22735
1    0.98843  -0.146288  0.0400629 -0.0771673  -0.712418    -0.6975   0.130578   0.686339  -0.715464  -0.143045  -0.717934    1.04751 0.00214857 0.917865 0.163217 0.989179
1  0.985704 -0.167544 0.0178012 -0.101161 -0.672999 -0.732693  0.134739  0.720417 -0.680327 -0.143689 -0.769633   1.00893 0.00186404 0.864476 0.291493 1.01146
1  0.981546 -0.186942 0.0402408 -0.105331  -0.70419 -0.702155    0.1596  0.684959 -0.710886  -0.17716 -0.718179   1.04255 0.00213972 0.911704 0.0415381 1.06857
1   0.98146 -0.187885 0.0378742 -0.105889 -0.696247 -0.709949  0.159759  0.692776 -0.703234 -0.177379 -0.729691   1.03408 0.00196253 0.895277 0.207355 1.45483
1   0.988517  -0.147399  0.0332943 -0.0809656  -0.702662  -0.706902   0.127591   0.696088  -0.706528  -0.138708    -0.7321    1.03787 0.00222003 0.809035 0.378753 1.94568
0  -0.968472  -0.241091 -0.0627456   0.131468   -0.70855   0.693306  -0.211608   0.663198   0.717906   0.245943  -0.690001   -1.04971 0.00306416 0.86653 -0.0428766 2.85245
1  0.981046  -0.18781 0.0477018 -0.103111   -0.7144 -0.692098  0.164061  0.674062 -0.720225 -0.183412 -0.702067   1.05263 0.0021462 0.921971 0.188221 1.27591
1  0.981739 -0.186678  0.036614  -0.10644 -0.698551 -0.707599   0.15767   0.69078 -0.705665 -0.174575 -0.726704   1.03672 0.00199434 0.897331 0.131074 0.89772
1  0.980765 -0.192047 0.0348888 -0.112158  -0.70077 -0.704516  0.159749  0.687051  -0.70883  -0.17608 -0.721816   1.04042 0.00214347 0.901437 0.0920374 1.08963
0   0.991948  -0.124352  0.0239917 -0.0699793  -0.696079  -0.714547   0.105556   0.707114  -0.699176  -0.109969  -0.747521    1.02961 0.0020846 0.889117 0.121092 0.754547
1  0.981089  -0.18811 0.0455876 -0.102351 -0.704105 -0.702681   0.16428  0.684727 -0.710043 -0.183814 -0.718002   1.04164 0.0022244 0.915811 0.0943238 1.07959
0   -0.97439  -0.216516 -0.0607078   0.120337  -0.730146   0.672611  -0.189956    0.64808   0.737502   0.218922  -0.666382   -1.07094 0.00277394 0.874743 -0.0141946 1.9736
1  0.986473 -0.162613 0.0206878 -0.098093 -0.686706 -0.720286  0.131334  0.708514 -0.693368 -0.140146 -0.751539   1.02325 0.00205716 0.887064 0.264382 2.51203
1   0.986589  -0.160933  0.0272389 -0.0918316  -0.685252  -0.722493   0.134939   0.710302  -0.690842  -0.145952   -0.75434    1.02052 0.00201502 0.882957 0.156715 1.00094
1  0.984969 -0.170969 0.0246103 -0.100918 -0.685227 -0.721304  0.140184  0.707978 -0.692182 -0.150828 -0.751448   1.02195 0.00193973 0.876797 0.340912 2.49181
1    0.98307  -0.179169  0.0383705 -0.0982595  -0.692246  -0.714941   0.154657   0.699067  -0.698131  -0.172201  -0.738311     1.0287 0.00212341 0.901437 0.0304192 0.708899
1  0.981579 -0.186466 0.0416294 -0.102993 -0.699946 -0.706731   0.16092  0.689424 -0.706257  -0.17937  -0.72488   1.03738 0.00204422 0.899384 0.250953 1.04221
1   0.987812  -0.151294  0.0365838 -0.0817717  -0.704388  -0.705089   0.132445   0.693504  -0.708174  -0.144651  -0.728575     1.0396 0.00211213 0.913758 0.166062 1.07943
1  0.975308 -0.214542 0.0524099 -0.114078 -0.692594 -0.712249  0.189106  0.688683 -0.699967 -0.215484 -0.725432   1.03035 0.00251644 0.804928 0.277084 2.10342
1   0.987955  -0.150667  0.0352628 -0.0821706  -0.703929  -0.705501   0.131118   0.694106  -0.707831  -0.142863  -0.729453    1.03926 0.00213996 0.915811 -0.0047617 1.04895
1  0.982382 -0.182606  0.039759 -0.101658 -0.700665 -0.706211  0.156816  0.689728 -0.706884 -0.174051 -0.724872   1.03794 0.002002 0.897331 0.0892311 1.16711
1   0.988136  -0.148714   0.038359 -0.0805459  -0.714465   -0.69502   0.130765   0.683685  -0.717967   -0.14262  -0.714194    1.05033 0.0021521 0.919918 0.0627725 0.961137
1   0.988623  -0.145215  0.0392161 -0.0764403  -0.709571  -0.700476   0.129546   0.689509  -0.712598  -0.141942  -0.722552    1.04441 0.00207911 0.911704 0.275777 1.23629
1  0.978757 -0.199459  0.047432 -0.113575 -0.720098 -0.684514  0.170688  0.664586 -0.727455 -0.189922 -0.687861   1.06067 0.00265703 0.837782 0.367699 1.33289
1   0.987997   -0.14941  0.0392196 -0.0801707  -0.712992  -0.696574   0.132038   0.685069  -0.716412  -0.144419  -0.716253    1.04859 0.00217004 0.919918 0.11239 1.92783
1  0.981533 -0.186491 0.0425975 -0.103881 -0.706619 -0.699927   0.16063  0.682577 -0.712942 -0.178646 -0.714605   1.04468 0.00215576 0.913758 0.075799 0.868308
1   0.982562  -0.180696  0.0438341 -0.0987101  -0.706705  -0.700589   0.157571   0.684045  -0.712217  -0.175776  -0.716385    1.04398 0.00222588 0.919918 0.229476 1.26053
0   0.991127  -0.132054  0.0151616 -0.0796904  -0.681623  -0.727351   0.106384   0.719689  -0.686098  -0.109213  -0.766696    1.01523 0.00206532 0.874743 0.211614 1.89209
1   0.981965  -0.183655  0.0448966 -0.0950562  -0.684858   -0.72245   0.163429   0.705153  -0.689964  -0.184201  -0.747587    1.01963 0.00219826 0.897331 0.129525 1.27372
1   0.982349  -0.182057  0.0429641 -0.0996033  -0.703504  -0.703677   0.158335   0.686977   -0.70922  -0.176676  -0.721052    1.04061 0.00210414 0.903491 0.0651088 1.1284
1   0.987673  -0.151689  0.0386243 -0.0827649  -0.715525  -0.693667   0.132858   0.681919   -0.71926  -0.144994  -0.711714    1.05171 0.00214377 0.919918 0.122748 1.13546
1   0.988696  -0.145736  0.0352306 -0.0788535  -0.705273  -0.704537   0.127523   0.693795  -0.708792  -0.138595  -0.728747    1.04032 0.00210912 0.913758 0.238424 2.26091
0   0.992443  -0.119723  0.0268935 -0.0651141    -0.6996  -0.711561   0.104005   0.704433  -0.702109  -0.109389   -0.74325    1.03291 0.00220157 0.903491 0.160808 1.1911
1  0.982053   -0.1827 0.0468317 -0.100417 -0.716668 -0.690147  0.159653  0.673058 -0.722152 -0.178235 -0.700574   1.05484 0.00223415 0.924025 0.103784 1.77729
0   0.992459  -0.120854  0.0204979 -0.0686438  -0.686485  -0.723896   0.101557    0.71703  -0.689604  -0.105161  -0.761811    1.01914 0.00216323 0.89117 0.0894836 0.911679
1  0.981689 -0.184419 0.0477045 -0.100818 -0.715492 -0.691308  0.161622   0.67384 -0.720984 -0.180809 -0.701692   1.05346 0.00216275 0.921971 0.206906 1.26541
1    0.98562  -0.166883  0.0265304 -0.0960364  -0.682399  -0.724644   0.139035   0.711676  -0.688613  -0.150418  -0.756864    1.01803 0.00181049 0.86653 0.388635 2.65957
1   0.98079 -0.190514    0.0419 -0.105551 -0.698955 -0.707333  0.164043  0.689323 -0.705637 -0.183203 -0.724739   1.03675 0.0021247 0.911704 0.0900908 2.24757
1   0.988333  -0.146685  0.0410154 -0.0776463  -0.716894  -0.692844   0.131034   0.681576   -0.71992  -0.143588  -0.711212    1.05232 0.00220205 0.917865 0.15703 1.14519
1  0.981239 -0.188053 0.0424943 -0.104032 -0.702025 -0.704512  0.162318  0.686874 -0.708418 -0.180962  -0.72107    1.0398 0.00215362 0.911704 0.123 1.08561
0  0.991875 -0.125285 0.0220837 -0.073346 -0.705012 -0.705393  0.103945  0.698041 -0.708473  -0.10802  -0.73482   1.03962 0.00216499 0.887064 0.201369 1.8081
1   0.985009  -0.170232  0.0278894 -0.0999513  -0.694998  -0.712031   0.140594   0.698569  -0.701594  -0.151682  -0.737573    1.03235 0.00211255 0.893224 0.21742 1.0616
1  0.988592 -0.146541 0.0347981  -0.08099 -0.712001 -0.697492  0.126987  0.686717 -0.715747 -0.137766 -0.718627   1.04782 0.00214098 0.915811 0.0359394 1.04114
1   0.990225  -0.137063  0.0258412 -0.0804158  -0.712409  -0.697142   0.113962   0.688249  -0.716467   -0.11918  -0.720189    1.04866 0.00211905 0.909651 0.179052 1.19171
1   0.985942  -0.163716  0.0333921 -0.0950102  -0.713719  -0.693958   0.137445    0.68103   -0.71924  -0.148573  -0.711075    1.05166 0.00219157 0.917865 0.194129 1.76895
1  0.981269 -0.188356 0.0404005 -0.107258 -0.708408 -0.697606  0.160018  0.680206 -0.715342 -0.177532 -0.710955   1.04756 0.00220317 0.924025 0.107663 1.85389
1   0.988352  -0.148255  0.0343687 -0.0813466   -0.70551  -0.704015   0.128621   0.693019  -0.709353  -0.139852  -0.727774    1.04091 0.00212628 0.915811 0.0185325 0.970038
1  0.981402 -0.187665 0.0403859 -0.102863 -0.691746 -0.714778  0.162076   0.69733 -0.698185 -0.180887 -0.736647   1.02847 0.00194615 0.887064 0.259189 2.00538
1   0.988025  -0.150924  0.0320572 -0.0846425  -0.703907  -0.705231   0.129002   0.694073  -0.708252  -0.139688  -0.729293    1.03975 0.00209549 0.915811 0.211037 2.03931
1   0.989428  -0.143321  0.0221486 -0.0872412   -0.71023  -0.698543   0.115846   0.689226  -0.715225  -0.120262  -0.722041    1.04728 0.00214717 0.905544 0.255689 2.06501
1  0.974218 -0.219247 0.0531986 -0.119966 -0.703124 -0.700875   0.19107  0.676423 -0.711298 -0.217031 -0.707874   1.04277 0.00242896 0.804928 0.471429 1.79617
1  0.981737 -0.185412 0.0426121 -0.101083 -0.698125 -0.708805  0.161169  0.691552 -0.704117 -0.180078 -0.727734   1.03509 0.00206282 0.903491 0.290275 2.16235
0   0.990487  -0.136612   0.016488 -0.0833195  -0.690786  -0.718243    0.10951   0.710037  -0.695597   -0.11277  -0.752556     1.0257 0.00203708 0.880903 0.282894 2.10156
1   0.98226  -0.18492  0.031128 -0.108458 -0.695647 -0.710149  0.152975  0.694176 -0.703363 -0.167763 -0.731657   1.03424 0.00200087 0.89117 0.116621 1.1457
1   0.981191  -0.186457  0.0499854 -0.0969457  -0.699867  -0.707663   0.166932   0.689507   -0.70478  -0.188754  -0.724611    1.03592 0.00227895 0.813142 0.298512 1.39304
1   0.987943  -0.151487  0.0319284 -0.0871931   -0.71487    -0.6938   0.127927   0.682651   -0.71946  -0.137857  -0.712551    1.05204 0.00218129 0.811088 0.535684 2.78948
1   0.98123 -0.188527 0.0405577 -0.103946 -0.694229 -0.712209  0.162427  0.694625 -0.700795 -0.181118 -0.732496   1.03142 0.0020554 0.899384 0.0665656 1.10844
0   0.990499  -0.136694  0.0150802 -0.0818874  -0.674328  -0.733877   0.110485    0.72567  -0.679115  -0.114329  -0.775786    1.00754 0.00204486 0.868583 0.204552 2.03701
1   0.989344  -0.142248  0.0310548 -0.0796372   -0.70724  -0.702474   0.121889   0.692515  -0.711031  -0.131061  -0.726859    1.04282 0.00211265 0.911704 0.0951405 0.844346
0   0.980859  -0.182922  0.0667539 -0.0970901  -0.756593  -0.646638   0.168789   0.627779  -0.759871  -0.191265  -0.634078    1.09536 0.003346 0.87269 0.157757 1.36336
1   0.988168  -0.149134  0.0358166 -0.0809529  -0.705493  -0.704078    0.13027   0.692848  -0.709219   -0.14205  -0.727687    1.04076 0.00211788 0.911704 -0.0100363 0.986404
0   0.992009  -0.124785  0.0186276 -0.0731001  -0.688796  -0.721261   0.102833   0.714135  -0.692413  -0.105832  -0.758033    1.02229 0.00214874 0.767967 0.34077 1.74957
1  0.973244 -0.223951  0.051396 -0.122444  -0.69477 -0.708733   0.19443  0.683477 -0.703603 -0.221853 -0.718601   1.03421 0.00247519 0.798768 0.380206 1.73387
0   0.992266  -0.122187  0.0218967 -0.0691977   -0.69091  -0.719622   0.103057   0.712541  -0.694021  -0.107077  -0.755707    1.02393 0.0021606 0.887064 0.383964 2.08337
1   0.988094  -0.150288  0.0329344 -0.0806627  -0.688314  -0.720914   0.131014   0.709674  -0.692241  -0.142668  -0.752258    1.02205 0.00226073 0.790554 0.434457 1.30773
0   0.980394  -0.183688   0.071314 -0.0993729  -0.773431  -0.626042   0.170153   0.606681  -0.776521  -0.194983  -0.604116    1.11255 0.00342834 0.880903 0.205124 2.42196
1  0.981699 -0.184729 0.0462929 -0.101428 -0.712903 -0.693889  0.161184  0.676494 -0.718592 -0.180094  -0.70553   1.05088 0.00216574 0.921971 0.131627 1.19658
1   0.987632  -0.152821  0.0350558 -0.0849165  -0.709306  -0.699767   0.131805   0.688135   -0.71351  -0.142885  -0.721743    1.04526 0.00221668 0.895277 0.0665943 0.950393
1    0.98671  -0.158939  0.0337972 -0.0889878  -0.702576  -0.706023    0.13596   0.693632  -0.707382  -0.147713  -0.729353    1.03874 0.00220527 0.913758 0.144213 1.5669
1   0.988448  -0.149303  0.0260649 -0.0836692  -0.680937  -0.727547   0.126374   0.716961  -0.685563  -0.136668  -0.763104    1.01505 0.00228736 0.901437 -0.0548285 1.18522
1   0.988336  -0.149837  0.0272261 -0.0868471  -0.701398  -0.707459     0.1251   0.696843   -0.70623  -0.134235  -0.733661     1.0376 0.00214992 0.907598 0.0411335 1.25551
1   0.987758  -0.152249  0.0339923 -0.0849814  -0.707895  -0.701187   0.130818   0.689714  -0.712167    -0.1421  -0.723026    1.04385 0.00212178 0.915811 0.234531 0.8356
0   0.994764 -0.0998538   0.021782 -0.0556723  -0.708157  -0.703856  0.0857078   0.698958  -0.710008 -0.0862448  -0.734291    1.04157 0.00239656 0.915811 -0.0018233 0.717736
1    0.98796  -0.151069  0.0333677 -0.0837965  -0.703822  -0.705416   0.130051   0.694127  -0.708007  -0.141174  -0.729476    1.03945 0.0021269 0.915811 -0.0334526 0.925862
1   0.988707  -0.145444  0.0361121 -0.0776909  -0.703524  -0.706412   0.128149   0.695629  -0.706879  -0.140099   -0.73151    1.03805 0.00206081 0.905544 0.176396 0.993023
1   0.987204   -0.15474  0.0385233 -0.0863344  -0.721759  -0.686739   0.134071   0.674625  -0.725883  -0.145764  -0.700941    1.05904 0.00222399 0.928131 0.1101 0.762655
1  0.981839 -0.186681 0.0337856 -0.107122 -0.692514 -0.713407  0.156577  0.696832 -0.699935 -0.173284 -0.735643   1.03055 0.00200152 0.893224 0.0647146 1.09999
0   -0.98183  -0.183119 -0.0497716   0.100565  -0.724533   0.681864  -0.160923   0.664469   0.729783   0.183043   -0.68809   -1.06279 0.00276592 0.755647 0.259781 2.38221
1  0.982212 -0.184594 0.0344131  -0.10497 -0.691738 -0.714478  0.155693  0.698157 -0.698811 -0.172145 -0.737664   1.02941 0.00200591 0.889117 0.129507 1.53725
1  0.980733 -0.190441 0.0435283 -0.105327 -0.703142 -0.703205  0.164526  0.685071 -0.709654 -0.183703 -0.718549   1.04112 0.00214915 0.913758 0.169944 1.43897
1   0.981836   -0.18321  0.0493138 -0.0968568  -0.707491  -0.700054   0.163146   0.682562  -0.712385  -0.183491  -0.714401    1.04399 0.00213423 0.806982 0.407214 2.14733
0  -0.967087  -0.244872 -0.0691338   0.133505  -0.719636   0.681396  -0.216606    0.64974   0.728643   0.251969  -0.670482   -1.06132 0.00314772 0.882957 -0.11604 3.48538
1  0.988955 -0.144564  0.032689  -0.07927  -0.70226 -0.707493  0.125234  0.697088 -0.705964 -0.135068 -0.733135   1.03725 0.00214281 0.913758 0.0612238 0.90276
1   0.990342  -0.136909  0.0218669 -0.0784466   -0.68338  -0.725836   0.114317   0.717111   -0.68752  -0.120392  -0.762996    1.01691 0.00211207 0.88501 0.0806068 1.14517
1  0.978496 -0.201581 0.0437126 -0.114497 -0.707093 -0.697789   0.17157  0.677779 -0.714968 -0.191169 -0.708793   1.04678 0.00221941 0.911704 0.162033 1.03289
0   0.991282  -0.128894  0.0273072 -0.0716485   -0.70129  -0.709266    0.11057   0.701126  -0.704412  -0.116697  -0.738976     1.0355 0.00200541 0.893224 0.253039 1.36063
0    0.99133  -0.129686  0.0211431 -0.0763836  -0.699691   -0.71035   0.106916   0.702577   -0.70353  -0.110758  -0.741337    1.03448 0.00207016 0.889117 0.227811 2.17077
1   0.988364  -0.147866  0.0356582 -0.0794993  -0.702048  -0.707678   0.129675   0.696609  -0.705634  -0.141587  -0.732929    1.03685 0.00205597 0.909651 0.126728 1.07911
1    0.99043  -0.136892   0.017569 -0.0839495  -0.698584  -0.710586   0.109547   0.702311  -0.703391    -0.1129  -0.740814    1.03443 0.00210226 0.901437 0.199258 0.966023
1   0.988084  -0.151148  0.0290397 -0.0872669  -0.705588  -0.703228   0.126782   0.692314  -0.710371  -0.136334  -0.727035    1.04212 0.00217382 0.913758 0.0575401 0.823027
1   0.98211 -0.184358 0.0383738 -0.102606 -0.694775 -0.711871    0.1579  0.695198 -0.701261 -0.175534 -0.733325   1.03195 0.00195554 0.889117 0.310209 1.8981
0   0.982173  -0.175562  0.0671819 -0.0912152  -0.757617  -0.646294   0.164363   0.628645  -0.760125  -0.186701  -0.635127    1.09557 0.00331193 0.87269 0.110201 2.0392
0   0.991356   -0.13073  0.0110697 -0.0797073  -0.667156  -0.740641   0.104209   0.733357  -0.671809    -0.1064  -0.786917   0.999515 0.00210558 0.864476 0.250048 2.27128
1   0.98241 -0.182475 0.0396725 -0.101586 -0.700498 -0.706387  0.156689  0.689931 -0.706713 -0.174257 -0.724918     1.038 0.00214144 0.913758 0.160705 2.04145
1   0.989586   -0.14036  0.0319051 -0.0781858  -0.710259  -0.699585   0.120855   0.689805  -0.713837   -0.13006  -0.722863    1.04555 0.00214816 0.909651 0.194737 0.939882
1  0.975771 -0.212215  0.053247 -0.114319 -0.702014 -0.702928  0.186552   0.67981 -0.709265 -0.212466 -0.712405   1.04053 0.00227645 0.907598 -0.0616908 1.07678
1   0.982075  -0.183974  0.0410092 -0.0990968  -0.689023  -0.717933   0.160337      0.701  -0.694903  -0.179526  -0.741504    1.02505 0.00222232 0.802875 0.488397 1.31344
1   0.988096  -0.149276  0.0371782 -0.0810213  -0.710418  -0.699101   0.130771   0.687767  -0.714056  -0.142637  -0.720188    1.04604 0.00210809 0.915811 0.24197 1.14816
