1  0.981777 -0.185642 0.0406187 -0.103588 -0.701996 -0.704607  0.159319   0.68756 -0.708434 -0.177198 -0.721961   1.03983 0.00213387 0.909651 0.125084 1.17594
1   0.985113  -0.170489  0.0220577 -0.0997309  -0.671285  -0.734459   0.140024   0.721325  -0.678294  -0.151011   -0.77116    1.00676 0.00189165 0.86653 0.362849 2.35441
0   0.991289  -0.129044  0.0263397 -0.0747364  -0.715821  -0.694273   0.108446   0.686257   -0.71923  -0.113208  -0.717526    1.05159 0.00221965 0.903491 0.128523 1.00651
1  0.988171 -0.150157 0.0311466  -0.08451 -0.702691 -0.706458  0.127966   0.69547 -0.707069 -0.138182 -0.731455   1.03849 0.00213522 0.913758 0.0466367 1.28714
1   0.987768  -0.151491  0.0369411 -0.0827147  -0.709885  -0.699443   0.132183   0.687832  -0.713733  -0.144369  -0.720105    1.04576 0.00214988 0.921971 0.0599793 1.12157
1  0.981926  -0.18522 0.0389136 -0.103687 -0.698454 -0.708104  0.158334  0.691271 -0.705035 -0.175959 -0.727435   1.03614 0.00209325 0.903491 0.20336 1.44389
1   0.988294   -0.14871   0.034063 -0.0818425  -0.705219   -0.70425   0.128751   0.693218  -0.709135  -0.139816  -0.727885    1.04077 0.00210381 0.917865 0.189155 0.999249
1   0.988609  -0.147134  0.0316753 -0.0811172  -0.698172   -0.71132   0.126774   0.700648  -0.702154  -0.137668  -0.739068    1.03305 0.00211303 0.905544 0.168465 2.18412
1   0.987634  -0.152579  0.0360444 -0.0833356   -0.70565  -0.703643   0.132796   0.691938  -0.709639  -0.144744  -0.726405    1.04123 0.0021438 0.915811 0.113413 1.05212
1  0.986275 -0.162577 0.0288193 -0.094583 -0.699375 -0.708469  0.135336  0.696019 -0.705153 -0.145729 -0.733034   1.03623 0.00209434 0.903491 0.206816 2.2272
1    0.98684  -0.157559  0.0363466 -0.0867197  -0.705428  -0.703456   0.136476   0.691047  -0.709809  -0.149117  -0.726165    1.04128 0.00221811 0.897331 0.108635 1.00447
1   0.987001  -0.157588  0.0315467 -0.0880998  -0.694694   -0.71389   0.134416   0.701831  -0.699547  -0.146052  -0.741485    1.03009 0.0022422 0.792608 0.415531 1.54168
1   0.985059   -0.17024  0.0260306 -0.0991679  -0.684282  -0.722443   0.140801   0.709067   -0.69094  -0.152192  -0.753122    1.02059 0.00184982 0.870637 0.349317 2.15963
1   0.987798  -0.151897  0.0343879 -0.0851062  -0.711389  -0.697627    0.13043   0.686188  -0.715636  -0.141351  -0.717922    1.04776 0.00211199 0.917865 0.096684 1.15317
1  0.982484 -0.181593 0.0418112 -0.100073 -0.703446 -0.703668  0.157193  0.687159 -0.709297 -0.175133 -0.721134   1.04076 0.00217448 0.911704 0.0101055 2.01953
1   0.983329  -0.174959  0.0495377 -0.0949803  -0.726515  -0.680555   0.155059   0.664504   -0.73102  -0.173215  -0.687868    1.06428 0.00234647 0.926078 0.0342323 1.41765
1  0.981864 -0.184279 0.0445346 -0.100091 -0.703369 -0.703743   0.16101  0.686523 -0.709057 -0.180014 -0.720447   1.04039 0.00211901 0.905544 0.181006 1.41493
0  0.967606 -0.234752 0.0928988 -0.122468 -0.758218 -0.640396  0.220772  0.608274 -0.762406 -0.259221 -0.609086   1.09706 0.00337393 0.870637 0.489788 2.41266
1  0.981894 -0.184392 0.0433898 -0.103051 -0.712152  -0.69442  0.158946  0.677376  -0.71826 -0.176866 -0.706799   1.05052 0.00215078 0.919918 0.115865 1.07384
1   0.988479  -0.146987  0.0361072 -0.0782227  -0.700335  -0.709515   0.129576   0.698516  -0.703765  -0.141543  -0.735516    1.03484 0.00210652 0.913758 0.0891688 1.18616
1   0.988349  -0.147583   0.037214 -0.0791256  -0.707083   -0.70269   0.130019   0.691558  -0.710523  -0.142108  -0.725593    1.04217 0.00212691 0.915811 0.251255 1.28132
1   0.987447  -0.154132  0.0345166 -0.0850958  -0.703235  -0.705847   0.133067   0.694049  -0.707523  -0.145113  -0.729642    1.03895 0.00216416 0.913758 0.146342 1.37647
1  0.980777 -0.191468 0.0376352 -0.108819 -0.696775 -0.708988  0.161972  0.691263 -0.704216 -0.179508 -0.727858   1.03514 0.00195117 0.89117 0.35162 2.34965
1   0.984954  -0.166414  0.0466084 -0.0845214  -0.699111      -0.71   0.150738   0.695378  -0.702658  -0.169673  -0.732173    1.03328 0.00238048 0.806982 0.501647 1.48497
1    0.98884  -0.144803  0.0350233 -0.0777971  -0.702395  -0.707523   0.127052   0.696903  -0.705822  -0.138502  -0.733408    1.03694 0.00206429 0.905544 0.0304777 1.28864
0   0.991624  -0.125846  0.0290729 -0.0700648   -0.71321   -0.69744   0.108505   0.689561  -0.716053  -0.114266  -0.721705    1.04818 0.00221737 0.913758 0.0637182 0.904745
1   0.989063  -0.142942   0.036362 -0.0755438  -0.702683  -0.707481    0.12668   0.696997  -0.705796  -0.138641   -0.73354    1.03688 0.00218305 0.796715 0.402173 1.27968
1   0.988158  -0.149053  0.0364139 -0.0804974  -0.705646  -0.703977   0.130625    0.69271  -0.709288  -0.142513  -0.727471    1.04079 0.00212327 0.911704 0.049813 1.33338
1   0.988254  -0.150057  0.0289251 -0.0857525  -0.701188  -0.707801   0.126493   0.697006   -0.70582  -0.136424  -0.733702    1.03722 0.00215865 0.913758 0.125315 1.46921
1  0.981496 -0.186334  0.044105 -0.102669 -0.706531 -0.700195  0.161632   0.68271 -0.712588 -0.180379 -0.714693   1.04438 0.00212213 0.915811 0.265316 2.26489
1   0.988361  -0.148702    0.03211 -0.0829996  -0.703976  -0.705358   0.127493   0.694483  -0.708124  -0.138166  -0.729836    1.03955 0.00208301 0.913758 0.0509796 1.77133
1   0.98172 -0.186491 0.0380347 -0.102952 -0.688394 -0.717993  0.160082  0.700953  -0.69501 -0.178181 -0.741729   1.02503 0.00194337 0.887064 0.0331241 1.22965
1  0.986827 -0.158743 0.0311894 -0.089877 -0.698255 -0.710184  0.134515  0.698026 -0.703324 -0.145716 -0.735715   1.03427 0.0020998 0.905544 0.109117 1.2796
1   0.988095  -0.148867  0.0388078 -0.0799969  -0.712659  -0.696935   0.131407   0.685533  -0.716084  -0.143779  -0.716917    1.04824 0.00217632 0.919918 0.18612 2.39728
1  0.981097  -0.18834 0.0444676 -0.104566 -0.709292 -0.697116  0.162836  0.679288 -0.715578 -0.181668 -0.709703   1.04765 0.00212086 0.919918 0.203466 1.43241
1  0.981583 -0.186366 0.0419867 -0.101629 -0.695521 -0.711282  0.161761  0.693915 -0.701652 -0.180739 -0.731261   1.03227 0.00210952 0.800821 0.50719 1.56481
1  0.970172  -0.23514 0.0589533 -0.127828 -0.702851 -0.699757  0.205976  0.671349 -0.711944 -0.236499 -0.701312   1.04342 0.00265784 0.817248 0.461839 4.1274
1   0.988236  -0.148711  0.0357011 -0.0801142   -0.70222  -0.707438   0.130274   0.696255  -0.705873  -0.142133  -0.732638     1.0371 0.00208664 0.907598 0.118761 1.00275
1  0.980991  -0.18733 0.0506384 -0.100863 -0.715152 -0.691653  0.165782  0.673398 -0.720453 -0.186054 -0.701529   1.05276 0.00211799 0.802875 0.523079 1.70112
1  0.981123 -0.188637 0.0425905  -0.10451  -0.70251 -0.703959  0.162713  0.686219 -0.708963 -0.181418 -0.720239   1.04042 0.00216936 0.911704 0.183025 2.35176
1  0.984838  -0.17147 0.0263211 -0.100896 -0.689582 -0.717145   0.14112  0.703616 -0.696427 -0.152025 -0.745095   1.02666 0.00197716 0.880903 0.354744 2.03734
1  0.988161 -0.149142 0.0359826  -0.08079 -0.705223 -0.704367  0.130427  0.693121 -0.708923 -0.142336 -0.727902   1.04045 0.00208747 0.913758 0.176206 1.95377
1   0.986534  -0.159969  0.0340684 -0.0896496  -0.703101  -0.705416   0.136799   0.692862  -0.707975  -0.148734  -0.728262     1.0394 0.00219779 0.913758 0.0389133 1.36895
0   0.991427  -0.129054  0.0204342 -0.0761175  -0.697565  -0.712467   0.106201   0.704803  -0.701409  -0.109882  -0.744558    1.03215 0.0020474 0.887064 0.205255 2.09154
1   0.987803  -0.153304  0.0272565 -0.0903836  -0.707073  -0.701341   0.126791   0.690323  -0.712305  -0.135047   -0.72382    1.04416 0.00215786 0.915811 0.143674 1.06157
1   0.987196  -0.155565  0.0352699 -0.0848479  -0.699346  -0.709729   0.135075   0.697649  -0.703591   -0.14753  -0.735101    1.03449 0.00214446 0.905544 0.0856395 1.29153
1   0.988462  -0.146753  0.0375123 -0.0797252   -0.71463  -0.694944   0.128793   0.683935  -0.718084   -0.14039  -0.714539    1.05045 0.00216506 0.919918 0.166922 1.23976
0  -0.967305  -0.245539 -0.0635013   0.137083   -0.71684   0.683629  -0.213378   0.652573   0.727062   0.247646  -0.674758   -1.05954 0.00306518 0.868583 0.186966 2.55157
1  0.973325 -0.222766 0.0548991 -0.122338 -0.706349 -0.697212  0.194093  0.671898  -0.71476 -0.220859 -0.701535   1.04655 0.00234139 0.911704 0.248258 2.42632
1  0.981169  -0.18979 0.0358829 -0.111851 -0.709742 -0.695526  0.157472  0.678414 -0.717605 -0.173109 -0.708892   1.04973 0.0020412 0.899384 0.123636 0.814686
1   0.98256 -0.181534 0.0402777 -0.100683 -0.701493 -0.705529  0.156332  0.689169 -0.707536   -0.1736 -0.724058   1.03894 0.00215996 0.909651 0.0153078 1.25577
1  0.981819  -0.18442 0.0449436 -0.100954 -0.707842 -0.699119  0.160744  0.681871 -0.713591 -0.179364 -0.713618   1.04523 0.00211898 0.905544 0.168982 1.25999
1   0.988245   -0.14847  0.0364392 -0.0801565  -0.706189  -0.703471   0.130178   0.692281  -0.709789  -0.142062  -0.726696    1.04137 0.00209672 0.913758 0.0536322 1.19376
0   0.990557  -0.135999  0.0173354 -0.0815457  -0.686093  -0.722929   0.110211   0.714689  -0.690704  -0.114045  -0.759623    1.02022 0.00212705 0.87885 0.250788 1.72337
1   0.981914     -0.184  0.0445973 -0.0996882  -0.702727  -0.704441   0.160957   0.687255   -0.70836  -0.180247  -0.721324    1.03977 0.00211545 0.806982 0.530509 2.392
1   0.989628  -0.140058  0.0319498 -0.0781579  -0.711542  -0.698283   0.120534   0.688543  -0.715108  -0.129964   -0.72112    1.04707 0.00214543 0.909651 0.0953088 1.04084
0    0.99104  -0.131188  0.0250788 -0.0743107    -0.6976  -0.712623   0.110982   0.704375  -0.701099  -0.116818  -0.743848    1.03183 0.00199254 0.89117 0.159828 1.07739
1   0.987882  -0.150798  0.0367372 -0.0815514  -0.705703  -0.703799   0.132057   0.692274  -0.709449  -0.144178  -0.726655    1.04102 0.00209903 0.915811 0.209018 1.07334
1  0.981313 -0.186258 0.0482982 -0.103815 -0.723833 -0.682121  0.162011   0.66436 -0.729643 -0.180839 -0.687898   1.06297 0.00220222 0.928131 0.398137 3.05936
1    0.98671   -0.15899  0.0335581 -0.0893822  -0.703526  -0.705026   0.135701   0.692656  -0.708387  -0.147162  -0.727949    1.03992 0.00220892 0.913758 -0.0173026 0.887092
1   0.988038   -0.15062  0.0330924 -0.0836394   -0.70368  -0.705577    0.12956   0.694369   -0.70786  -0.140636  -0.729815    1.03932 0.00209274 0.913758 0.110124 1.55278
1  0.981218 -0.189462 0.0362638 -0.106719 -0.689764 -0.716126  0.160692  0.698806 -0.697029 -0.178331 -0.738595   1.02731 0.00195624 0.89117 0.177524 1.20014
1  0.981213 -0.187483 0.0455128 -0.102685 -0.707219 -0.699497  0.163332  0.681682 -0.713184 -0.182589 -0.713408   1.04497 0.00216037 0.915811 0.133636 0.891864
1   0.985999  -0.164783  0.0255292 -0.0954442  -0.683256  -0.723914   0.136732   0.711342  -0.689418  -0.147496  -0.756274    1.01893 0.00184412 0.868583 0.254105 1.96048
1   0.988007  -0.151184  0.0313827 -0.0858346  -0.706715  -0.702272   0.128351   0.691156  -0.711217  -0.138676  -0.725175    1.04297 0.00211727 0.915811 0.0459863 1.12053
1   0.987421  -0.154389  0.0341147 -0.0856566  -0.703684  -0.705331   0.132902   0.693537  -0.708057  -0.144472  -0.728795    1.03953 0.00211377 0.913758 0.109557 1.23241
1   0.981969  -0.184328  0.0419458 -0.0996216  -0.693161  -0.713866   0.160661   0.696815  -0.699025  -0.179687  -0.735632    1.02951 0.00205601 0.895277 0.146144 2.25836
1   0.982587  -0.180334  0.0447548 -0.0987131  -0.710719  -0.696516   0.157413   0.679969  -0.716144  -0.175712  -0.710386    1.04826 0.00223391 0.924025 0.0124333 2.58122
1  0.981623 -0.185902 0.0430806 -0.104344 -0.711906 -0.694479  0.159775  0.677222 -0.718222 -0.177802  -0.70664   1.05053 0.002136 0.919918 0.18196 1.85579
1   0.988078  -0.149543  0.0365825 -0.0811411  -0.707791  -0.701746   0.130834   0.690412  -0.711487  -0.142743  -0.723981    1.04322 0.00222631 0.809035 0.492616 2.05672
1  0.985655 -0.166919 0.0249329 -0.098127  -0.68699 -0.720011  0.137312  0.707236 -0.693514 -0.147845 -0.750112   1.02341 0.00191034 0.876797 0.265209 2.40206
1   0.988281  -0.149359   0.031512 -0.0818296  -0.692645  -0.716622   0.128861   0.705645   -0.69675  -0.140087  -0.746458    1.02705 0.00210844 0.901437 0.0484308 1.46274
1  0.981384 -0.187775  0.040318 -0.100857 -0.682538 -0.723857  0.163441  0.706316 -0.688771 -0.182997 -0.749747   1.01798 0.00197165 0.880903 0.226286 2.39372
1   0.982181  -0.180454   0.052496 -0.0946149   -0.71614  -0.691514   0.162381   0.674225  -0.720453  -0.183009  -0.701861    1.05298 0.00225493 0.819302 0.437772 3.49104
1   0.990788  -0.133582  0.0222478 -0.0776477  -0.694971  -0.714833   0.110951   0.706521  -0.698941  -0.115912  -0.747187     1.0294 0.00201164 0.887064 0.261984 2.22471
1  0.981918 -0.186347 0.0333523 -0.105963 -0.687013 -0.718877  0.156874  0.702344 -0.694336  -0.17361 -0.743945   1.02435 0.00199777 0.887064 0.131563 2.1205
1  0.988583 -0.146538 0.0350628 -0.079421 -0.704534 -0.705212  0.128043  0.694376 -0.708129 -0.139526 -0.729631   1.03955 0.00210046 0.913758 0.150611 1.37682
0   0.991303  -0.129072  0.0256623 -0.0730448  -0.701877  -0.708543   0.109465   0.700507  -0.705201  -0.114932  -0.738039    1.03635 0.00208683 0.899384 0.230187 2.15657
1  0.981665 -0.187145 0.0362017 -0.107739 -0.701432 -0.704546  0.157245  0.687728 -0.708734 -0.173591 -0.722066   1.04024 0.00208977 0.907598 0.150866 1.30985
1  0.988181 -0.151791 0.0214032 -0.093657 -0.708368 -0.699602  0.121355  0.689329 -0.714212 -0.127369 -0.722305   1.04632 0.00224458 0.915811 0.0800816 0.923139
1  0.981437 -0.189027 0.0324195 -0.107386 -0.681677  -0.72373  0.158904  0.706814 -0.689321  -0.17567 -0.750865   1.01879 0.00202554 0.87885 0.0209531 0.92208
1   0.98163  -0.18674 0.0391147 -0.104903 -0.699508 -0.706883  0.159364  0.689795 -0.706248 -0.177029  -0.72531   1.03737 0.00204579 0.901437 0.226969 2.6786
0   0.992045  -0.121839  0.0316473 -0.0646203  -0.708651  -0.702593    0.10803   0.694959  -0.710887  -0.114917  -0.729623    1.04253 0.00211256 0.901437 0.124855 1.12308
1  0.982011 -0.183828 0.0431424  -0.10315 -0.713637 -0.692879  0.158159  0.675965 -0.719762  -0.17571 -0.704946   1.05222 0.00222915 0.919918 0.0592245 1.28907
1   0.987068  -0.157526  0.0296891 -0.0908102  -0.702127  -0.706237   0.132096   0.694408  -0.707353  -0.142412  -0.730359    1.03885 0.0021534 0.911704 0.0976713 1.07074
1  0.982329 -0.182476 0.0416238 -0.101549 -0.706447 -0.700443  0.157219  0.683838 -0.712494 -0.174394 -0.716504   1.04435 0.00221392 0.909651 0.17106 1.23256
0   -0.96761   -0.24402 -0.0646972   0.136437  -0.721105   0.679259  -0.212406   0.648431   0.731041   0.246442  -0.668483   -1.06404 0.00307707 0.882957 -0.120195 2.78641
1  0.980848   -0.1899 0.0432945 -0.105144 -0.703355  -0.70302  0.163955  0.685004 -0.709851 -0.182919 -0.718369   1.04126 0.0020212 0.800821 0.660809 2.47595
1   0.988305  -0.147942  0.0369641 -0.0800832  -0.709835  -0.699801   0.129768   0.688657  -0.713381  -0.141564  -0.721402    1.04527 0.00210782 0.915811 0.161143 1.3511
1  0.981692 -0.185638 0.0426535 -0.105964 -0.718342 -0.687573   0.15828  0.670465 -0.724861 -0.175468 -0.696867   1.05772 0.00218755 0.921971 -0.0216371 0.846474
1  0.982047 -0.183383 0.0442052 -0.105193  -0.72691 -0.678628  0.156582  0.661795 -0.733151 -0.173328 -0.684139    1.0667 0.00225315 0.926078 0.294134 2.61926
1   0.987397   -0.15673  0.0219889 -0.0934314  -0.689398  -0.718332   0.127743   0.707224  -0.695353  -0.136174  -0.749347    1.02562 0.00213849 0.897331 0.150808 0.911421
0   0.991296  -0.128671  0.0278422 -0.0706048  -0.698119  -0.712492   0.111114   0.704325  -0.701128   -0.11766  -0.743511     1.0319 0.00200129 0.893224 0.10754 1.12504
0   0.990617  -0.135858  0.0148679 -0.0826252  -0.681994  -0.726675   0.108864   0.718628   -0.68682  -0.112091  -0.765555    1.01604 0.00209266 0.87269 0.249138 1.78367
1   0.982775  -0.178504   0.047843 -0.0959386  -0.714066  -0.693473   0.157951   0.676939  -0.718892  -0.176946  -0.705874    1.05132 0.00222132 0.815195 0.546608 3.44226
1  0.985758 -0.166012 0.0268581 -0.093839 -0.675524 -0.731342  0.139555  0.718406 -0.681481  -0.15149 -0.766904   1.01013 0.00188785 0.864476 0.319124 1.81289
0  -0.982417  -0.180229 -0.0487383   0.108313  -0.762804   0.637494  -0.152073   0.621006   0.768912   0.170378  -0.625479   -1.10498 0.00347128 0.831622 -0.101264 2.07157
1     0.9852  -0.168588  0.0309748 -0.0940986  -0.682982  -0.724349   0.143272   0.710714  -0.688737  -0.156231  -0.755379    1.01825 0.0019557 0.876797 0.0839109 1.19709
1   0.982914  -0.176687  0.0516003 -0.0952162  -0.727976  -0.678959   0.157527   0.662445  -0.732361  -0.176436  -0.684887    1.06564 0.00228025 0.815195 0.610646 2.62657
1   0.987769  -0.152281  0.0335007 -0.0852698   -0.70745    -0.7016    0.13054   0.690163  -0.711783  -0.141595   -0.72365     1.0436 0.00213587 0.919918 0.0632978 0.979808
1   0.987789  -0.152525  0.0317806 -0.0862795  -0.705367  -0.703572   0.129729   0.692238  -0.709913  -0.140289  -0.726824    1.04154 0.00213129 0.915811 0.140955 1.39078
1   0.982372  -0.180275  0.0494579 -0.0957364  -0.712421  -0.695192   0.160561   0.678202  -0.717121  -0.180356  -0.707834    1.04925 0.00218992 0.813142 0.425337 1.66489
1  0.981444 -0.187385 0.0406652 -0.102871 -0.693534 -0.713041  0.161816  0.695627 -0.699942   -0.1804  -0.73403   1.03048 0.0019834 0.89117 0.186857 1.22009
1  0.973564 -0.222561 0.0513793 -0.119245 -0.687083 -0.716727  0.194817  0.691653 -0.695459 -0.222729 -0.730194   1.02539 0.0025214 0.800821 0.433774 1.91197
0   0.996739 -0.0710977  0.0381767 -0.0301578  -0.766969  -0.640976  0.0748522   0.637734  -0.766611 -0.0770578  -0.644076    1.10253 0.00362754 0.843943 -0.0378103 2.09033
1   0.982285  -0.181149  0.0479813 -0.0964997  -0.708453  -0.699129   0.160639   0.682114  -0.713384  -0.180291  -0.713605    1.04525 0.00218281 0.811088 0.383658 2.25573
1   0.988084  -0.149421  0.0369217 -0.0808798  -0.708157  -0.701408   0.130951   0.690064  -0.711803  -0.142888  -0.723474     1.0436 0.00210069 0.915811 0.101571 1.53645
0  -0.973557  -0.220343 -0.0602888   0.121093  -0.721553   0.681687  -0.193707   0.656361   0.729155   0.223536  -0.678458   -1.06203 0.00277604 0.874743 0.305944 3.07748
1  0.988283 -0.148251 0.0363059 -0.079946 -0.705417  -0.70427  0.130019  0.693115 -0.709004 -0.141905 -0.727884   1.04051 0.00209717 0.913758 0.0806329 1.32267
1   0.989878  -0.137825   0.033844 -0.0726498  -0.696964  -0.713416   0.121915   0.703736  -0.699923  -0.132419  -0.743176    1.03048 0.00211421 0.901437 0.234326 1.18532
1   0.981469  -0.184477  0.0518401 -0.0956161   -0.70592  -0.701808   0.166062   0.683846  -0.710477  -0.187564  -0.716157    1.04224 0.00230527 0.815195 0.373794 1.8141
1  0.975381 -0.214245 0.0522551 -0.114882 -0.695915 -0.708875  0.188238  0.685421 -0.703395 -0.214207 -0.720719   1.03412 0.00244638 0.802875 0.455044 2.58354
0   0.991178  -0.130682  0.0221185 -0.0764317  -0.699901  -0.710139   0.108283   0.702183  -0.703714  -0.112575  -0.740825    1.03463 0.00203992 0.887064 0.22071 2.00791
1   0.985513  -0.168501  0.0192834 -0.0979499  -0.658294  -0.746361   0.138457   0.733659  -0.665262  -0.148983  -0.789421   0.991955 0.00196503 0.854209 0.219894 2.50778
1  0.981369  -0.18766 0.0412068  -0.10402 -0.699272 -0.707247  0.161537  0.689784 -0.705764 -0.180008 -0.725273   1.03689 0.00213485 0.909651 0.234275 1.39678
1   0.986935  -0.156794  0.0370679 -0.0866259  -0.710387   -0.69846   0.135847   0.686124  -0.714689  -0.148158   -0.71798    1.04686 0.0021615 0.919918 0.126818 1.5871
0   0.990997  -0.131515  0.0250854 -0.0746783  -0.698477  -0.711726   0.111124   0.703444   -0.70201  -0.116988  -0.742313    1.03293 0.0020898 0.901437 0.101848 0.825698
1   0.982416   -0.18037  0.0482222 -0.0939827  -0.700916  -0.707025   0.161326   0.690061  -0.705543  -0.181569  -0.725357    1.03668 0.00230559 0.809035 0.470909 3.2162
