0   0.991275  -0.127451  0.0336179 -0.0698137  -0.724002  -0.686256   0.111804   0.677921  -0.726583  -0.118633  -0.705069    1.05953 0.00229524 0.915811 0.150178 1.47353
1    0.98698   -0.15788  0.0307392 -0.0895967  -0.698369  -0.710108   0.133579   0.698108  -0.703421  -0.144404  -0.735983    1.03448 0.00211819 0.903491 0.156622 1.4235
1  0.982653  -0.18041 0.0429485 -0.100805 -0.714003 -0.692848  0.155662    0.6765 -0.719803 -0.173032 -0.705586   1.05221 0.00225347 0.919918 0.0552123 1.36054
1   0.988214  -0.148858  0.0357087 -0.0807082  -0.704852  -0.704748   0.130076    0.69356  -0.708559  -0.141783  -0.728559       1.04 0.00210455 0.913758 0.262002 2.68307
1   0.988453  -0.147499  0.0347221 -0.0798465   -0.70174  -0.707944   0.128787   0.696997  -0.705414  -0.140337  -0.733553    1.03663 0.00210571 0.911704 0.000395413 2.5458
1  0.981919 -0.185081 0.0397439  -0.10375 -0.701777 -0.704801  0.158336  0.687935 -0.708291 -0.175891 -0.722477   1.03973 0.00213796 0.909651 0.136114 1.33915
1   0.986154  -0.163465  0.0279134 -0.0924689  -0.681771  -0.725699   0.137657    0.71307  -0.687446  -0.149349  -0.758811    1.01668 0.00184229 0.86653 0.59218 2.64545
1   0.989456  -0.141879  0.0290912 -0.0790473  -0.697338   -0.71237   0.121357   0.702559  -0.701201  -0.131025  -0.741527    1.03204 0.00210006 0.905544 0.0970238 1.34015
1   0.987629  -0.153516   0.031974 -0.0848102  -0.694439  -0.714536   0.131897   0.702985  -0.698867  -0.143258  -0.743108    1.02932 0.00209987 0.895277 0.0596148 1.12875
1  0.982242 -0.182908 0.0417687 -0.100161 -0.699469  -0.70761  0.158644   0.69086 -0.705368 -0.177037 -0.726686   1.03643 0.00206218 0.901437 0.171462 1.12603
1   0.986808  -0.158479  0.0330928 -0.0892273  -0.702943  -0.705627   0.135089   0.693366   -0.70781  -0.146594  -0.728842     1.0392 0.00217193 0.913758 0.110032 2.11031
1    0.98315  -0.176258  0.0484613 -0.0927661  -0.709506  -0.698567   0.157512     0.6823  -0.713902  -0.176815  -0.713807    1.04565 0.0022919 0.915811 -0.0101907 1.37476
1   0.989262  -0.142126  0.0340863 -0.0782426  -0.711969  -0.697839   0.123449   0.687678  -0.715444  -0.133279  -0.719644    1.04772 0.0022171 0.921971 0.0782316 1.26912
1   0.98194 -0.183906 0.0444037 -0.101055 -0.708262  -0.69868  0.159941  0.681575 -0.714055 -0.178443 -0.713021     1.046 0.00218471 0.917865 -0.0371076 1.35931
0  -0.968668  -0.239292 -0.0664957   0.129348  -0.714635   0.687435  -0.212018   0.657295   0.723195   0.247029  -0.680926    -1.0555 0.00293539 0.874743 0.00414109 3.21805
0  -0.968355  -0.240261 -0.0675471   0.130949  -0.719523   0.682011  -0.212462   0.651584   0.728216   0.247401  -0.672937    -1.0609 0.00298253 0.874743 0.0975843 3.64554
1  0.977657  -0.20605 0.0415908 -0.119649 -0.708159 -0.695841  0.172831  0.675317 -0.716991 -0.191785 -0.704373   1.04928 0.0022987 0.924025 0.073094 0.847695
1   0.987832  -0.152276  0.0316205 -0.0850913  -0.699363  -0.709684   0.130182   0.698358   -0.70381  -0.141113  -0.735635    1.03488 0.00211918 0.913758 0.166548 1.21242
1   0.986238  -0.162632  0.0297463 -0.0944793  -0.702046  -0.705836   0.135675   0.693312   -0.70775  -0.146311  -0.729079    1.03913 0.00215625 0.909651 0.244691 2.3497
1  0.975652 -0.213793 0.0489386 -0.116399 -0.693859 -0.710642  0.185887  0.687643  -0.70185 -0.210741 -0.723804   1.03252 0.00241957 0.804928 0.36501 1.31129
1  0.981402 -0.187474 0.0412743 -0.103883  -0.69948 -0.707061  0.161426  0.689624 -0.705947 -0.180002 -0.725018   1.03711 0.00208322 0.907598 0.0126746 1.49891
1   0.988537  -0.146737  0.0355288 -0.0806882  -0.712375  -0.697145   0.127607   0.686287  -0.716049  -0.138694  -0.717898    1.04824 0.00211737 0.917865 0.0991372 1.43414
0   0.982593  -0.174772  0.0629777 -0.0925518  -0.754479  -0.649766   0.161076   0.632627  -0.757521  -0.182171  -0.640624    1.09277 0.00313748 0.870637 0.281305 2.56349
1  0.980975 -0.189684 0.0413297 -0.105418 -0.699244 -0.707067  0.163019  0.689258 -0.705937 -0.181721 -0.724622   1.03715 0.00214596 0.911704 0.129303 1.22078
1   0.988048  -0.152027  0.0254816 -0.0869398  -0.686101  -0.722293   0.127291   0.711445  -0.691118  -0.137004  -0.755051    1.02094 0.00206629 0.895277 0.149892 0.947506
1  0.987682  -0.15309 0.0323707 -0.085822 -0.702977 -0.706015   0.13084  0.694541 -0.707456 -0.141725 -0.730317   1.03898 0.00218843 0.915811 0.0967199 1.24281
1   0.989839  -0.139536  0.0273447 -0.0798527  -0.704631  -0.705066    0.11765   0.695719  -0.708614  -0.125163  -0.731101    1.04009 0.00206106 0.907598 0.1172 0.950159
1   0.986536  -0.160785  0.0299156 -0.0900486  -0.686725  -0.721319   0.136521   0.708913  -0.691957  -0.148557  -0.752999     1.0217 0.00197739 0.86653 0.226445 1.15275
1  0.981952 -0.184292 0.0424946 -0.100044 -0.696826 -0.710229  0.160501   0.69316 -0.702687 -0.179532 -0.730234   1.03362 0.0021334 0.903491 0.174002 1.28617
1  0.981798 -0.186045 0.0382069 -0.106596 -0.706262 -0.699879  0.157193  0.683067 -0.713239 -0.173559 -0.715104   1.04523 0.00220774 0.917865 0.0574303 0.81096
1   0.988374  -0.148386  0.0331357 -0.0818797  -0.703117  -0.706344    0.12811   0.695419  -0.707093  -0.139087  -0.731244    1.03847 0.00213136 0.915811 0.110087 1.17563
1   0.987877  -0.150736  0.0371139 -0.0808857   -0.70386  -0.705718     0.1325   0.694161   -0.70752  -0.144924  -0.729407    1.03901 0.00211842 0.915811 0.232492 2.17663
1   0.988659  -0.145535  0.0370414 -0.0771897  -0.704049  -0.705944   0.128818   0.695079  -0.707298  -0.140877  -0.730731    1.03866 0.00209222 0.909651 0.149226 1.26
1  0.981822 -0.185493 0.0402122 -0.101754 -0.693258  -0.71347  0.160221  0.696409 -0.699531 -0.178713 -0.734984   1.03005 0.00198539 0.893224 0.11867 1.02495
1   0.982165  -0.182607  0.0448025 -0.0988702  -0.704267  -0.703017   0.159928   0.686049   -0.70976    -0.1787  -0.719782    1.04129 0.00217009 0.800821 0.58341 3.21428
1   0.988319  -0.149467  0.0297629 -0.0858933   -0.70761  -0.701363   0.125891   0.690614  -0.712183  -0.135227  -0.724744    1.04373 0.00212241 0.899384 0.169246 1.64152
1   0.982009  -0.183854  0.0430749 -0.0993344   -0.69696  -0.710197   0.160594   0.693141  -0.702684  -0.179539  -0.730224    1.03351 0.00203507 0.895277 0.099254 1.41234
1  0.980805  -0.19058   0.04123 -0.109291 -0.712423 -0.693188  0.161481  0.675376 -0.719577 -0.179177 -0.703958   1.05201 0.00213715 0.921971 0.0961046 0.969213
1    0.98205  -0.181887  0.0499453 -0.0977947  -0.717417  -0.689746   0.161288   0.672481  -0.722327  -0.180854  -0.699664    1.05482 0.00224998 0.924025 0.260115 2.63846
1   0.987673  -0.154006  0.0280062 -0.0886093  -0.697569  -0.711017   0.129037   0.699771  -0.702617  -0.138796  -0.737766    1.03361 0.00212549 0.911704 0.034517 0.844832
1   0.988458  -0.147047  0.0364459 -0.0791086  -0.706163  -0.703616   0.129202   0.692611  -0.709645  -0.140981  -0.727105     1.0412 0.00209657 0.913758 0.0892543 1.3686
1    0.98722  -0.157367  0.0251354 -0.0932079  -0.698115  -0.709893   0.129261   0.698478  -0.703861  -0.138223  -0.736555    1.03492 0.00206718 0.897331 0.18424 1.2722
1   0.98137 -0.187743 0.0408124 -0.104554 -0.700078 -0.706371  0.161188  0.688944 -0.706664 -0.179522 -0.724074   1.03787 0.00209703 0.907598 0.155919 1.69407
1  0.982466 -0.182185   0.03962 -0.100024 -0.694374 -0.712629  0.157341   0.69617 -0.700422 -0.175301  -0.73497   1.03079 0.00197652 0.880903 0.106779 1.36006
1   0.990142    -0.1382  0.0227808 -0.0818691  -0.703009  -0.706453   0.113647   0.697624  -0.707394  -0.118258   -0.73426    1.03862 0.00215612 0.897331 0.225585 2.37082
1   0.982288  -0.181465  0.0467045 -0.0970235  -0.705807  -0.701729   0.160303   0.684768  -0.710912  -0.179775  -0.717339    1.04258 0.00221621 0.815195 0.331733 1.38351
1   0.987175  -0.157355  0.0269389 -0.0919763  -0.698511  -0.709664   0.130486   0.698084  -0.704025   -0.13978  -0.735693    1.03519 0.00217233 0.909651 0.020178 0.861735
1   0.97615 -0.209781 0.0558798 -0.110531 -0.701784 -0.703762  0.186851  0.680801 -0.708234 -0.213292 -0.713695   1.03942 0.00257117 0.813142 0.227811 1.65393
1  0.990349 -0.137034 0.0207323 -0.082505 -0.703121 -0.706267   0.11136  0.697741 -0.707642 -0.115579 -0.734268   1.03905 0.0020844 0.901437 0.100669 1.15126
0  0.991059 -0.131702 0.0213542 -0.078445 -0.704643 -0.705212  0.107925  0.697232 -0.708675 -0.111758 -0.733733   1.04001 0.00211168 0.889117 0.235569 1.35216
1  0.981556 -0.187341 0.0380941  -0.10667 -0.702056 -0.704087  0.158648  0.687038 -0.709091 -0.175868  -0.72137   1.04051 0.0020708 0.903491 0.140208 1.07554
1   0.987155  -0.157161  0.0287161 -0.0922158  -0.707288  -0.700885   0.130462   0.689234  -0.712696  -0.140171  -0.722723     1.0447 0.00221151 0.917865 0.049576 1.36507
1   0.986782  -0.159123  0.0306935 -0.0920562  -0.706273  -0.701929   0.133371   0.689825  -0.711585  -0.143583  -0.723924    1.04326 0.00211915 0.905544 0.275367 1.04233
1   0.988421  -0.147257  0.0365918 -0.0795225  -0.708113  -0.701607   0.129228   0.690574  -0.711624  -0.140969   -0.72414    1.04339 0.00210679 0.915811 0.105396 2.34375
1   0.990081  -0.137082  0.0307797 -0.0732271  -0.690472  -0.719643   0.119902   0.710251  -0.693662  -0.128825  -0.752854    1.02363 0.00222637 0.895277 0.0952206 1.45981
0  -0.972705   -0.21943 -0.0754676   0.124011  -0.766465     0.6302  -0.196128    0.60364   0.772756   0.225883  -0.601528   -1.10856 0.00343312 0.852156 -0.260738 1.82391
0   0.991676  -0.125321  0.0295581 -0.0679588  -0.704407  -0.706535   0.109364   0.698645  -0.707061  -0.115874  -0.735278    1.03833 0.0020671 0.895277 0.0747314 1.35769
1   0.985879   -0.16446  0.0315606 -0.0923518  -0.691168  -0.716769   0.139693   0.703732  -0.696596  -0.151845  -0.744283     1.0269 0.00214937 0.903491 0.0124583 0.927106
1   0.988718  -0.145182   0.036858 -0.0788021  -0.713426  -0.696286   0.127384   0.685526  -0.716818  -0.138654  -0.716772    1.04902 0.00214259 0.917865 0.198709 1.21574
1   0.988034  -0.151637  0.0281793 -0.0872232  -0.700037  -0.708759   0.127201   0.697821  -0.704887  -0.136805  -0.735011    1.03603 0.00209317 0.907598 0.0544433 1.61121
1  0.981681 -0.185475 0.0435994  -0.10145 -0.702535 -0.704381  0.161275  0.687055 -0.708481 -0.180149 -0.721181    1.0398 0.00216428 0.911704 0.136215 1.44639
1  0.981395 -0.187492 0.0413638 -0.103246 -0.696976 -0.709623  0.161878  0.692149 -0.703367 -0.180575 -0.728933    1.0343 0.00205878 0.899384 0.23821 1.33439
1   0.987843  -0.151225  0.0360083 -0.0830269  -0.709083   -0.70022   0.131424   0.688718  -0.713019  -0.143078  -0.721628    1.04488 0.00210738 0.915811 0.0355215 1.19215
1   0.988016  -0.150419  0.0346328 -0.0826913  -0.705265  -0.704104   0.130336   0.692802  -0.709252   -0.14179  -0.727537    1.04079 0.00212432 0.915811 -0.0264643 1.46095
1     0.9884  -0.150017  0.0236526 -0.0895326  -0.701386  -0.707137   0.122672   0.696816  -0.706681  -0.130399  -0.733332    1.03809 0.00214916 0.911704 0.0630735 2.41389
1   0.982203  -0.182587  0.0440293 -0.0997303  -0.705648  -0.701509   0.159156   0.684633    -0.7113  -0.177797  -0.717561    1.04283 0.00215127 0.909651 0.0635728 1.30168
1  0.981664 -0.185653 0.0432256 -0.104401 -0.713377 -0.692961  0.159486  0.675742 -0.719678 -0.177386 -0.704313   1.05198 0.00212721 0.919918 0.149907 1.44772
1  0.975899 -0.211203 0.0549045 -0.112452 -0.702332 -0.702911  0.187018  0.679796 -0.709156 -0.213146 -0.712322    1.0404 0.00248952 0.809035 0.070346 1.58015
1   0.987483  -0.152576  0.0399778 -0.0796302  -0.701052   -0.70865    0.13615   0.696596  -0.704426  -0.149627  -0.733298     1.0356 0.00219922 0.909651 0.0817185 0.851637
1   0.985858  -0.165634  0.0255037 -0.0935455  -0.670158    -0.7363   0.139048   0.723501  -0.676175   -0.15076  -0.774153    1.00438 0.00188861 0.864476 0.0639472 0.868627
1   0.987431    -0.1542   0.034676 -0.0852723  -0.704488  -0.704574   0.133074   0.692762  -0.708783  -0.144778  -0.727805    1.04023 0.00213773 0.911704 0.10061 1.21638
1    0.98914  -0.143995  0.0294486 -0.0827462  -0.711179  -0.698124    0.12147   0.688105  -0.715371  -0.130194  -0.720631    1.04752 0.00218128 0.913758 0.144284 1.07868
1  0.981044 -0.189749 0.0393345  -0.10661 -0.697992 -0.708125  0.161821  0.690509  -0.70499 -0.179867 -0.726597   1.03607 0.00209229 0.903491 0.209089 2.70506
1   0.986942  -0.156712  0.0372491 -0.0897363  -0.726959  -0.680792   0.133767   0.668559  -0.731529  -0.145002  -0.692334    1.06501 0.00224532 0.928131 0.194087 1.05546
0  -0.979673  -0.195003 -0.0470643   0.109045  -0.714599   0.690983  -0.168375   0.671805   0.721338   0.191438  -0.699619   -1.05374 0.00273097 0.876797 0.158756 2.63815
0   0.991875   -0.12358  0.0302007 -0.0681385  -0.716541  -0.694209   0.107431   0.686511   -0.71914  -0.113011  -0.717175    1.05161 0.00227971 0.915811 0.16021 1.18344
1   0.987539  -0.153811  0.0333131 -0.0853849  -0.701461  -0.707575   0.132201   0.695913  -0.705853  -0.143701  -0.732241    1.03716 0.00212665 0.913758 0.147314 1.30198
0   0.991328  -0.129981   0.019356 -0.0770451  -0.694175  -0.715671    0.10646   0.707973  -0.698169  -0.109983  -0.749389    1.02855 0.00202251 0.880903 0.257131 2.44446
1   0.987822  -0.151411  0.0358183 -0.0825486  -0.705152  -0.704234   0.131886   0.692701  -0.709064  -0.143792  -0.727391     1.0406 0.00211796 0.915811 0.0177792 1.38408
1  0.981298 -0.187727 0.0425801 -0.103807 -0.702356 -0.704216  0.162107  0.686626 -0.708708 -0.180795 -0.720715   1.04013 0.00214844 0.911704 0.135425 2.56446
1   0.985939  -0.165275  0.0246837 -0.0958004   -0.68005   -0.72688   0.136921   0.714294  -0.686321  -0.147743  -0.760548    1.01554 0.00180473 0.86653 0.29903 2.68461
0  -0.975556  -0.211628 -0.0591884    0.11476  -0.720334   0.684068  -0.187404   0.660554   0.727013   0.216571  -0.684375   -1.05963 0.00297054 0.741273 0.280753 1.6708
0   0.983125  -0.172631  0.0605235 -0.0908222  -0.747805  -0.657677   0.158796   0.641082  -0.750864  -0.179598  -0.652776    1.08573 0.00300886 0.86653 0.183797 1.91942
1   0.987999  -0.150266  0.0357565 -0.0823676  -0.708378  -0.701011   0.130667   0.689653  -0.712254  -0.142257  -0.722916    1.04407 0.00209436 0.915811 0.146139 1.47594
1   0.988433  -0.148102  0.0326542 -0.0829515  -0.708205  -0.701117   0.126963   0.690298  -0.712298  -0.137429  -0.723626    1.04411 0.00210004 0.917865 0.116562 2.39377
0   0.991417  -0.129334  0.0191208 -0.0764043   -0.69183  -0.718007   0.106091   0.710383  -0.695773  -0.109651  -0.752809    1.02597 0.00203017 0.882957 0.30515 2.69985
1   0.986899  -0.158399  0.0306514 -0.0905037  -0.700804   -0.70759   0.133562   0.695546  -0.705959   -0.14439  -0.731982    1.03724 0.00213768 0.911704 0.0248334 2.14458
0   0.991274  -0.130516  0.0184983 -0.0780329  -0.694091  -0.715645   0.106243   0.707957  -0.698219  -0.109561  -0.749568    1.02853 0.00207516 0.87885 0.218872 2.49478
1   0.986592  -0.161044  0.0264938 -0.0951179  -0.699271    -0.7085   0.132626    0.69648  -0.705214  -0.142166  -0.733579    1.03636 0.00211065 0.905544 0.0716648 0.996464
1   0.988072  -0.149279  0.0378147 -0.0801865   -0.70839  -0.701251   0.131469   0.689854  -0.711911  -0.143738  -0.723379    1.04377 0.00215922 0.913758 0.171223 1.24874
1   0.990651  -0.134968  0.0198288 -0.0809069   -0.69833  -0.711189   0.109835   0.702936  -0.702721   -0.11365  -0.741918    1.03352 0.00205487 0.889117 0.427367 2.84205
1  0.981783 -0.185446  0.041385 -0.101859 -0.697542 -0.709267  0.160398  0.692131 -0.703724 -0.178939 -0.728538   1.03461 0.00203309 0.901437 0.174768 1.3456
1  0.981269 -0.187708 0.0433298  -0.10563 -0.712355 -0.693825  0.161103  0.676252 -0.718839 -0.179105 -0.705261   1.05121 0.00212889 0.919918 0.235233 1.44604
1   0.986422  -0.161174  0.0315435 -0.0905412  -0.693936  -0.714322   0.137019   0.701767  -0.699106   -0.14875  -0.741296    1.02965 0.00214858 0.905544 0.0925788 1.32603
1   0.988157  -0.149589  0.0342034 -0.0819645  -0.702977  -0.706473   0.129725   0.695303  -0.706913  -0.141076  -0.731015    1.03827 0.0021043 0.915811 0.13789 1.02228
1   0.987663  -0.152085  0.0373162 -0.0825066  -0.707923  -0.701454   0.133097   0.689721  -0.711737  -0.145415  -0.723456    1.04336 0.00214679 0.907598 -0.00802071 0.932963
1   0.983786  -0.174186  0.0427108 -0.0949176  -0.707744  -0.700063   0.152169   0.684658  -0.712802  -0.169416  -0.716916    1.04463 0.0022257 0.917865 0.0497276 1.07297
0  0.993087 -0.114593 0.0254313 -0.062716 -0.701138 -0.710262 0.0992218  0.703757 -0.703478 -0.103314 -0.742126   1.03454 0.00230717 0.907598 -0.0853428 1.20493
1   0.988327  -0.148361  0.0346264 -0.0810829  -0.704661  -0.704896   0.128979    0.69386  -0.708465  -0.140355     -0.729    1.03996 0.00212992 0.915811 0.141271 1.33475
1  0.981858 -0.184881 0.0421217 -0.102093 -0.702627 -0.704196  0.159789   0.68712 -0.708755  -0.17812 -0.721524   1.04014 0.00214294 0.800821 0.561478 2.42627
1   0.986552  -0.160842  0.0290623 -0.0922885  -0.694922  -0.713138   0.134899   0.700866  -0.700421  -0.145811  -0.740242    1.03103 0.00208893 0.897331 0.437346 2.61308
1    0.98728  -0.156469  0.0282139 -0.0892625  -0.692338  -0.716031    0.13157   0.704405  -0.697498  -0.142028  -0.745353    1.02789 0.00209988 0.895277 0.0844677 1.18233
1  0.982302 -0.182735 0.0411308 -0.101224 -0.702661 -0.704287  0.157599  0.687659 -0.708722 -0.175073  -0.72199   1.04012 0.00205297 0.901437 0.177537 1.0753
1  0.981639 -0.185298 0.0452704 -0.103052 -0.714893 -0.691598  0.160516  0.674234 -0.720862 -0.178991 -0.702147    1.0533 0.00213478 0.921971 0.140562 1.35732
1  0.981614  -0.18535 0.0455967 -0.101455 -0.708988 -0.697885  0.161681  0.680427 -0.714757 -0.180607 -0.711517   1.04671 0.00218007 0.915811 0.104282 1.35281
1   0.990828  -0.132589  0.0260619 -0.0745375  -0.697164  -0.713026   0.112709   0.704544  -0.700653  -0.118936   -0.74425    1.03141 0.00203305 0.89117 0.0557057 1.18833
1   0.988242  -0.149335  0.0328093 -0.0822504  -0.700131  -0.709261   0.128888   0.698224  -0.704182  -0.139939  -0.735295    1.03541 0.00213525 0.915811 0.21539 2.1185
1   0.987115   -0.15707  0.0305577 -0.0906345  -0.706205  -0.702183   0.131872   0.690365  -0.711341   -0.14212  -0.724529    1.04318 0.00216089 0.911704 0.263816 1.04329
1  0.980677 -0.191603  0.039497 -0.107235 -0.695346  -0.71063  0.163623  0.692663 -0.702456 -0.182074  -0.72957   1.03334 0.00213669 0.909651 0.242996 2.16737
0   0.982671  -0.174689  0.0619848 -0.0919927  -0.749928  -0.655092   0.160921   0.638037  -0.753003  -0.182175   -0.64839      1.088 0.00306183 0.868583 0.200581 1.46787
1  0.981328 -0.187532 0.0427525 -0.105926 -0.712441 -0.693691  0.160548   0.67621 -0.719003 -0.178445 -0.705285   1.05135 0.00211668 0.917865 0.200354 2.20059
1  0.979945 -0.195366 0.0392306 -0.108782 -0.689444 -0.716124  0.166954  0.697495  -0.69687 -0.185935 -0.737275   1.02714 0.00204165 0.89117 0.0896396 1.35712
1   0.98191 -0.184296 0.0434385  -0.10116 -0.704533 -0.702424  0.160058  0.685323 -0.710432 -0.178538 -0.718629   1.04202 0.002192 0.913758 0.104377 1.3471
0   0.991444  -0.128261  0.0242602 -0.0704323  -0.682104  -0.727855   0.109903   0.719918  -0.685302   -0.11593  -0.766979    1.01433 0.0021049 0.874743 0.096813 1.34231
1  0.974239 -0.219726 0.0507824 -0.120717 -0.698309 -0.705544  0.190488  0.681238 -0.706844 -0.216275 -0.714872   1.03792 0.00244579 0.804928 0.568794 2.68614
