1   0.987568  -0.152229  0.0391795 -0.0838144   -0.72082  -0.688036    0.13298   0.676199  -0.724618  -0.144495  -0.703099    1.05767 0.00223747 0.926078 0.104455 1.15141
1  0.980028 -0.194012 0.0436356 -0.106457 -0.697201 -0.708927  0.167963  0.690123 -0.703931 -0.187855 -0.725873   1.03486 0.00216001 0.913758 0.176341 2.55237
1  0.981603 -0.186103 0.0426827 -0.102505 -0.702244 -0.704519  0.161087  0.687182 -0.708401 -0.179775 -0.721533   1.03972 0.00207044 0.800821 0.491217 3.0792
1   0.985782  -0.166696  0.0211413 -0.0982312  -0.673787  -0.732367   0.136328   0.719878  -0.680581  -0.146459  -0.768879    1.00916 0.00187788 0.86653 0.253387 1.06528
1   0.98117 -0.188951  0.040046 -0.105493 -0.697924  -0.70836  0.161794  0.690797 -0.704714 -0.180139 -0.726666   1.03583 0.00215324 0.913758 0.183752 1.6241
1   0.987242  -0.154981  0.0365332 -0.0870834  -0.717609   -0.69098   0.133306   0.678983   -0.72195  -0.144662  -0.707782    1.05455 0.00221515 0.919918 0.0452554 0.933868
1  0.980902 -0.189392 0.0443001 -0.103903 -0.702761 -0.703798  0.164426  0.685754 -0.709018 -0.183657  -0.71951   1.04046 0.0021574 0.911704 0.154131 1.34468
0    0.99105  -0.130851   0.026433 -0.0739251  -0.702825  -0.707511   0.111156   0.699225  -0.706208  -0.116677  -0.736344    1.03735 0.00217604 0.899384 0.235794 2.48941
1  0.974583 -0.217833 0.0523164 -0.117816  -0.69699 -0.707336  0.190545  0.683194 -0.704938 -0.216858 -0.717721    1.0358 0.00224797 0.901437 0.269094 2.39737
1  0.981282 -0.188313  0.040298 -0.105525 -0.700845 -0.705465  0.161091  0.688008 -0.707598 -0.179195 -0.722854   1.03893 0.00215331 0.909651 0.203306 1.39355
0  -0.966656  -0.244454 -0.0762812   0.146096    -0.7711   0.619726  -0.210315   0.587917   0.781102   0.241628   -0.58043   -1.11736 0.00387955 0.864476 -0.173247 2.49413
0  -0.980256  -0.188776 -0.0588299   0.102087  -0.737986   0.667049  -0.169339   0.647874   0.742687   0.194155  -0.664487    -1.0767 0.00273218 0.893224 0.218198 2.33636
1    0.98832  -0.148741  0.0331517 -0.0823721  -0.704451  -0.704957    0.12821   0.693992  -0.708475   -0.13906  -0.729197     1.0399 0.00210909 0.913758 0.113656 1.37017
1   0.987745  -0.153039  0.0306535 -0.0888174  -0.712632  -0.695893   0.128343   0.684642  -0.717491  -0.137896   -0.71567    1.04977 0.00213078 0.917865 0.139141 2.74696
1   0.986775  -0.159158  0.0307151 -0.0893882  -0.692377  -0.715978    0.13522   0.703763  -0.697447    -0.1468  -0.745083    1.02775 0.00202029 0.876797 -0.00247909 0.8903
1   0.987166  -0.157747  0.0248953 -0.0926325  -0.692584  -0.715365   0.130089   0.703878  -0.698308   -0.13944  -0.744565    1.02872 0.002095 0.895277 0.236701 1.44947
0   0.992361   -0.12031  0.0272901 -0.0725715  -0.748191  -0.659503  0.0997632   0.652485  -0.751206  -0.101654  -0.666739    1.08629 0.00309214 0.858316 0.256374 2.60741
1  0.982055 -0.183881 0.0418966 -0.101137 -0.700993 -0.705961  0.159182  0.689055 -0.707011 -0.177352 -0.724033   1.03828 0.0020638 0.903491 0.0629132 2.40176
1  0.981753 -0.184243 0.0470632 -0.095997 -0.693838 -0.713704  0.164149  0.696163 -0.698865 -0.185072 -0.734425   1.02933 0.00224834 0.804928 0.428015 1.73377
1   0.988067  -0.149688  0.0363051 -0.0812749    -0.7069  -0.702629   0.130839   0.691293   -0.71063  -0.142712  -0.725267    1.04233 0.00210225 0.915811 0.121972 1.34364
1  0.981635 -0.185069  0.046291 -0.101375 -0.711603 -0.695229  0.161606  0.677768 -0.717296 -0.180559 -0.707488   1.04949 0.00220508 0.921971 0.131456 1.6122
1  0.980958 -0.189712 0.0415895 -0.103732 -0.692815 -0.713616  0.164196  0.695713 -0.699302 -0.183396 -0.734174   1.02993 0.00207909 0.899384 0.237179 2.99288
1   0.982531  -0.180429  0.0455842 -0.0976606  -0.708415  -0.699007   0.158413   0.682345   -0.71366  -0.177143  -0.713896    1.04537 0.00219821 0.915811 -0.0399323 2.09371
1  0.981459 -0.187851  0.038086 -0.106525  -0.69977 -0.706382  0.159346  0.689227 -0.706806 -0.176641 -0.724534     1.038 0.00201419 0.899384 0.0941038 1.25283
1   0.983499  -0.174948  0.0460721 -0.0926396  -0.705758   -0.70237   0.155394   0.686512  -0.710319  -0.173844  -0.719971    1.04176 0.00230877 0.913758 -0.00497491 1.3893
0   0.991469  -0.127178  0.0285434 -0.0690746  -0.698383  -0.712383   0.110534   0.704334   -0.70121  -0.117403  -0.743573    1.03195 0.00201956 0.893224 0.197377 1.66273
1  0.975783 -0.212159 0.0532514  -0.11567 -0.707093 -0.697596  0.185655  0.674543  -0.71451  -0.21101 -0.704596   1.04621 0.00231781 0.913758 0.184274 2.45316
0  -0.982191   -0.18082 -0.0510437   0.095164  -0.713014   0.694661  -0.162004   0.677432   0.717524   0.185461  -0.707836   -1.04942 0.00288445 0.858316 0.0607649 2.56395
1  0.981092 -0.189316 0.0402298  -0.10575  -0.69844 -0.707813  0.162098  0.690175 -0.705254 -0.180446 -0.725911   1.03642 0.00211934 0.909651 0.0189448 1.54721
1   0.982268  -0.181618  0.0465331 -0.0987207  -0.712037  -0.695168   0.159388   0.678247   -0.71734  -0.178246   -0.70788    1.04954 0.00220093 0.924025 0.126517 2.85066
0   0.981097  -0.183978  0.0600016 -0.0999888  -0.747412  -0.656793   0.165682   0.638379   -0.75168  -0.186619  -0.649162    1.08676 0.00313773 0.868583 0.0762702 1.47621
1   0.98202 -0.184075  0.041873 -0.102601 -0.706627 -0.700108  0.158461  0.683224 -0.712808 -0.176155 -0.715601   1.04449 0.00212255 0.907598 0.136637 2.11731
1   0.983221  -0.178915  0.0355863 -0.0965228  -0.675784  -0.730753   0.154791   0.715056  -0.681714  -0.172693  -0.762332    1.01024 0.0022184 0.776181 0.496719 1.41495
1   0.983058  -0.178562  0.0413817 -0.0983334  -0.704301  -0.703058   0.154684   0.687078  -0.709928  -0.172283  -0.720653    1.04141 0.00214163 0.911704 0.171119 1.63338
1  0.981254 -0.187548  0.044352 -0.100209 -0.693107 -0.713835  0.164619  0.696009 -0.698908 -0.184833  -0.73448   1.02936 0.00221896 0.802875 0.283782 1.63139
1   0.982261  -0.181112  0.0485884 -0.0964677  -0.710261  -0.697297   0.160799    0.68024  -0.715134  -0.180519  -0.710776    1.04717 0.00224936 0.817248 0.492852 2.74682
1   0.982764  -0.181221  0.0365265 -0.0991493  -0.683458  -0.723225   0.156028   0.707138  -0.689646  -0.173721  -0.750607    1.01915 0.00196546 0.882957 0.233657 1.09055
1  0.981765 -0.184527 0.0456902 -0.100096 -0.706121  -0.70098  0.161612  0.683624 -0.711716  -0.18093 -0.715684   1.04354 0.00221721 0.926078 0.0308222 1.44942
1  0.981554 -0.185548 0.0460843 -0.101728 -0.710969 -0.695827  0.161873  0.678304  -0.71673 -0.180872 -0.708142   1.04886 0.0021645 0.921971 0.250972 2.38552
1  0.981183 -0.188595 0.0413785  -0.10614 -0.705863 -0.700351   0.16129   0.68278 -0.712598 -0.179294 -0.714854   1.04438 0.00211339 0.915811 0.232872 2.29953
1   0.988483   -0.14719  0.0351684 -0.0793837  -0.702174  -0.707566   0.128841   0.696625  -0.705772  -0.140468  -0.733012    1.03705 0.00210793 0.911704 0.181411 1.48034
1   0.988307  -0.147343  0.0392297 -0.0796804  -0.718438  -0.691012       0.13   0.679806  -0.721778  -0.142023  -0.708262    1.05458 0.00220141 0.926078 0.213409 1.30329
1  0.981804 -0.186144 0.0375769 -0.105659 -0.699889 -0.706394  0.157791  0.689569 -0.706821 -0.174586 -0.724738   1.03816 0.00210122 0.907598 0.124274 1.83103
1   0.985793  -0.165109  0.0308455 -0.0921231  -0.685032  -0.722664   0.140449   0.709556   -0.69051  -0.153034  -0.753255    1.02025 0.00204213 0.887064 0.221238 1.32115
0   0.97735 -0.200047 0.0690448  -0.10707 -0.748841 -0.654044  0.182543  0.631838 -0.753299 -0.208646 -0.640889   1.08821 0.0031535 0.87269 0.134166 1.73899
1   0.986265  -0.163026   0.026531 -0.0925535  -0.678519  -0.728729   0.136804   0.716264  -0.684288  -0.148267  -0.763136    1.01341 0.00199041 0.87885 0.124844 1.24465
1  0.981674 -0.186207 0.0405325 -0.103049 -0.697605 -0.709034  0.160303  0.691863 -0.704009 -0.178611 -0.728282   1.03497 0.00200909 0.899384 0.104422 1.38955
1  0.988062  -0.15009  0.034726 -0.082389 -0.705287 -0.704118  0.130173  0.692852 -0.709233 -0.141661 -0.727502   1.04077 0.00209731 0.915811 0.121337 1.41325
1    0.98207   -0.18218  0.0484546 -0.0981949  -0.713773  -0.693459    0.16092   0.676267  -0.718865  -0.180223  -0.705134    1.05102 0.00227628 0.924025 0.04034 1.30401
1  0.975086 -0.217464  0.043767 -0.111712 -0.651862 -0.750064  0.191642  0.726488 -0.659915 -0.219143 -0.781554  0.985973 0.00261155 0.7577 0.313561 2.29137
0   0.991153  -0.131526  0.0177872 -0.0786886  -0.690256  -0.719274   0.106881   0.711511  -0.694499  -0.110223  -0.754608    1.02453 0.00203545 0.880903 0.218972 2.91288
0   0.991013  -0.132386  0.0191837 -0.0786412  -0.692595  -0.717027   0.108211   0.709074  -0.696781  -0.111992  -0.750973    1.02697 0.00203591 0.882957 0.246376 1.5514
1  0.980519 -0.192072 0.0411124 -0.109041 -0.706357 -0.699406  0.163376  0.681298 -0.713541 -0.181849 -0.713174   1.04559 0.00215779 0.915811 -0.000573865 1.15936
1  0.981556 -0.186429 0.0423397 -0.102116 -0.698503 -0.708284  0.161619  0.690896 -0.704657 -0.180443 -0.726941    1.0356 0.00203289 0.899384 0.322829 2.65975
1    0.98959  -0.140426  0.0314861 -0.0768384  -0.700558  -0.709447   0.121682   0.699642  -0.704055  -0.131263  -0.737134    1.03514 0.00212755 0.909651 0.0826597 1.33435
1   0.98206 -0.183946 0.0415058 -0.101828 -0.702563 -0.704298  0.158713  0.687437  -0.70869 -0.176726 -0.721321   1.04018 0.00216645 0.917865 0.137579 1.99575
1  0.974434 -0.219344 0.0486497 -0.123335 -0.703214 -0.700199  0.187796  0.676298 -0.712288 -0.212226 -0.707611   1.04391 0.00227047 0.907598 0.0913224 1.5751
0   0.990792  -0.133909  0.0200072 -0.0806974  -0.702695    -0.7069    0.10872   0.698776   -0.70703   -0.11254  -0.735697    1.03837 0.00211616 0.901437 0.155503 1.66247
1  0.983158 -0.177278 0.0444198 -0.096089 -0.708162 -0.699481  0.155459  0.683432 -0.713269 -0.173502 -0.715329    1.0451 0.00224713 0.919918 0.0731794 0.929129
1   0.98235 -0.182521 0.0409078 -0.100815 -0.700861 -0.706137  0.157556   0.68955 -0.706892 -0.175225 -0.724539   1.03802 0.00199723 0.899384 0.231668 1.38758
1   0.987148  -0.154924  0.0392124 -0.0845883  -0.714709  -0.694288   0.135588   0.682048  -0.718628   -0.14815  -0.712074    1.05097 0.00218127 0.919918 0.133679 0.878034
1  0.981593 -0.185906 0.0437469  -0.10584 -0.720188 -0.685658  0.158974  0.668407 -0.726608 -0.176445 -0.693862   1.05957 0.00216975 0.921971 0.16595 1.24395
1   0.986062  -0.163397  0.0313534 -0.0926898  -0.695992  -0.712042   0.138167   0.699211  -0.701437  -0.149887  -0.738055    1.03227 0.0021544 0.899384 -0.0118859 1.46936
1   0.987862  -0.151963  0.0321989 -0.0849282   -0.70193  -0.707164   0.130064   0.695846  -0.706316  -0.141108  -0.731804    1.03758 0.00207344 0.913758 0.0502118 0.847624
1   0.987209  -0.157286  0.0260835 -0.0931882  -0.701988  -0.706066   0.129365   0.694603  -0.707666  -0.138449  -0.730921    1.03906 0.00215666 0.903491 0.142595 1.02884
1   0.987895  -0.151089  0.0351437 -0.0828483  -0.705435  -0.703916   0.131146   0.692484  -0.709413  -0.142796  -0.727137    1.04095 0.00210773 0.913758 0.0576823 1.03521
0  -0.968609  -0.240877 -0.0614368   0.124485  -0.683925   0.718853  -0.215173    0.68864   0.692442    0.25159   -0.72713   -1.02178 0.00322287 0.845996 -0.0965708 3.10601
1   0.98213 -0.182836 0.0446262 -0.101084 -0.712469 -0.694384  0.158753  0.677465 -0.718219 -0.176762 -0.707077   1.05072 0.0023222 0.924025 0.124186 1.54098
1   0.986191  -0.162052  0.0341455 -0.0914249  -0.704643  -0.703647   0.138088   0.690809  -0.709728  -0.150064   -0.72526     1.0413 0.00220074 0.915811 0.0486901 1.15171
1  0.981348 -0.188144 0.0394805  -0.10397 -0.692174 -0.714203    0.1617  0.696777 -0.698824 -0.180253 -0.735559   1.02927 0.00204987 0.899384 0.0915761 1.37899
1   0.982976  -0.174347  0.0579839 -0.0926255  -0.742765  -0.663114    0.15868   0.646454  -0.746269  -0.178956  -0.660468    1.08094 0.00298745 0.864476 0.324096 2.03621
1    0.98791  -0.151384  0.0334028 -0.0854336  -0.711438  -0.697536    0.12936   0.686249  -0.715771  -0.139889   -0.71798    1.04789 0.00211554 0.917865 0.0609357 1.22508
1  0.981884 -0.184828 0.0417478 -0.101343 -0.698405 -0.708492  0.160106  0.691426 -0.704483 -0.178644 -0.727651   1.03549 0.00206944 0.901437 0.233266 2.98766
1   0.983062   -0.17321  0.0598961 -0.0905496  -0.743168   -0.66295   0.159342   0.646297  -0.746264  -0.180366  -0.660228     1.0809 0.00301572 0.86653 -0.00928497 1.78916
1  0.987854 -0.151809 0.0331371 -0.084554 -0.704108 -0.705041  0.130364  0.693676 -0.708392 -0.141521 -0.728562   1.03993 0.00213183 0.919918 0.0091242 1.10796
1  0.982046 -0.184676 0.0384873 -0.101483 -0.689174 -0.717454  0.159021  0.700667 -0.695542 -0.177228 -0.741398   1.02565 0.00197552 0.887064 0.129231 1.59308
1   0.988735    -0.1457  0.0342621 -0.0782486  -0.698316    -0.7115   0.127591   0.700804  -0.701851  -0.139133  -0.739055    1.03283 0.00208888 0.907598 0.0258742 0.976432
1   0.97971 -0.197522 0.0339513 -0.116878 -0.700692 -0.703826  0.162811  0.685577 -0.709561 -0.179203 -0.719702   1.04099 0.00209568 0.901437 0.242764 1.27955
1  0.988171  -0.14921 0.0354225 -0.081838 -0.708415 -0.701036  0.129695  0.689844 -0.712246 -0.141073 -0.723164   1.04403 0.00210436 0.915811 0.0966294 1.38693
1   0.988023  -0.149989  0.0362587 -0.0808494  -0.703312  -0.706269   0.131434   0.694878  -0.707015  -0.143572  -0.730633    1.03828 0.00207137 0.907598 0.0928701 1.28966
1   0.988246  -0.147435   0.040406 -0.0763618  -0.705066  -0.705018   0.132433   0.693646  -0.708037  -0.145894   -0.72857    1.03948 0.00231746 0.811088 0.407121 1.5666
1  0.988423 -0.147402 0.0359632 -0.079156 -0.703185 -0.706587  0.129441   0.69556 -0.706712 -0.141338 -0.731454   1.03804 0.00206856 0.909651 0.0847704 2.51186
1  0.981796  -0.18481 0.0438406 -0.102758 -0.710935  -0.69571  0.159742   0.67854 -0.716984  -0.17782 -0.708376   1.04917 0.00216075 0.921971 0.108838 1.24529
0  -0.977134  -0.205047 -0.0562574   0.114924  -0.731929   0.671619   -0.17889   0.649796   0.738758   0.204343  -0.667886   -1.07253 0.00286565 0.893224 0.209127 3.15711
0   0.990761  -0.134954  0.0134315 -0.0806471  -0.665885  -0.741683   0.109037   0.733747  -0.670617  -0.112708  -0.787385   0.998284 0.00220525 0.874743 0.1209 1.2687
1   0.987665  -0.153681  0.0300033 -0.0890452  -0.708872  -0.699694   0.128798   0.688392  -0.713812  -0.138643  -0.721326    1.04582 0.00214965 0.915811 0.134388 1.33815
1    0.98371  -0.172441  0.0507799 -0.0893164  -0.714008  -0.694417   0.156003    0.67857  -0.717778  -0.175563    -0.7081    1.04986 0.00233632 0.919918 0.099768 0.939799
0   0.990744  -0.134152  0.0207364 -0.0792349  -0.695547  -0.714098   0.110221   0.705845  -0.699739  -0.114419  -0.746395    1.03031 0.0020409 0.882957 0.207597 2.43322
1  0.982036 -0.183979 0.0419167 -0.100653 -0.698646 -0.708352  0.159607  0.691408 -0.704614 -0.178196  -0.72756    1.0356 0.0020639 0.901437 0.15517 1.21724
1   0.987247  -0.156273  0.0303724 -0.0878164  -0.693716  -0.714875   0.132785   0.703091  -0.698593   -0.14374  -0.743405     1.0291 0.00209165 0.895277 0.1214 0.97075
1  0.986177 -0.163179 0.0287775  -0.09459 -0.697009 -0.710796  0.136045  0.698248 -0.702809 -0.146879 -0.736268   1.03379 0.00214713 0.907598 0.282946 1.22192
1   0.987084  -0.158048  0.0261792 -0.0927936  -0.697273  -0.710774    0.13059   0.699164  -0.702933   -0.14025  -0.737502    1.03379 0.00209112 0.899384 0.0867272 1.1867
1   0.988039  -0.151017  0.0311948 -0.0846052  -0.700011  -0.709103   0.128923   0.697982  -0.704415  -0.139517  -0.735245    1.03551 0.00208983 0.907598 0.138712 1.79318
1  0.982632 -0.181201 0.0400061 -0.101299 -0.704433 -0.702504  0.155476  0.686251 -0.710554 -0.172447 -0.719505   1.04222 0.00218422 0.917865 0.0101466 0.891149
0   0.992167  -0.120893  0.0314712 -0.0652401  -0.716283  -0.694754   0.106533   0.687258  -0.718559  -0.112928  -0.718306    1.05084 0.0021954 0.909651 0.163255 1.44982
0   0.991152  -0.130846  0.0223135 -0.0758993  -0.696599  -0.713434   0.108893   0.705428  -0.700367  -0.113387  -0.745529    1.03093 0.00199027 0.882957 0.202208 1.58377
1   0.98136  -0.18726 0.0431972 -0.103969 -0.706373 -0.700162  0.161626   0.68262 -0.712676 -0.179937 -0.714237   1.04454 0.00217214 0.921971 0.0706396 2.12607
1  0.980621  -0.19113 0.0430277 -0.106789 -0.705598  -0.70052  0.164251   0.68235 -0.712335 -0.183145 -0.714437   1.04412 0.00210089 0.915811 0.222134 1.46125
0   0.991452  -0.128341  0.0234724 -0.0733036  -0.696779   -0.71353    0.10793   0.705711  -0.700231  -0.112702  -0.745787     1.0309 0.00210854 0.893224 0.271049 2.49296
0   0.989769   -0.13865   0.033665 -0.0809895  -0.740217  -0.667472   0.117465   0.657917  -0.743873  -0.123834  -0.675451    1.07857 0.00294551 0.854209 -0.141552 2.46023
1   0.986854  -0.158259  0.0327614 -0.0883039  -0.697787  -0.710841   0.135358   0.698604  -0.702589  -0.147438  -0.736711    1.03344 0.00217322 0.905544 0.172763 2.44621
1  0.981047  -0.18738 0.0493516 -0.102055 -0.716163 -0.690431  0.164717  0.672309 -0.721713 -0.184512 -0.699562   1.05418 0.00216138 0.921971 0.0633317 0.89063
1  0.981539 -0.186647 0.0417677 -0.103018 -0.699913  -0.70676  0.161148  0.689409  -0.70622 -0.179769 -0.724913   1.03731 0.0020512 0.899384 0.0786515 1.31429
1  0.988271 -0.148532 0.0354697  -0.08041 -0.703612  -0.70602  0.129824  0.694887 -0.707303  -0.14153 -0.730459   1.03865 0.00210381 0.913758 -0.0135669 1.30192
1   0.989967  -0.139584  0.0219396 -0.0836963  -0.704386  -0.704865   0.113842   0.695957  -0.709002  -0.118359  -0.731748    1.04046 0.00210413 0.901437 0.208167 1.99344
1   0.988469  -0.146917  0.0366558 -0.0804651  -0.714722  -0.694765   0.128271   0.683804  -0.718302  -0.139495   -0.71421    1.05072 0.00211879 0.919918 0.234045 3.0267
1   0.982639  -0.180977  0.0408321 -0.0976828  -0.691803  -0.715448   0.157727   0.699039  -0.697472  -0.175777  -0.738666     1.0278 0.00211424 0.895277 0.103342 1.30233
1  0.982159 -0.184362 0.0370718 -0.104596 -0.699393 -0.707043  0.156279  0.690551 -0.706199  -0.17293 -0.726293   1.03738 0.00196302 0.895277 0.0768331 0.979995
1   0.987201   -0.15636  0.0314059 -0.0867495  -0.691709  -0.716947   0.133825   0.705046   -0.69642  -0.145636  -0.745937    1.02669 0.00210483 0.899384 0.231245 1.45295
1   0.987974  -0.151836  0.0292231 -0.0865177   -0.69949  -0.709386   0.128151   0.698326  -0.704214  -0.138132   -0.73562    1.03541 0.0021361 0.913758 -0.0113028 1.63511
1   0.988311   -0.14789  0.0370224 -0.0794506  -0.706897   -0.70284   0.130114   0.691683  -0.710384  -0.142115  -0.725812    1.04201 0.00210077 0.913758 0.178656 1.71946
1   0.986424  -0.161568  0.0293683 -0.0938568  -0.701449  -0.706513    0.13475   0.694165  -0.707091  -0.145276  -0.730256    1.03844 0.00214868 0.909651 0.121709 1.22206
1    0.98835  -0.147875  0.0360101 -0.0803188  -0.707745  -0.701887   0.129278   0.690818  -0.711378  -0.140853  -0.724634    1.04312 0.00211427 0.913758 0.0490027 1.5614
1   0.987724  -0.152784  0.0325492 -0.0864973  -0.708421  -0.700469   0.130079   0.689055   -0.71294   -0.14068  -0.722155    1.04481 0.0021038 0.915811 0.201425 1.36044
1  0.981398 -0.187128 0.0429179  -0.10351 -0.704008 -0.702608  0.161692  0.685096 -0.710281 -0.180256 -0.718441   1.04184 0.00214311 0.911704 0.179382 1.51028
