1   0.987019  -0.156686  0.0352451 -0.0871907  -0.707092  -0.701725   0.134872   0.689543  -0.711575  -0.146767  -0.723473    1.04325 0.00219675 0.909651 -0.00873748 1.28027
1   0.982366  -0.181223  0.0459932 -0.0990029  -0.712871  -0.694272   0.158605   0.677475  -0.718242    -0.1773  -0.706758    1.05056 0.00219498 0.924025 0.165671 1.66306
1   0.988389  -0.147072  0.0381808 -0.0803065  -0.718932  -0.690425   0.128992   0.679342  -0.722395  -0.140474  -0.707968    1.05506 0.00216566 0.917865 0.103883 1.97423
0  -0.973638  -0.220572 -0.0581093   0.121075  -0.715663   0.687872  -0.193312   0.662703   0.723502   0.223118  -0.687802    -1.0559 0.00282977 0.870637 0.271851 4.06898
1  0.967467 -0.242692  0.071471  -0.13265 -0.727149 -0.673542  0.215434  0.642149 -0.735686 -0.248192 -0.659242   1.06879 0.00255384 0.823409 0.314962 4.03326
1   0.987706  -0.152399  0.0348106 -0.0825548  -0.697609  -0.711707   0.132748   0.700083  -0.701613  -0.144865  -0.738248    1.03246 0.00211839 0.909651 -0.032475 1.40414
1  0.981618  -0.18631 0.0414099 -0.102539 -0.697813 -0.708903  0.160972  0.691625  -0.70409 -0.179514  -0.72799   1.03503 0.00202927 0.899384 0.161774 1.41863
1   0.988381  -0.147448  0.0368945 -0.0794721  -0.708245  -0.701479   0.129562   0.690397  -0.711734   -0.14142   -0.72397    1.04351 0.00213494 0.915811 0.149197 1.23272
1   0.987591  -0.153826  0.0316503 -0.0867377  -0.702262  -0.706615   0.130922   0.695101   -0.70689   -0.14172  -0.730977    1.03822 0.00210741 0.913758 0.124215 2.1244
1     0.9877  -0.152544   0.034329 -0.0848434  -0.707287  -0.701817   0.131339   0.690272   -0.71153  -0.142764  -0.723905    1.04325 0.00214387 0.804928 0.458554 2.32613
1   0.986402  -0.161712  0.0293186 -0.0926797  -0.694652   -0.71335   0.135724   0.700933  -0.700194   -0.14678  -0.740339    1.03083 0.00210451 0.899384 -0.014954 2.23304
0  0.984814 -0.163953 0.0570968 -0.088707 -0.757911 -0.646299  0.149237   0.63142 -0.760945 -0.167364 -0.638265   1.09664 0.00329549 0.874743 0.0838854 1.81069
1  0.981535 -0.186289 0.0434337 -0.103323  -0.70742   -0.6992  0.160979  0.681802 -0.713605 -0.179446 -0.713204    1.0455 0.0021662 0.921971 0.0711056 1.81702
1   0.988096  -0.149611  0.0358068 -0.0817784  -0.707987  -0.701475   0.130299   0.690197  -0.711794  -0.141938  -0.723653    1.04357 0.0020892 0.915811 0.146586 1.55643
1  0.982404 -0.178767 0.0540749 -0.094009 -0.723494 -0.683899  0.161381  0.666782  -0.72757 -0.182047 -0.691312   1.06033 0.00221272 0.813142 0.546329 3.24271
1  0.981321 -0.187656  0.042362 -0.103765 -0.701738 -0.704838  0.161994  0.687277 -0.708102 -0.180669 -0.721621   1.03943 0.00214551 0.911704 0.212508 2.49884
1   0.982769  -0.180263  0.0408567 -0.0991328  -0.700614  -0.706621   0.156003   0.690395  -0.706412  -0.173741  -0.726004     1.0377 0.00215138 0.903491 0.0835898 1.30127
1   0.989071  -0.143085  0.0355812 -0.0769778  -0.706942   -0.70307   0.125753   0.692647   -0.71023  -0.137041  -0.726989    1.04177 0.00205501 0.909651 0.0845239 0.994348
1  0.987907 -0.150593 0.0368917 -0.081634 -0.707497 -0.701985  0.131815  0.690485 -0.711235 -0.143941 -0.724067   1.04301 0.00215157 0.919918 0.195487 1.44218
1   0.988466  -0.148142  0.0314447 -0.0822829  -0.699672   -0.70971   0.127138   0.698937  -0.703792  -0.137833  -0.736356    1.03487 0.00210173 0.911704 0.148625 1.53475
1  0.981443 -0.186816 0.0432408 -0.101567 -0.697724  -0.70913  0.162647  0.691578 -0.703751  -0.18187 -0.727893   1.03462 0.00205477 0.901437 0.124954 2.30137
0  -0.973726  -0.217242 -0.0682943   0.120063   -0.74458   0.656647  -0.193502   0.631195   0.751099   0.223509  -0.641828   -1.08566 0.00292851 0.901437 0.00367234 4.27732
1    0.98179  -0.182922  0.0512674 -0.0978097  -0.718089  -0.689044   0.162856   0.671482  -0.722904   -0.18285  -0.698299    1.05544 0.00221323 0.813142 0.493263 3.19379
0   0.993792  -0.108576  0.0242619 -0.0588668  -0.698232  -0.713447  0.0944034    0.70759  -0.700289 -0.0973398  -0.747446    1.03093 0.00236626 0.905544 0.0501589 1.39856
1   0.986842  -0.159103  0.0287809 -0.0912263   -0.69487  -0.713325   0.133491   0.701314  -0.700242  -0.144102  -0.740697    1.03098 0.00213204 0.903491 0.0138072 1.22519
1  0.981928 -0.184014  0.044231 -0.101141 -0.707764 -0.699172  0.159962  0.682063 -0.713584 -0.178529 -0.713705   1.04549 0.00213826 0.915811 0.0267735 1.91403
1   0.986894  -0.158943  0.0278821 -0.0933337  -0.703168  -0.704872    0.13164   0.693031  -0.708787  -0.141276  -0.728394    1.04029 0.0021 0.907598 0.127445 1.40831
0   0.992666  -0.119592  0.0176849 -0.0709237  -0.694564  -0.715926  0.0979026   0.709421  -0.697952 -0.0997907  -0.751253    1.02811 0.0022393 0.882957 0.243661 2.76108
1  0.981611 -0.186727 0.0396582 -0.103518 -0.695251 -0.711274  0.160387  0.694089 -0.701795 -0.178622 -0.731545   1.03254 0.00202447 0.899384 0.00314701 1.49217
1  0.981196 -0.188887 0.0397098  -0.10639 -0.700922 -0.705259  0.161048  0.687772 -0.707837 -0.179005 -0.722444   1.03919 0.00212185 0.909651 0.162179 1.46142
1  0.981418  -0.18668 0.0443784 -0.103041 -0.707835 -0.698822  0.161869  0.681264 -0.713918 -0.180654 -0.712743   1.04578 0.00201569 0.802875 0.566274 2.22889
0   0.991363  -0.128246  0.0274385 -0.0711723  -0.701818  -0.708791   0.110157   0.700717  -0.704884  -0.116234  -0.738337    1.03595 0.0020073 0.893224 0.15011 1.18637
1   0.988115  -0.149437  0.0360155 -0.0811243  -0.705982  -0.703569   0.130565   0.692285  -0.709714  -0.142419  -0.726692    1.04132 0.00210727 0.915811 0.185795 1.33124
1   0.985364  -0.168435  0.0262228 -0.0979217  -0.685215  -0.721728   0.139533   0.708597   -0.69168  -0.150811  -0.752343    1.02142 0.0019063 0.874743 0.281243 2.56825
1   0.988006  -0.149874  0.0371796 -0.0815486  -0.710884  -0.698565   0.131127   0.687155   -0.71458  -0.143053  -0.719237    1.04662 0.00214313 0.919918 0.0757851 1.61184
1   0.988082  -0.150193  0.0336997 -0.0835671  -0.707274  -0.701983   0.129268     0.6908  -0.711396  -0.140295  -0.724487    1.04324 0.00213029 0.919918 0.0686223 1.16169
1   0.987875  -0.151247  0.0350218 -0.0830563  -0.705465  -0.703861   0.131164   0.692419  -0.709473  -0.142788  -0.726928    1.04109 0.00209415 0.915811 0.152428 2.26587
1    0.98826  -0.148338  0.0365911 -0.0798501  -0.705651  -0.704046   0.130257   0.692859  -0.709211   -0.14221  -0.727486    1.04077 0.0021157 0.915811 0.0549368 1.4041
1   0.987279  -0.157055  0.0247727 -0.0944075  -0.704423  -0.703474   0.127935   0.692186  -0.710289  -0.136169  -0.727121     1.0419 0.00215861 0.907598 0.143748 1.09282
0   0.982309  -0.175987   0.064019 -0.0935232  -0.757185   -0.64647   0.162245   0.629046  -0.760249  -0.183639  -0.635657    1.09576 0.00325213 0.87269 0.180619 1.38432
1   0.988104  -0.149476  0.0361521 -0.0811765  -0.706621   -0.70292   0.130616   0.691624   -0.71035  -0.142462  -0.725731    1.04201 0.00210279 0.915811 0.136912 1.40607
1   0.988069  -0.149553  0.0367969 -0.0802766  -0.703995  -0.705653   0.131437    0.69428  -0.707601  -0.143694   -0.72978    1.03903 0.0021031 0.909651 0.103329 1.3324
1   0.985552  -0.166082  0.0332187 -0.0942236  -0.700605  -0.707301   0.140743   0.693952  -0.706132  -0.152858  -0.730082    1.03739 0.0021602 0.909651 0.0327469 1.46663
1   0.986546  -0.160369  0.0317505 -0.0905959  -0.697965  -0.710379   0.136084   0.697945  -0.703103  -0.147603  -0.735938    1.03394 0.00210533 0.899384 0.139054 2.28572
1   0.98155  -0.18655 0.0419311  -0.10284 -0.699954 -0.706745  0.161193  0.689393 -0.706225 -0.179764 -0.724684   1.03743 0.00214109 0.909651 0.0345784 1.25099
1  0.981744 -0.185637 0.0414521 -0.101255 -0.694541 -0.712292  0.161018  0.695091 -0.700658 -0.179796 -0.733059   1.03133 0.00203954 0.897331 0.174354 1.52752
1   0.982378  -0.182479  0.0404236 -0.0992249  -0.692478  -0.714583   0.158389    0.69798  -0.698382  -0.176688  -0.737109    1.02862 0.00194346 0.887064 0.066256 1.87774
1  0.969584 -0.235046 0.0682663 -0.128392 -0.725885 -0.675727   0.20838  0.646409 -0.733984 -0.239627 -0.665115   1.06708 0.00257424 0.821355 0.423972 2.4294
0   0.982534  -0.175944  0.0605837 -0.0929625  -0.746145  -0.659262   0.161197   0.642115  -0.749469   -0.18231  -0.654296    1.08423 0.00299647 0.86653 0.187174 2.05072
0   0.982744  -0.173902  0.0630205 -0.0903926  -0.748777   -0.65663   0.161378   0.639603  -0.751575   -0.18306  -0.650674    1.08648 0.00304893 0.86653 0.252291 1.95371
1  0.974617 -0.215982 0.0589369 -0.115088 -0.709149 -0.695602  0.192033  0.671163 -0.716006 -0.219166 -0.699744   1.04778 0.0024587 0.813142 0.372217 1.75302
1    0.98267  -0.181646  0.0369335 -0.0994914  -0.684978  -0.721739     0.1564   0.705557  -0.691179  -0.173805  -0.748452    1.02088 0.00201767 0.882957 0.103604 0.999003
1   0.988131  -0.149679  0.0345569 -0.0822103  -0.705292  -0.704134   0.129767   0.692935  -0.709226  -0.141145  -0.727754    1.04076 0.00211391 0.913758 0.00699747 1.28519
1   0.987745  -0.152852  0.0315636 -0.0867791   -0.70593  -0.702945   0.129728   0.691591  -0.710543  -0.140252  -0.725891    1.04222 0.00209633 0.913758 0.0730498 1.36142
1  0.980813 -0.189494 0.0457988 -0.104467 -0.709222 -0.697202  0.164597   0.67904  -0.71541 -0.183979 -0.709421   1.04741 0.00204345 0.809035 0.568281 1.58224
1    0.9813 -0.188886 0.0370528 -0.106549 -0.693348 -0.712682  0.160306  0.695407 -0.700508 -0.177856 -0.733938   1.03107 0.00197566 0.889117 0.273643 2.68451
1   0.96811 -0.241027 0.0683364 -0.131503 -0.721068  -0.68027  0.213239   0.64959 -0.729769 -0.245721 -0.669935   1.06248 0.00248266 0.819302 0.584907 3.55987
1   0.986583   -0.16081  0.0281939 -0.0914125  -0.687183   -0.72071   0.135271   0.708463  -0.692663  -0.146562  -0.751696    1.02259 0.0020445 0.88501 0.170385 1.29076
1   0.987653  -0.154625  0.0251558 -0.0906787  -0.695211  -0.713064   0.127746   0.701978  -0.700648  -0.136783  -0.741517    1.03151 0.00214447 0.901437 0.0469513 1.54549
1  0.981586 -0.186871 0.0395957  -0.10398 -0.696596 -0.709888   0.16024  0.692699   -0.7032 -0.178311  -0.72949   1.03411 0.00206812 0.903491 0.143112 2.87269
1  0.980983 -0.191364  0.032436 -0.114522 -0.705601 -0.699294  0.156707  0.682281 -0.714098 -0.171365  -0.71435    1.0461 0.00221707 0.909651 0.100523 1.23824
1  0.981604 -0.185474 0.0453126 -0.101929 -0.709743 -0.697048  0.161444  0.679606 -0.715592 -0.180135 -0.709692   1.04797 0.00227455 0.815195 0.480424 4.84329
0   0.995145 -0.0973392  0.0145533 -0.0583766  -0.702811  -0.708977  0.0792395   0.704685  -0.705082 -0.0771619  -0.742911     1.0361 0.00232195 0.897331 0.147041 2.94297
0   0.996445 -0.0767185  0.0348183 -0.0313489  -0.721226   -0.69199  0.0782003   0.688439  -0.721067 -0.0813392  -0.718399    1.05366 0.00286978 0.806982 0.305321 1.71755
1  0.981393 -0.186516 0.0456091 -0.104341 -0.717436 -0.688766  0.161187  0.671191 -0.723548 -0.179544 -0.697963   1.05629 0.00216376 0.921971 0.323416 2.4825
1  0.981363 -0.189424 0.0323348 -0.107924 -0.682523 -0.722852  0.158995  0.705891 -0.690246 -0.175614 -0.749269   1.01976 0.00200853 0.882957 0.476746 2.33229
1  0.981216 -0.188596 0.0405774  -0.10452 -0.696526 -0.709878  0.162143  0.692303 -0.703155  -0.18068 -0.729144   1.03406 0.00203488 0.899384 0.0785618 1.68573
1   0.987986  -0.150789  0.0338604 -0.0827531  -0.701222  -0.708124   0.130521   0.696814  -0.705276  -0.142113  -0.733402    1.03639 0.0020832 0.909651 -0.00700167 1.93253
1   0.987896  -0.150915  0.0358681 -0.0823464  -0.706181  -0.703226   0.131456   0.691761  -0.710061  -0.143263  -0.726013    1.04168 0.00211394 0.915811 0.130854 2.51028
1   0.981496  -0.185215  0.0485981 -0.0996038  -0.710584  -0.696527    0.16354   0.678798  -0.715883  -0.183476  -0.708988    1.04782 0.0021107 0.809035 0.506526 3.445
1  0.989021 -0.143687 0.0345126 -0.079121  -0.71215 -0.697554  0.124808  0.687165   -0.7157 -0.135111  -0.71895   1.04774 0.0022499 0.809035 0.451578 2.20123
1   0.987897  -0.151327  0.0340545 -0.0832443  -0.702497  -0.706802   0.130881   0.695412  -0.706592  -0.142424  -0.731289    1.03794 0.00208498 0.913758 0.218147 2.44088
1   0.985817  -0.165091  0.0301726 -0.0924828   -0.68442  -0.723198   0.140045    0.71015  -0.689981  -0.152563   -0.75435    1.01957 0.00194825 0.87885 0.195147 1.11101
1   0.987749  -0.151993  0.0353453 -0.0843575  -0.710638  -0.698483   0.131282   0.686944  -0.714754  -0.142681  -0.719074     1.0468 0.00215588 0.919918 0.235259 1.50303
1   0.988101   -0.15024  0.0329186 -0.0830041  -0.701083  -0.708233   0.129483   0.697073  -0.705211  -0.140669   -0.73374    1.03637 0.00209369 0.911704 0.081286 1.35087
1   0.986233  -0.161848  0.0338995 -0.0903433  -0.699083   -0.70931   0.138499   0.696483  -0.704081  -0.150621  -0.733314    1.03494 0.00215127 0.907598 0.181072 1.27822
1   0.988707  -0.146104  0.0333524 -0.0810381  -0.708441  -0.701102   0.126062   0.690482   -0.71228  -0.136807   -0.72382    1.04425 0.00214121 0.919918 0.178284 1.69385
1  0.982243 -0.182435 0.0437673 -0.100804 -0.709952 -0.696998  0.158229   0.68021 -0.715736 -0.175887  -0.71101   1.04792 0.00229336 0.921971 -0.0299652 1.24122
0   0.992788    -0.1171  0.0256837 -0.0635789  -0.695916  -0.715303   0.101636   0.708511  -0.698342  -0.106836  -0.749481    1.02887 0.00216779 0.893224 0.184095 1.39094
1  0.981991 -0.184808 0.0392398 -0.104522 -0.704444 -0.702021  0.157381  0.685277 -0.711074 -0.174337  -0.71855   1.04286 0.00222789 0.915811 -0.016577 1.02385
1   0.982375  -0.181768  0.0435784 -0.0970167   -0.69511  -0.712327    0.15977   0.695545  -0.700493   -0.17902   -0.73334    1.03113 0.00222915 0.806982 0.499269 2.52831
1    0.98736  -0.154879  0.0336514 -0.0857993  -0.700838  -0.708142    0.13326   0.696304  -0.705268  -0.145006  -0.732975    1.03642 0.00212255 0.909651 0.0624609 1.1305
1   0.988803  -0.145229  0.0343012 -0.0785942  -0.702239   -0.70759    0.12685   0.696971  -0.705791  -0.138061  -0.733531    1.03705 0.00210721 0.909651 0.198101 1.53279
1  0.988997 -0.143158 0.0372813 -0.077107 -0.713929 -0.695959  0.126248  0.685427 -0.717113 -0.137564 -0.716545   1.04919 0.00208593 0.911704 0.0529874 1.01197
1   0.988169   -0.15033  0.0303952 -0.0847852  -0.700578  -0.708521   0.127806   0.697561  -0.705035   -0.13791  -0.734375    1.03623 0.00208296 0.911704 0.110878 1.35356
1   0.982065  -0.182925  0.0456762 -0.0991451  -0.707099  -0.700129   0.160369   0.683044  -0.712554  -0.179204  -0.715005    1.04433 0.00221988 0.919918 0.0763915 3.13449
1   0.988624  -0.145474  0.0382189 -0.0787673  -0.717202    -0.6924   0.128137   0.681513  -0.720501  -0.139655  -0.710978    1.05308 0.0021702 0.919918 0.140348 0.991106
1  0.981743 -0.185599 0.0416385 -0.102767 -0.701751 -0.704972  0.160062  0.687822 -0.708012 -0.178284 -0.722449   1.03926 0.00209761 0.800821 0.573889 5.4025
1   0.986908  -0.157657  0.0340243 -0.0885545  -0.705982  -0.702671   0.134802   0.690459    -0.7107  -0.146341  -0.724578    1.04237 0.00214919 0.913758 0.157826 1.32095
1  0.981659  -0.18629 0.0405284 -0.102373 -0.694411 -0.712259   0.16083  0.695046 -0.700746 -0.179356 -0.732987    1.0314 0.00202426 0.897331 0.192499 1.24191
1   0.988663  -0.146747  0.0317851 -0.0814101  -0.701769  -0.707737   0.126164   0.697126   -0.70576  -0.136542   -0.73391    1.03705 0.00210862 0.907598 0.14332 2.29316
1   0.988186  -0.149497  0.0337472 -0.0829189  -0.706711  -0.702626    0.12889   0.691527  -0.710759  -0.139792  -0.725573    1.04242 0.00209891 0.915811 0.144513 1.61814
0   0.991156  -0.130933  0.0215984 -0.0766923  -0.698005  -0.711974   0.108296   0.704021  -0.701873  -0.112807   -0.74295    1.03274 0.00213604 0.905544 0.380637 2.3379
1  0.981953 -0.184533 0.0414101 -0.101057 -0.697051 -0.709865  0.159859  0.692869  -0.70312 -0.178589 -0.730017   1.03409 0.0021602 0.901437 0.178441 1.27655
1   0.990812  -0.132856  0.0253267 -0.0764144  -0.704407  -0.705671   0.111593   0.697252  -0.708087  -0.117121  -0.733444    1.03955 0.00211968 0.903491 0.201464 1.28199
1   0.980475  -0.188188  0.0570369 -0.0981415  -0.719653  -0.687363   0.170401   0.668345  -0.724071  -0.192496   -0.69384    1.05657 0.00232722 0.926078 0.436081 2.90591
1   0.988275  -0.149265  0.0321397 -0.0826059  -0.699725  -0.709621    0.12841   0.698645  -0.703851  -0.139351  -0.736156    1.03485 0.00210416 0.907598 0.21414 1.65216
1     0.982 -0.183823 0.0434087 -0.100301 -0.702256 -0.704824  0.160047  0.687783 -0.708053 -0.178748  -0.72216   1.03943 0.00219729 0.913758 0.179597 3.20571
1   0.98195  -0.18494 0.0396376 -0.102527 -0.696572 -0.710124   0.15894  0.693243  -0.70296 -0.176915 -0.730371   1.03381 0.00200644 0.895277 0.0354235 1.5255
1  0.981461  -0.18717 0.0412424  -0.10315 -0.697203 -0.709414  0.161536  0.692008 -0.703585 -0.180108 -0.728629   1.03448 0.00204276 0.899384 0.19137 1.49577
1  0.982124 -0.183592   0.04156 -0.103576 -0.711426 -0.695086  0.157179  0.678356 -0.717724 -0.174394 -0.708479   1.04993 0.00217977 0.913758 0.0274224 1.50006
1  0.980508 -0.192133 0.0410882 -0.107379 -0.699151 -0.706864  0.164539  0.688674 -0.706155 -0.183303 -0.723836   1.03735 0.00216165 0.913758 0.266991 1.75778
0  -0.967313  -0.245011 -0.0653821   0.131883  -0.706287   0.695533  -0.216592   0.664175   0.715513   0.252483  -0.691601   -1.04706 0.00306205 0.864476 -0.0235011 2.40804
1   0.989147  -0.142956  0.0339412 -0.0763676  -0.697556  -0.712449   0.125525   0.702125  -0.700903  -0.136539  -0.741005    1.03168 0.00211783 0.905544 0.0275036 1.37131
1  0.975963  -0.21358 0.0433645 -0.113904 -0.669522 -0.734007  0.185802  0.711424 -0.677756 -0.211084 -0.759003   1.00598 0.00250662 0.782341 0.295714 1.84758
1   0.989386  -0.142126   0.030252 -0.0776193  -0.692913  -0.716831   0.122842   0.706874   -0.69659  -0.132867   -0.74788    1.02692 0.00208357 0.901437 0.0992485 1.83267
1  0.981428 -0.187036 0.0426293 -0.103907 -0.705104  -0.70145  0.161254  0.683992 -0.711443 -0.179673 -0.716928   1.04312 0.00216091 0.911704 0.109832 1.54994
1  0.986856 -0.159049 0.0286096 -0.091484 -0.695779 -0.712406  0.133214  0.700425 -0.701184 -0.143623 -0.739316    1.0319 0.00205094 0.899384 0.172346 1.37592
0   0.994348  -0.104925  0.0162318 -0.0620375   -0.69824  -0.713171  0.0861632   0.708132  -0.700803 -0.0854142  -0.748192    1.03144 0.00242932 0.905544 0.368155 2.44933
1  0.981886 -0.185106  0.040449 -0.104402 -0.706704 -0.699764  0.158116  0.682866 -0.713228 -0.175175 -0.714963   1.04526 0.00224014 0.917865 0.12904 1.12065
1  0.988261 -0.148768  0.034768 -0.080822 -0.702212 -0.707366  0.129648  0.696252 -0.705992 -0.141251 -0.732492   1.03728 0.00211854 0.913758 0.177094 2.75582
1   0.990663  -0.130708  0.0387691 -0.0655797  -0.706157  -0.705012   0.119527   0.695886  -0.708135  -0.130818  -0.731512    1.03946 0.00247469 0.800821 0.492182 3.33637
1   0.986369  -0.161078  0.0336139 -0.0903928  -0.701124  -0.707287   0.137496   0.694607  -0.706127  -0.149545  -0.731027    1.03737 0.00215323 0.905544 0.0611222 1.34961
1   0.98942 -0.141684 0.0311965 -0.079689  -0.71045 -0.699221  0.121232  0.689337 -0.714225 -0.129263 -0.722167   1.04626 0.00226053 0.915811 0.0153788 0.980667
1   0.987167  -0.157184  0.0281743 -0.0883375  -0.684497  -0.723644    0.13303   0.711868  -0.689599   -0.14423  -0.756263    1.01923 0.00213162 0.893224 0.177506 1.74149
1  0.981972 -0.185144 0.0381103 -0.107297 -0.711938 -0.693996  0.155621  0.677396 -0.718969 -0.171904 -0.706745   1.05135 0.00214399 0.917865 0.0821805 1.56877
1    0.98797  -0.150723  0.0346023 -0.0828422  -0.704775  -0.704577   0.130583   0.693235  -0.708783  -0.142083  -0.728289    1.04027 0.00210745 0.911704 0.205263 1.42122
1   0.982504  -0.179846  0.0483768 -0.0968916  -0.715442  -0.691921    0.15905   0.675129   -0.72035  -0.177862  -0.703728    1.05283 0.00235535 0.919918 0.073838 1.28754
