1  0.981781 -0.186453 0.0366171 -0.105782 -0.696404 -0.709811  0.157846  0.693006 -0.703439 -0.174785 -0.730021   1.03437 0.00198895 0.895277 0.16983 1.40727
1   0.990001  -0.139417  0.0214822 -0.0838708  -0.704201   -0.70503   0.113421   0.696178  -0.708852  -0.117753   -0.73206    1.04037 0.0020991 0.901437 0.177933 2.7088
1   0.987748  -0.153946  0.0255908 -0.0914991   -0.70413  -0.704151    0.12642   0.693182  -0.709589  -0.135136  -0.728695    1.04107 0.00215773 0.901437 0.0985903 1.01748
1   0.98689 -0.159167 0.0267134 -0.093016 -0.696196   -0.7118  0.131893  0.699984 -0.701874 -0.141953 -0.739655   1.03278 0.00225572 0.887064 0.109125 1.08602
1   0.98191 -0.184715 0.0416272 -0.101763 -0.700205 -0.706652  0.159677  0.689633 -0.706335  -0.17801 -0.725067   1.03742 0.00201899 0.897331 0.083948 1.15573
0   0.991018  -0.130968  0.0270371 -0.0744447   -0.70824  -0.702036   0.111093   0.693717  -0.711628  -0.116811  -0.728299     1.0434 0.00213686 0.903491 0.108888 1.29578
1   0.988129  -0.149343  0.0360346 -0.0816217  -0.709053  -0.700416   0.130152    0.68916  -0.712825  -0.141783  -0.722109    1.04471 0.0021082 0.917865 0.0458804 1.57089
1  0.981868 -0.186228 0.0354027 -0.105415 -0.691623 -0.714524   0.15755  0.697837 -0.698714 -0.174622  -0.73689   1.02925 0.00201454 0.897331 0.176263 1.61092
1   0.988164  -0.149408  0.0347668 -0.0821384   -0.70676  -0.702669   0.129556   0.691496  -0.710667  -0.140931  -0.725524    1.04234 0.00209176 0.915811 0.169362 2.84094
1   0.987984  -0.150903  0.0334019 -0.0845576  -0.708658  -0.700467   0.129373   0.689226  -0.712903  -0.140273  -0.722277     1.0448 0.00214133 0.919918 0.0400182 1.50894
1  0.980917 -0.190036 0.0410937 -0.106677 -0.702745 -0.703398  0.162549  0.685591 -0.709607 -0.180763 -0.719321   1.04113 0.00214827 0.911704 0.0461909 1.40351
1  0.981709 -0.186161 0.0398949  -0.10336 -0.697107 -0.709477  0.159888  0.692377 -0.703598 -0.177993 -0.729078   1.03451 0.00203154 0.899384 0.120364 2.93603
0  -0.973658  -0.222981 -0.0476422   0.135387  -0.733487   0.666083  -0.183469   0.642087   0.744355   0.205237  -0.656939   -1.07896 0.0039086 0.86037 0.202303 3.21382
1   0.988922  -0.144095  0.0356451 -0.0777834  -0.707568  -0.702351   0.126427   0.691798  -0.710938  -0.137755  -0.725927    1.04251 0.00209473 0.909651 0.0652577 1.41942
1  0.980987 -0.188327 0.0468688 -0.108964 -0.734331 -0.669989  0.160594  0.652143  -0.74089 -0.178137 -0.670216   1.07513 0.0025547 0.833676 0.39137 4.65958
1  0.981487 -0.186755 0.0424958 -0.102639 -0.700187 -0.706543  0.161706  0.689101 -0.706393 -0.180441 -0.724366   1.03756 0.0020534 0.901437 0.116745 2.2216
1  0.981983 -0.182643 0.0484787  -0.10009 -0.720319 -0.686384  0.160284  0.669165 -0.725622 -0.179526 -0.694409    1.0586 0.00220116 0.930185 0.169351 1.50387
0  0.991274  -0.12903  0.026955 -0.072104 -0.701959 -0.708558  0.110347  0.700432 -0.705138 -0.116296  -0.73796   1.03629 0.00206246 0.897331 0.196915 1.49367
1  0.982845 -0.178243 0.0473885 -0.098685 -0.725297 -0.681327  0.155812  0.664962 -0.730444 -0.173231 -0.688441   1.06373 0.0022073 0.809035 0.368863 2.80603
1   0.987791  -0.152721  0.0307444 -0.0862564   -0.70051   -0.70841   0.129726   0.697109  -0.705131  -0.140263   -0.73388    1.03633 0.00209379 0.911704 0.0955596 1.86786
1  0.981939 -0.185297 0.0382316 -0.102385  -0.69034 -0.716204  0.159103  0.699354 -0.696843 -0.177152 -0.739375   1.02702 0.00193296 0.887064 0.194768 1.84944
1    0.98801  -0.150778   0.033195 -0.0841419  -0.706144  -0.703051   0.129445   0.691829  -0.710364  -0.140238  -0.726055    1.04206 0.00209532 0.915811 0.238349 1.79187
0   0.991075  -0.131581  0.0213511 -0.0800515  -0.715557  -0.693952   0.106589    0.68605  -0.719704  -0.109644  -0.716831    1.05214 0.0022166 0.909651 0.105634 1.0214
1   0.982845  -0.179187  0.0436797 -0.0977365  -0.706863  -0.700566   0.156408   0.684279  -0.712249  -0.174513  -0.716973    1.04396 0.00217079 0.907598 0.203901 1.43698
0    0.98268  -0.175115  0.0606149 -0.0928415  -0.748336   -0.65679   0.160374   0.639787  -0.751633  -0.181227  -0.650927    1.08658 0.00306086 0.868583 0.111892 2.11299
0 -0.972776 -0.224296 -0.058298  0.126665 -0.725243  0.676741 -0.194071  0.650932   0.73391  0.222987 -0.670971  -1.06713 0.00303361 0.88501 -0.0364843 1.69648
1   0.987825  -0.151891  0.0336411 -0.0851766  -0.708996  -0.700049   0.130182   0.688661  -0.713301  -0.141086   -0.72159    1.04521 0.00210813 0.915811 0.0962688 1.75299
1   0.982646  -0.176882  0.0558578 -0.0958758  -0.742117  -0.663378   0.158792    0.64651  -0.746197   -0.17829  -0.660736    1.08085 0.00289014 0.858316 -0.0965011 1.48237
1   0.98084 -0.189218 0.0463635 -0.104525 -0.711967  -0.69439    0.1644   0.67624 -0.718103 -0.183491 -0.705251   1.05041 0.00215327 0.921971 0.17247 1.43607
1  0.981389 -0.187734 0.0403946 -0.105371 -0.702315 -0.704024  0.160539  0.686665 -0.709026 -0.178721 -0.720593   1.04043 0.00212719 0.913758 0.0811265 1.37173
1   0.988134  -0.150322  0.0315379 -0.0857788  -0.710418  -0.698532    0.12741   0.687538  -0.714883   -0.13731  -0.719901    1.04698 0.00214685 0.917865 0.147918 1.41241
1   0.982505   -0.18001   0.047763 -0.0979062  -0.717395  -0.689753   0.158427   0.673009  -0.722467  -0.176729  -0.700314    1.05506 0.002236 0.921971 0.26892 3.29283
1  0.981737 -0.185721 0.0412213 -0.102966 -0.700932 -0.705756  0.159967  0.688623 -0.707254 -0.178123 -0.723745   1.03849 0.00203549 0.897331 0.15694 2.50957
1   0.988307  -0.148137  0.0361172 -0.0805401  -0.708311  -0.701291   0.129469   0.690182  -0.711959  -0.141119   -0.72364    1.04374 0.00211384 0.915811 0.179376 1.55475
1  0.981476 -0.187023 0.0415585 -0.102882 -0.697497 -0.709164  0.161617  0.691752 -0.703818  -0.18027 -0.728235   1.03475 0.00203541 0.899384 0.12408 1.63922
1   0.987762  -0.151266  0.0380206 -0.0823179  -0.712644  -0.696679   0.132479   0.685023  -0.716375  -0.144769  -0.716163    1.04853 0.00214685 0.919918 0.0358674 1.50997
1    0.98558  -0.167558  0.0236091 -0.0973903  -0.675799  -0.730624   0.138377   0.717789  -0.682372    -0.1493  -0.765924    1.01118 0.00186673 0.86653 0.34002 2.45527
1  0.981996 -0.183932   0.04304 -0.100899 -0.703345 -0.703652  0.159696   0.68664  -0.70924 -0.178197 -0.720563    1.0406 0.00205453 0.800821 0.468947 2.78107
1  0.981458 -0.187146 0.0414338  -0.10403 -0.701636   -0.7049  0.160991   0.68752 -0.708095 -0.179296   -0.7221   1.03943 0.00213696 0.907598 0.056088 1.59358
1   0.983239  -0.176329   0.046357 -0.0948155    -0.7117  -0.696056   0.155727   0.679994   -0.71649  -0.174249  -0.710147    1.04855 0.00229241 0.926078 0.186532 2.67387
1   0.988779  -0.145579  0.0335212 -0.0796975  -0.703845  -0.705869   0.126353   0.695276  -0.707549  -0.137009  -0.730937    1.03893 0.00212188 0.913758 0.139734 1.48236
1  0.981411 -0.187719 0.0399281 -0.104055 -0.695276  -0.71117  0.161261  0.693796 -0.701885 -0.179658 -0.731213   1.03268 0.00202747 0.899384 0.348019 3.10924
1    0.9817 -0.185077 0.0448591 -0.103239 -0.715164  -0.69129  0.160023  0.674008 -0.721183 -0.178372 -0.701955   1.05381 0.00215722 0.921971 0.124438 1.42614
1   0.987928  -0.151331  0.0331111 -0.0839411  -0.702597   -0.70662   0.130197    0.69531  -0.706819  -0.141274  -0.731218    1.03811 0.00211939 0.913758 0.153225 1.4394
1  0.981334 -0.187531 0.0426022 -0.103729 -0.702708 -0.703876  0.161936  0.686319 -0.709044 -0.180604 -0.720318   1.04046 0.00213641 0.909651 0.242218 1.23623
1  0.981831 -0.184334 0.0450401 -0.101209 -0.709484 -0.697417  0.160513  0.680187 -0.715249 -0.179168 -0.710822   1.04725 0.00220993 0.924025 0.108413 1.61986
1  0.981669 -0.185836 0.0423259 -0.101532 -0.697827 -0.709034    0.1613  0.691739 -0.703903  -0.18014 -0.728139   1.03482 0.00203489 0.899384 0.0720965 1.89992
1   0.982788  -0.179578  0.0433557 -0.0960399  -0.697134  -0.710479   0.157811   0.694086  -0.702382  -0.176523  -0.731575    1.03293 0.00199116 0.88501 0.0724446 1.54301
1   0.98511  -0.17018 0.0244362 -0.100523  -0.68544 -0.721157  0.139476  0.707962 -0.692341 -0.150037 -0.751409   1.02218 0.00199982 0.880903 0.322917 2.72186
1  0.981651 -0.186216  0.041051 -0.103276 -0.700166 -0.706471  0.160299  0.689269  -0.70655 -0.178569 -0.724637   1.03773 0.00203635 0.899384 0.0513904 1.59568
0    0.99108  -0.132158  0.0171751 -0.0791941  -0.687683  -0.721679   0.107186   0.713881  -0.692015  -0.110535  -0.758091    1.02183 0.00204313 0.880903 0.262857 2.23972
1   0.991081   -0.13001  0.0292591 -0.0712113  -0.702269  -0.708341   0.112639    0.69994  -0.705263  -0.119468  -0.737337    1.03639 0.00202538 0.893224 0.241406 1.20355
1   0.988134  -0.149331  0.0359305 -0.0806505  -0.703554   -0.70605   0.130714   0.694775   -0.70725  -0.142673  -0.730317    1.03856 0.00204858 0.909651 0.22883 2.61647
1   0.982801  -0.180125  0.0407022 -0.0993152  -0.701381  -0.705834   0.155686   0.689652  -0.707207  -0.172912  -0.724574    1.03855 0.00223698 0.915811 0.310894 2.90118
1   0.987891  -0.151477  0.0335672 -0.0844304  -0.706368  -0.702791   0.130168   0.691447  -0.710604  -0.141202  -0.725588    1.04227 0.00210974 0.915811 0.0802058 1.31491
0   0.991411   -0.12702  0.0311549 -0.0676829  -0.702132  -0.708822    0.11191   0.700625  -0.704699  -0.118979  -0.738195    1.03575 0.00237363 0.790554 0.489682 1.60208
0  -0.973804  -0.218809 -0.0618745   0.121287  -0.729987   0.672613  -0.192341   0.647489   0.737403   0.221732  -0.665475   -1.07091 0.00286446 0.887064 0.0358803 1.64954
0   0.992616  -0.119539  0.0206047 -0.0675955  -0.686141  -0.724321   0.100723    0.71758  -0.689155    -0.1043  -0.762834    1.01863 0.00216487 0.887064 0.0842565 1.74857
1   0.988287  -0.148091  0.0368453 -0.0807217  -0.712192  -0.697328   0.129509   0.686186  -0.715804  -0.141027   -0.71787    1.04795 0.00214196 0.917865 0.141296 1.45342
0  -0.97455 -0.212409 -0.071657  0.121584 -0.769392  0.627099 -0.188334  0.602427  0.775637  0.216462 -0.599876  -1.11187 0.00353065 0.848049 -0.0635373 3.60821
1  0.981743  -0.18663 0.0367436 -0.104437 -0.690326 -0.715922  0.158978  0.699013 -0.697213 -0.176427  -0.73898   1.02742 0.00194752 0.887064 0.363103 3.807
1  0.981524 -0.187224 0.0394751 -0.103837 -0.694485 -0.711975  0.160713  0.694721 -0.701095 -0.178991 -0.732491   1.03182 0.00202354 0.899384 0.130216 1.43587
1   0.987453  -0.155052  0.0299368 -0.0889687  -0.702861  -0.705742   0.130468   0.694223  -0.707836  -0.140678  -0.730276    1.03905 0.00207236 0.897331 0.105739 1.49017
1   0.988075  -0.150046  0.0345532 -0.0825278  -0.705544  -0.703845   0.129988     0.6926  -0.709513  -0.141386  -0.727275    1.04109 0.0021063 0.913758 0.205679 1.29901
1   0.986237  -0.161742  0.0342939 -0.0906814  -0.702586  -0.705798   0.138252   0.692974  -0.707583  -0.150266  -0.728467    1.03895 0.00216918 0.911704 0.0104445 1.44168
1  0.986175 -0.164087 0.0231044 -0.097211 -0.685803 -0.721265  0.134195  0.709048 -0.692273  -0.14364 -0.752995    1.0221 0.00189413 0.868583 0.33723 2.58631
1   0.987896  -0.151222  0.0345467 -0.0834137  -0.705664   -0.70362   0.130781   0.692221  -0.709736  -0.142256  -0.726802    1.04135 0.002113 0.913758 0.057811 1.71763
0   0.991221  -0.129582  0.0262466 -0.0720016  -0.695557  -0.714854   0.110889   0.706688  -0.698781  -0.116984  -0.747198    1.02928 0.00207246 0.893224 0.130623 1.60196
0   0.983191   -0.17277  0.0590424 -0.0919316  -0.747846  -0.657476   0.157747   0.640997  -0.751158  -0.177827  -0.652592    1.08618 0.00309363 0.868583 0.246924 2.70111
1   0.985695  -0.164934  0.0346689 -0.0951257   -0.71425  -0.693396   0.139127   0.680179  -0.719722  -0.150475  -0.710001    1.05208 0.00219508 0.913758 0.401754 3.44975
1   0.988012  -0.150261  0.0354099 -0.0822799  -0.706631  -0.702782   0.130622   0.691444  -0.710523  -0.142223  -0.725487     1.0422 0.00209299 0.915811 0.176265 1.44696
1  0.974232 -0.219875 0.0502667  -0.12221 -0.701912 -0.701701  0.189569  0.677476 -0.710696 -0.214578 -0.709183   1.04209 0.00242318 0.809035 0.376003 1.50455
0   0.993701  -0.109955  0.0216315 -0.0629088  -0.707091  -0.704318  0.0927386   0.698521  -0.709554 -0.0940748  -0.734029    1.04111 0.00242819 0.917865 -0.0339022 1.0223
1  0.982258 -0.182816 0.0418059 -0.100408 -0.700956 -0.706101  0.158391  0.689376 -0.706876 -0.176394 -0.724522   1.03802 0.00201148 0.897331 0.199946 1.53505
1  0.981393 -0.186352 0.0462648 -0.103613 -0.716841 -0.689495  0.161653  0.671872 -0.722811 -0.180287  -0.69885   1.05543 0.00214259 0.921971 0.305861 2.72397
1  0.981449 -0.188556 0.0347041  -0.10844  -0.69522  -0.71057  0.158109  0.693625  -0.70277 -0.174675 -0.730977    1.0336 0.00199793 0.895277 0.194511 2.37763
1   0.987785    -0.1519  0.0347531 -0.0837837  -0.705778  -0.703461   0.131384   0.691956  -0.709884  -0.142918  -0.726339    1.04149 0.00211245 0.915811 0.0934403 1.40196
0    0.98306  -0.172483   0.061996 -0.0895974  -0.747309  -0.658408   0.159895     0.6417  -0.750103  -0.181278  -0.653582    1.08491 0.00301622 0.86653 0.237958 1.68844
1  0.981418 -0.186507 0.0451045 -0.103053 -0.710596 -0.696013  0.161862  0.678431 -0.716611 -0.180676 -0.708374   1.04874 0.00212681 0.919918 0.143148 1.45527
1  0.981715 -0.184378 0.0473277 -0.099535 -0.709143 -0.698004  0.162258   0.68053 -0.714528 -0.181451 -0.711171   1.04645 0.00226579 0.926078 -0.0025994 1.49716
1    0.99047  -0.135907  0.0223378 -0.0810965  -0.706563  -0.702988   0.111324   0.694477   -0.71085  -0.115624  -0.729498    1.04252 0.00209971 0.901437 0.225825 1.43869
1  0.981734 -0.184967 0.0445666 -0.101128 -0.705711 -0.701245  0.161158  0.683929 -0.711526 -0.180116 -0.716336   1.04324 0.00214245 0.917865 0.297341 2.88216
1   0.982648  -0.181343  0.0389525 -0.0996433  -0.693256   -0.71377   0.156442   0.697504  -0.699296  -0.174192  -0.736325    1.02988 0.00202868 0.895277 0.218222 1.44761
1    0.98821   -0.14894  0.0354741 -0.0815289  -0.708015  -0.701476   0.129594   0.690313   -0.71181  -0.141074  -0.723786    1.04364 0.00211314 0.917865 0.045713 1.44634
1  0.981498 -0.187856 0.0370263  -0.10644 -0.696071 -0.710039  0.159158  0.692961 -0.703188 -0.176594 -0.730023    1.0341 0.00203305 0.899384 0.154494 1.55435
1  0.980505  -0.19215  0.041084 -0.108585 -0.704123 -0.701726  0.163765  0.683585 -0.711261 -0.182042 -0.716405    1.0429 0.00213372 0.913758 0.0424561 1.05973
0    0.99121  -0.130829  0.0196489 -0.0776251  -0.695414  -0.714405   0.107129     0.7066  -0.699457   -0.11081  -0.747307    1.02999 0.00200681 0.882957 0.458611 2.57883
1  0.981224 -0.186984 0.0472951 -0.102806 -0.714522 -0.692018   0.16319  0.674162 -0.720329 -0.182393 -0.702032    1.0528 0.00213892 0.924025 0.155459 1.54045
1   0.98094 -0.188575  0.046854 -0.102774 -0.708172 -0.698519  0.164904   0.68039 -0.714056 -0.184838 -0.711458   1.04605 0.00217808 0.921971 0.198258 1.34787
1  0.982177 -0.183817 0.0392339 -0.102892 -0.700503 -0.706194  0.157294   0.68957 -0.706931 -0.174555 -0.724546   1.03831 0.00219773 0.915811 0.0778724 2.51828
0   0.982863  -0.172995   0.063657 -0.0905055  -0.753725  -0.650928   0.160587   0.634012  -0.756466  -0.181934  -0.642605    1.09168 0.00312638 0.868583 0.160262 1.85205
1   0.987527  -0.153406  0.0354512 -0.0843987  -0.705838  -0.703328   0.132917   0.691563  -0.709981  -0.144758  -0.725874    1.04166 0.00209803 0.913758 0.183561 1.3402
0  -0.968131  -0.241153 -0.0675859   0.130009  -0.714577    0.68737  -0.214057   0.656678   0.723156   0.249701  -0.680338   -1.05542 0.00292241 0.868583 0.00657374 2.48459
1   0.988739  -0.145379  0.0354892 -0.0793373  -0.710316  -0.699398   0.126886   0.688706  -0.713851  -0.137989    -0.7215    1.04587 0.00214956 0.915811 0.223955 2.59861
1  0.981444 -0.187494 0.0401677 -0.104452 -0.698439 -0.708007  0.160801  0.690673 -0.705063 -0.179037 -0.726643   1.03608 0.00200759 0.899384 0.219102 1.63721
0  -0.974122  -0.218554 -0.0576241   0.118679  -0.711562   0.692528  -0.192358   0.667768   0.719086   0.222073  -0.695305   -1.05112 0.00277549 0.858316 0.0816166 2.73637
1   0.987744  -0.151346  0.0381724 -0.0831037  -0.716944   -0.69216   0.132123   0.680504  -0.720734  -0.144061  -0.709611    1.05335 0.00213143 0.919918 0.155951 1.40782
1   0.982958  -0.178667  0.0432729 -0.0946666  -0.693743  -0.713974   0.157584    0.69771  -0.698834  -0.176631  -0.736644    1.02931 0.00229707 0.800821 0.59982 3.17933
1  0.981608 -0.186336 0.0415416 -0.102968 -0.699984 -0.706697  0.160761  0.689422 -0.706296 -0.179142 -0.724664   1.03746 0.00210832 0.907598 0.173989 1.40776
1  0.981603   -0.1861 0.0426755 -0.102396 -0.701767  -0.70501  0.161151   0.68767 -0.707913  -0.17983 -0.722069   1.03924 0.00213995 0.911704 0.242895 3.05741
1   0.987689  -0.152568  0.0345582 -0.0840986  -0.704137  -0.705066   0.131905    0.69348  -0.708299  -0.143462  -0.728704    1.03977 0.00213449 0.913758 0.122751 1.71223
1  0.981746 -0.185181 0.0433979  -0.10283 -0.708724 -0.697951  0.160004  0.680748 -0.714829 -0.178183 -0.711766   1.04685 0.0021734 0.919918 0.186606 1.48677
1   0.986871  -0.159427  0.0258736 -0.0924542   -0.68897  -0.718869   0.132433   0.707039  -0.694664  -0.142334  -0.749114    1.02488 0.00213049 0.899384 0.0950621 1.44671
1   0.990725  -0.133474  0.0254569 -0.0750892  -0.693939  -0.716107   0.113247   0.707554  -0.697526  -0.119275  -0.748353    1.02801 0.00209385 0.897331 0.112339 1.02214
0   0.99125 -0.129893 0.0234671 -0.075194 -0.701807 -0.708388  0.108484  0.700425 -0.705433 -0.113059 -0.738265   1.03653 0.00204242 0.887064 0.205983 2.71994
1   0.987943   -0.15049  0.0363627 -0.0813838  -0.704601  -0.704921   0.131705   0.693462  -0.708353  -0.143791  -0.728604    1.03969 0.00207557 0.907598 0.0407809 1.36345
1   0.986837  -0.159658  0.0257465 -0.0942937  -0.697393  -0.710458   0.131386   0.698679  -0.703268  -0.140663  -0.736688    1.03425 0.00212033 0.905544 0.109066 1.13142
1  0.986753 -0.159076 0.0318242 -0.088443 -0.691955 -0.716503     0.136  0.704197 -0.696858 -0.147891 -0.744926   1.02713 0.0020891 0.897331 0.111973 1.55691
1   0.982212  -0.182081  0.0458876 -0.0964862  -0.699048  -0.708536   0.161088   0.691505  -0.704181  -0.180686  -0.727652    1.03507 0.00210676 0.899384 0.228688 1.47935
0   0.991183  -0.130663   0.021986 -0.0741656  -0.684617   -0.72512   0.109798   0.717096  -0.688271  -0.115081  -0.762453    1.01782 0.00210537 0.889117 0.035348 1.07448
1  0.981833 -0.185051 0.0419661 -0.101687 -0.699863 -0.707002  0.160202   0.68989 -0.705965 -0.178809  -0.72529   1.03714 0.00215978 0.911704 0.096031 1.28466
1   0.982283  -0.181153  0.0480015 -0.0989515  -0.718876  -0.688059   0.159151   0.671119  -0.724065  -0.177921   -0.69779    1.05686 0.00223756 0.813142 0.411858 1.69159
1   0.988174  -0.148895  0.0366477 -0.0818831  -0.714461  -0.694867   0.129646   0.683649  -0.718204  -0.141128  -0.714141    1.05051 0.0021969 0.809035 0.336809 2.01343
1    0.98804  -0.150671  0.0327778 -0.0842421  -0.705506  -0.703679   0.129149   0.692502  -0.709761  -0.139973  -0.727156    1.04136 0.00213411 0.915811 0.129025 1.46188
0  0.990971 -0.132982    0.0171  -0.08077 -0.693898 -0.715529  0.107018  0.707687 -0.698374 -0.110066 -0.748876   1.02881 0.00206852 0.887064 0.239505 2.70212
1   0.988881  -0.144828  0.0337598 -0.0791142  -0.704576  -0.705205    0.12592   0.694693  -0.708199   -0.13656  -0.730249     1.0397 0.00215266 0.911704 0.181864 1.46573
