1   0.987686  -0.154119  0.0269036 -0.0885794  -0.692629  -0.715834   0.128958   0.704636  -0.697752  -0.138723  -0.745452    1.02818 0.0020962 0.897331 0.0586739 1.88923
1  0.981525 -0.186881 0.0410404 -0.103538 -0.699153 -0.707435    0.1609  0.690116 -0.705585 -0.179223 -0.725801   1.03672 0.00210275 0.905544 0.0725146 1.73126
1  0.981473 -0.187121 0.0411906  -0.10322 -0.697496 -0.709116  0.161421  0.691726 -0.703888  -0.17996 -0.728181   1.03485 0.0020256 0.899384 0.317022 3.98879
1   0.987218  -0.156756  0.0287753 -0.0893864  -0.694067   -0.71434   0.131949   0.702637  -0.699207  -0.142355  -0.742619    1.02972 0.00207464 0.897331 0.14649 1.91958
0   0.990723  -0.135132  0.0144006 -0.0822271  -0.680448  -0.728168   0.108198   0.720229  -0.685247  -0.111289  -0.767692    1.01429 0.00204764 0.87269 0.188812 3.07401
1   0.985354  -0.168657  0.0251375 -0.0987462  -0.684557  -0.722241   0.139019   0.709181  -0.691185   -0.14998  -0.753318    1.02085 0.00177694 0.864476 0.372262 2.63562
1   0.986851  -0.158575  0.0312917 -0.0917055  -0.708735  -0.699489   0.133099   0.687422  -0.713958  -0.143448  -0.720178    1.04597 0.00214674 0.913758 0.0290802 1.05568
0   0.990722  -0.133555  0.0251549 -0.0778095  -0.709177  -0.700724   0.111425   0.692266  -0.712989  -0.116497  -0.726073    1.04488 0.00215686 0.909651 0.096747 1.57795
1  0.982099 -0.182828 0.0453466 -0.100436 -0.711905 -0.695057  0.159358   0.67806 -0.717523 -0.177822 -0.707749   1.04975 0.00222439 0.924025 0.107311 1.52264
1  0.988124 -0.149108 0.0371317 -0.080112 -0.706102 -0.703564  0.131125  0.692233 -0.709661 -0.143248 -0.726627   1.04122 0.00212782 0.915811 0.104346 1.47789
0    0.99122  -0.129573   0.026324 -0.0729142  -0.701759  -0.708673   0.110298   0.700532  -0.705046  -0.116358  -0.738086    1.03615 0.002071 0.899384 0.196064 1.34429
1   0.986779  -0.159955  0.0260956 -0.0942175  -0.697181  -0.710677   0.131869   0.698822  -0.703035  -0.141258  -0.737012    1.03393 0.0020613 0.899384 0.243318 2.08351
1  0.981654  -0.18648 0.0397475 -0.103436 -0.695958 -0.710594  0.160174  0.693446 -0.702479 -0.178345 -0.730669   1.03328 0.00204354 0.899384 0.256799 2.03455
1  0.986487 -0.161083  0.029923 -0.092078 -0.696151 -0.711966  0.135516   0.69959 -0.701576 -0.146541 -0.737913   1.03239 0.0021429 0.909651 0.224535 1.73306
1  0.981619 -0.186185 0.0419509 -0.102081  -0.69792 -0.708864  0.161258  0.691551 -0.704097 -0.179961  -0.72791   1.03505 0.00204094 0.899384 0.260862 2.59036
1   0.985315  -0.168334  0.0286023 -0.0958991  -0.684175  -0.722986   0.141272   0.709626  -0.690271  -0.153206  -0.753857    1.01984 0.00183325 0.868583 0.431492 3.2463
0   0.997378 -0.0674871  0.0261387 -0.0299455  -0.713633   -0.69988  0.0658863   0.697262  -0.713782 -0.0652988  -0.730867    1.04534 0.00243912 0.893224 0.076162 1.21506
1   0.988532  -0.147981  0.0300899 -0.0839258  -0.704026  -0.705198    0.12554   0.694585  -0.708372  -0.134985  -0.730017    1.03981 0.00206596 0.909651 0.168821 2.78397
0  -0.965867   -0.24432 -0.0860736   0.144967  -0.785197   0.602039  -0.214675   0.569012   0.793814   0.247867  -0.553544   -1.13056 0.00409008 0.87269 -0.121005 2.08758
1  0.982727 -0.180996  0.038575 -0.103241 -0.709188 -0.697419  0.153587   0.68139 -0.715625 -0.169972  -0.71237   1.04765 0.0021397 0.915811 0.0728271 1.28765
1  0.981276 -0.187996 0.0418955 -0.103801   -0.6994 -0.707153  0.162243  0.689563 -0.705819 -0.180962  -0.72512   1.03693 0.0020829 0.903491 0.0263903 1.76653
1  0.982699 -0.181304 0.0378381 -0.100032 -0.691499 -0.715418  0.155873  0.699256 -0.697671 -0.173394  -0.73939   1.02795 0.00198644 0.882957 0.219588 2.3677
1   0.98158 -0.186262 0.0425029 -0.103054 -0.703532 -0.703152  0.160873   0.68582 -0.709768 -0.179258 -0.719531   1.04129 0.0021774 0.911704 0.151985 1.44373
1   0.982404  -0.180614  0.0475498 -0.0967575   -0.70994  -0.697583   0.159751   0.680708  -0.714924  -0.179247  -0.711625    1.04689 0.00214581 0.809035 0.623766 3.96343
1   0.989099  -0.142212  0.0381976 -0.0741164  -0.704947  -0.705377   0.127241   0.694856  -0.707803  -0.139526   -0.73032    1.03916 0.00206641 0.905544 0.247993 1.59394
0  -0.975088  -0.214221 -0.0575555    0.11588    -0.7132   0.691316  -0.189143   0.667424   0.720257   0.218767  -0.693868   -1.05262 0.00263728 0.874743 0.0319172 3.2841
1   0.990334  -0.137317  0.0195647 -0.0830198  -0.699826  -0.709473   0.111115   0.700991  -0.704461  -0.115096  -0.738973    1.03565 0.00209188 0.901437 0.146984 1.50815
1  0.982258 -0.182645 0.0425489 -0.099852 -0.701408 -0.705731  0.158742  0.688962 -0.707201 -0.177193 -0.723915   1.03839 0.00206376 0.901437 0.218975 1.25443
1   0.982927  -0.178066  0.0463316 -0.0965723  -0.713617  -0.693847   0.156613   0.677527   -0.71863  -0.174851   -0.70675    1.05098 0.0022856 0.926078 0.0958343 2.9625
0  -0.975056  -0.212093 -0.0654361   0.114846  -0.734372    0.66896  -0.189937   0.644759   0.740412   0.220022  -0.661458   -1.07405 0.00274998 0.876797 0.158324 2.73415
1   0.990401  -0.136087  0.0241913 -0.0798681  -0.706294  -0.703399    0.11281   0.694715  -0.710383  -0.117732  -0.729855    1.04197 0.00211121 0.901437 0.364274 3.13771
1  0.981272 -0.187468 0.0442715 -0.102988 -0.704822 -0.701869  0.162782  0.684165 -0.710929 -0.181888 -0.717017    1.0425 0.00216777 0.915811 0.0810019 2.89854
0   0.991227  -0.130983  0.0176758 -0.0790687  -0.694823  -0.714822   0.105911   0.707153  -0.699083  -0.108999  -0.748081    1.02954 0.00201368 0.882957 0.299915 3.10791
1   0.988366   -0.14783  0.0357723 -0.0797493  -0.703967  -0.705741   0.129512   0.694677  -0.707566  -0.141279  -0.730118    1.03896 0.00209855 0.913758 0.0467563 1.51243
1  0.981528 -0.187618 0.0374431 -0.105568 -0.694345 -0.711857  0.159556  0.694755 -0.701326 -0.177089 -0.732872   1.03201 0.00195633 0.889117 0.214453 1.26887
0   0.991056  -0.130776  0.0265777 -0.0740448  -0.704564  -0.705767   0.111023   0.697487  -0.707945  -0.116778  -0.733749    1.03934 0.00214691 0.903491 0.0910793 1.54515
1    0.98149  -0.184958  0.0496702 -0.0957365  -0.698485  -0.709192   0.165864    0.69131  -0.703264   -0.18722  -0.727225    1.03414 0.00226366 0.809035 0.462781 3.17627
1   0.989984   -0.13786  0.0304358 -0.0749676  -0.696006  -0.714112   0.119631   0.704678   -0.69937  -0.128638  -0.744441    1.03002 0.00218997 0.907598 0.129722 1.5922
0   0.990734  -0.133247  0.0262869 -0.0784141  -0.719224  -0.690339   0.110892   0.681881  -0.723008  -0.115607  -0.711212    1.05564 0.00224584 0.907598 0.210284 1.62281
0   0.991423  -0.127418  0.0290862 -0.0712297  -0.713371  -0.697157    0.10958   0.689105  -0.716328  -0.115552  -0.721233    1.04846 0.00216052 0.909651 0.184104 1.24931
0   0.992608  -0.118086  0.0280048 -0.0647228  -0.710281  -0.700936   0.102662   0.693943  -0.712674  -0.107716  -0.727967    1.04447 0.00228202 0.911704 0.0308466 2.2421
1    0.98805  -0.149946  0.0356862 -0.0820106  -0.707462  -0.701977   0.130506   0.690661  -0.711305  -0.142164  -0.724467     1.0431 0.00213147 0.915811 0.0909374 1.85633
1  0.981371 -0.187785 0.0405908 -0.104911 -0.700792 -0.705609  0.160948  0.688206 -0.707438 -0.179185 -0.723124   1.03872 0.00212113 0.907598 0.161472 1.6641
0  -0.973117  -0.221934 -0.0615448   0.121274  -0.720954   0.682288  -0.195794   0.656483   0.728488     0.2262  -0.678726    -1.0613 0.0027875 0.874743 0.150119 3.32437
0  -0.976346   -0.21197 -0.0426394   0.114553  -0.674371   0.729453  -0.183377   0.707313   0.682701   0.210956  -0.752804    -1.0115 0.00308771 0.848049 -0.124973 3.81244
1   0.987374  -0.156422  0.0249948 -0.0899343  -0.683448  -0.724438     0.1304   0.713044  -0.688886  -0.140533  -0.757873    1.01857 0.00212031 0.893224 0.234261 3.07074
0   0.991568  -0.127902  0.0208079 -0.0749082  -0.696783   -0.71336   0.105739   0.705786  -0.700489  -0.109585  -0.746053     1.0311 0.00201326 0.882957 0.393534 2.56302
0   0.994133  -0.107052  0.0155053 -0.0641351  -0.698779  -0.712457  0.0871046   0.707282  -0.701545 -0.0861989  -0.747058    1.03227 0.0023827 0.901437 0.120948 3.13796
1   0.988103  -0.149941  0.0341991 -0.0828229  -0.706182  -0.703169   0.129584   0.691972    -0.7102  -0.140741  -0.726457     1.0418 0.00214645 0.913758 0.250592 1.77018
1   0.988333  -0.147929  0.0362576 -0.0799184  -0.706337   -0.70335   0.129656   0.692247  -0.709918  -0.141449  -0.726599     1.0415 0.00211982 0.915811 0.0513539 1.38835
1   0.988064  -0.149975  0.0351748 -0.0825581  -0.708326  -0.701041   0.130054   0.689769  -0.712253  -0.141478  -0.723001    1.04408 0.00210592 0.917865 0.224509 2.03067
1  0.981844 -0.185033 0.0417828 -0.103711 -0.708054 -0.698501   0.15883  0.681486 -0.714388 -0.176475 -0.712976    1.0463 0.00214429 0.913758 0.105359 1.58624
1   0.98204 -0.183816 0.0425236 -0.102753   -0.7101 -0.696563  0.158235  0.679684 -0.716234 -0.175915 -0.710754   1.04827 0.00216886 0.903491 0.121452 1.78412
1  0.981543 -0.184949 0.0486494 -0.098793 -0.708192 -0.699074  0.163746  0.681365 -0.713393 -0.184073 -0.712571   1.04524 0.00212902 0.813142 0.563203 4.00481
1  0.981003  -0.18902 0.0436406  -0.10508  -0.70686 -0.699505  0.163068  0.681631 -0.713294 -0.181806   -0.7132   1.04515 0.00212454 0.917865 -0.0795867 1.54158
1  0.988123 -0.150366 0.0316746 -0.081907 -0.689782 -0.719369  0.130017  0.708231 -0.693906 -0.141472 -0.751022   1.02388 0.00212205 0.88501 0.103764 1.4994
0   0.996267 -0.0786739  0.0355403 -0.0389775  -0.777261   -0.62797  0.0770289    0.62424  -0.777426 -0.0779529  -0.625383    1.11355 0.00345097 0.825462 -0.0339497 1.61752
1    0.98736   -0.15521  0.0321038 -0.0862523  -0.696112  -0.712733   0.132971   0.700955  -0.700701  -0.144384  -0.739947    1.03143 0.00212439 0.903491 0.040085 1.49921
1  0.981871 -0.184383 0.0439655 -0.101398 -0.706884 -0.700024  0.160151  0.682875 -0.712764 -0.178599 -0.715023   1.04455 0.00216506 0.913758 0.184754 1.48716
1  0.975724 -0.213037 0.0507766 -0.111672 -0.683415 -0.721439  0.188395  0.698254 -0.690614 -0.214924  -0.73951   1.02003 0.00256236 0.796715 0.239258 1.76255
1  0.981256 -0.187168 0.0458732 -0.104662 -0.717489 -0.688662  0.161809  0.670953  -0.72363  -0.18022 -0.697575   1.05642 0.00217727 0.924025 0.159712 1.84279
1   0.988224  -0.148915  0.0351942 -0.0810889  -0.704704  -0.704853   0.129764   0.693698   -0.70848  -0.141365   -0.72875    1.03995 0.00212209 0.915811 0.102504 1.74486
1  0.982122 -0.183918 0.0401251 -0.101272   -0.6959 -0.710962  0.158682  0.694188 -0.702085 -0.176816 -0.731629   1.03291 0.00202477 0.897331 0.149302 1.8679
1   0.982472  -0.180365  0.0470928 -0.0983619   -0.71619  -0.690939   0.158349   0.674196  -0.721378  -0.176825  -0.701873    1.05404 0.00224601 0.928131 0.113023 1.57149
1  0.976103 -0.209988 0.0559313 -0.110478  -0.70116 -0.704393  0.187131  0.681381 -0.707603 -0.213658  -0.71453   1.03872 0.00257199 0.813142 0.317242 3.72477
1   0.990311  -0.136924  0.0231296 -0.0809367  -0.704485  -0.705089   0.112838   0.696386  -0.708742  -0.117573  -0.732319    1.04019 0.00211236 0.901437 0.257944 2.8542
1   0.981317  -0.184181  0.0556182 -0.0976324   -0.72581  -0.680931   0.165783   0.662779  -0.730232   -0.18697  -0.685564    1.06346 0.00217219 0.815195 0.518982 3.43981
1  0.981547 -0.187198  0.039017 -0.104369  -0.69543 -0.710974  0.160227  0.693783 -0.702135 -0.178191 -0.731163   1.03293 0.00197454 0.895277 0.154029 2.64479
1   0.988007  -0.151044  0.0320529 -0.0821905  -0.690192  -0.718944   0.130714   0.707687  -0.694329   -0.14229  -0.749424    1.02448 0.0021325 0.903491 0.128996 1.35126
1   0.988603  -0.145952  0.0369038 -0.0781289  -0.706944  -0.702941   0.128685   0.692047   -0.71029  -0.140602  -0.726461    1.04192 0.00208617 0.907598 0.180898 1.66967
1   0.988357  -0.147958  0.0354647 -0.0812243  -0.710194  -0.699305   0.128655   0.688282  -0.713943  -0.139882  -0.720975    1.04585 0.00214832 0.915811 0.170355 1.80063
1   0.986833  -0.158957   0.029899 -0.0895656  -0.690965  -0.717318   0.134682   0.705195  -0.696104  -0.146062  -0.746403    1.02636 0.00208697 0.897331 0.0879073 1.57818
1   0.991034  -0.130836  0.0271007 -0.0731058  -0.700744  -0.709657   0.111839   0.701313  -0.704026  -0.118066  -0.739345    1.03503 0.00201478 0.893224 0.0512846 1.43649
1   0.988311  -0.147965  0.0367139 -0.0794789  -0.705586  -0.704153   0.130095   0.693004  -0.709099   -0.14214   -0.72767    1.04062 0.00212134 0.915811 0.231707 1.48012
1  0.981493 -0.187031 0.0411172 -0.103339 -0.698066 -0.708537  0.161221  0.691175 -0.704474 -0.179703 -0.727353   1.03546 0.00201721 0.899384 -0.0686049 1.87229
1   0.982712  -0.179846  0.0439593 -0.0987075  -0.709826  -0.697427   0.156633   0.681031  -0.715307  -0.174433  -0.711921    1.04728 0.00221227 0.919918 0.0217836 1.53543
1   0.988549  -0.146437  0.0364199 -0.0787983  -0.706791   -0.70302   0.128689   0.692101  -0.710236  -0.140383  -0.726342    1.04184 0.00209473 0.913758 0.0351421 1.30126
1   0.982697  -0.179782  0.0445434 -0.0985776  -0.711267  -0.695975   0.156806   0.679542  -0.716683  -0.174855  -0.709806    1.04879 0.00223996 0.921971 0.113022 2.79715
1  0.981462 -0.186687 0.0433748 -0.104468 -0.710825 -0.695568  0.160685  0.678142  -0.71715  -0.17856 -0.708332   1.04923 0.00217036 0.911704 0.149803 2.90713
1   0.988181  -0.149193  0.0352159 -0.0814363  -0.705558  -0.703957   0.129872   0.692769  -0.709369  -0.141363  -0.727405    1.04089 0.00212163 0.915811 0.0402502 1.72595
1  0.980822 -0.188642 0.0490078 -0.102953 -0.714951 -0.691553  0.165494  0.673245 -0.720661 -0.185727 -0.700828   1.05304 0.00207112 0.919918 0.105962 2.23058
1  0.981486  -0.18736 0.0397646 -0.105133 -0.700543 -0.705823    0.1601  0.688575 -0.707271 -0.178001 -0.723436    1.0386 0.00213122 0.911704 0.0800183 1.94606
1   0.988021  -0.150342  0.0348248 -0.0832746  -0.709387  -0.699882   0.129926   0.688598  -0.713409  -0.141152  -0.721395    1.04537 0.00211815 0.917865 0.132715 1.60977
1   0.988165  -0.149193  0.0356584 -0.0818537  -0.709451  -0.699985   0.129731   0.688782  -0.713267  -0.141168  -0.721673    1.04514 0.00211492 0.915811 0.124884 2.69728
1  0.981906 -0.184562 0.0424049  -0.10155 -0.702179 -0.704721  0.159841  0.687663 -0.708216 -0.178239 -0.722096   1.03954 0.00209506 0.905544 -0.042808 1.72525
1   0.988907  -0.143239  0.0393197 -0.0725851  -0.696958  -0.713429   0.129595    0.70266  -0.699624   -0.14301  -0.741761    1.03032 0.0023312 0.798768 0.425884 1.68886
1  0.981147 -0.189091 0.0399436 -0.105387 -0.696718 -0.709561  0.162001  0.691974 -0.703511 -0.180397  -0.72858   1.03443 0.00206118 0.903491 0.177385 1.64474
1  0.981796 -0.185152 0.0423747 -0.101598 -0.700425 -0.706458  0.160482  0.689292 -0.706486  -0.17906 -0.724566   1.03766 0.00209327 0.903491 0.122765 2.65323
1  0.982019 -0.184834 0.0384024 -0.101672 -0.689231 -0.717373  0.159063  0.700569  -0.69563 -0.177146 -0.741179   1.02583 0.00199032 0.889117 0.0448312 1.48784
0  0.985654 -0.158603 0.0577247 -0.081995   -0.7489 -0.657591  0.147526  0.643424  -0.75116 -0.165622 -0.655437   1.08621 0.00332565 0.868583 0.2085 4.30476
1  0.981391 -0.187456 0.0416256   -0.1038 -0.700266 -0.706295  0.161548  0.688831 -0.706693 -0.180069 -0.723985   1.03792 0.00215663 0.909651 0.0849298 1.33973
1  0.987925 -0.151148 0.0340293 -0.083746 -0.705758 -0.703485  0.130347  0.692141 -0.709895 -0.141611 -0.726603   1.04145 0.00209444 0.913758 0.230003 1.61366
1  0.980568 -0.191559 0.0423387  -0.10652   -0.7011 -0.705062  0.164744  0.686851 -0.707881 -0.184021 -0.721024   1.03922 0.0020857 0.913758 0.184819 1.46726
1  0.981236 -0.187894 0.0432721 -0.103318 -0.701867 -0.704775  0.162795   0.68708  -0.70811 -0.181675 -0.721288   1.03942 0.00214923 0.911704 0.102905 1.53139
1   0.988382  -0.148841  0.0307656 -0.0835623  -0.701242  -0.708009   0.126955   0.697213  -0.705533  -0.137275  -0.733769    1.03677 0.00212197 0.915811 0.0784487 1.6153
1   0.98157 -0.186139 0.0432728 -0.100374 -0.694852 -0.712114  0.162621  0.694646 -0.700729 -0.182033 -0.732031   1.03136 0.00210803 0.905544 0.0543787 1.70035
1   0.987668  -0.152454  0.0356395 -0.0839763  -0.707967  -0.701235   0.132138   0.689594  -0.712039  -0.143892  -0.723003    1.04381 0.00210022 0.913758 0.133201 1.49092
1  0.981828 -0.186084 0.0372442 -0.104418 -0.693593 -0.712759  0.158465  0.695918 -0.700419   -0.1761 -0.734063   1.03108 0.00204441 0.901437 0.116826 1.20497
1   0.988597  -0.147343   0.031078 -0.0810744  -0.694713  -0.714703   0.126897   0.704033  -0.698737    -0.1376  -0.744075    1.02926 0.00209327 0.901437 0.0401435 1.03641
1  0.982109 -0.184827  0.036067 -0.104439 -0.693967 -0.712392  0.156699   0.69588 -0.700854 -0.173736  -0.73434   1.03174 0.00212427 0.897331 -0.0237695 1.05708
1   0.988171  -0.148923  0.0365936 -0.0802924  -0.705741  -0.703905   0.130653   0.692641  -0.709351  -0.142663  -0.727272    1.04085 0.00208967 0.911704 0.194811 1.43181
1  0.981539 -0.187724 0.0366148 -0.104737 -0.687741 -0.718361  0.160035  0.701264 -0.694706 -0.177968 -0.742168   1.02479 0.00198189 0.89117 0.160076 1.7259
0  -0.974817  -0.213701 -0.0637532   0.115454  -0.728195   0.675575  -0.190796   0.651201    0.73453   0.220935  -0.670752   -1.06779 0.00277388 0.87885 0.0921438 3.82028
1   0.985264  -0.167141  0.0363153 -0.0933635  -0.703448  -0.704588   0.143311   0.690814  -0.708687  -0.156758  -0.725678    1.04025 0.0022404 0.913758 0.0738191 1.15341
1  0.981835 -0.186364 0.0356109 -0.103316 -0.682556 -0.723494   0.15914  0.706672 -0.689412 -0.176712 -0.750132   1.01888 0.00202602 0.887064 0.0235386 1.65611
0   0.982752  -0.174853  0.0602074 -0.0924046  -0.746317  -0.659145   0.160188   0.642212  -0.749602  -0.181141  -0.654309    1.08439 0.0029937 0.86653 0.248757 3.82068
1   0.988001  -0.151127  0.0318529 -0.0836209  -0.696817  -0.712358   0.129852   0.701146  -0.701094  -0.141047  -0.739956      1.032 0.00217426 0.909651 0.138301 1.41663
0   0.991344  -0.129306  0.0227208 -0.0736038  -0.690701  -0.719385   0.108714   0.711486   -0.69424   -0.11385  -0.754255    1.02435 0.00208567 0.89117 0.0826688 1.50077
1  0.968792  -0.23993 0.0622494 -0.128633 -0.701309 -0.701156  0.211885  0.671267 -0.710286 -0.244508  -0.70143    1.0415 0.00260863 0.815195 0.380449 1.83532
1   0.987592  -0.152389  0.0379553 -0.0822678  -0.707882  -0.701523   0.133772   0.689696  -0.711635  -0.146385  -0.723223    1.04332 0.002129 0.911704 0.152399 1.73784
1  0.975934 -0.212634 0.0483664 -0.113792 -0.685788  -0.71885  0.186021  0.696047  -0.69348 -0.211241 -0.736216   1.02329 0.00242368 0.796715 0.41275 2.03762
0   0.991479  -0.127912  0.0246604 -0.0728946   -0.70167  -0.708764   0.107963   0.700927  -0.705015  -0.113014  -0.738547    1.03602 0.00210391 0.899384 0.134114 1.43796
1   0.987257  -0.155456  0.0340091 -0.0868264  -0.705325  -0.703547   0.133358   0.691629  -0.709835  -0.144826  -0.726068    1.04147 0.00210985 0.913758 0.0961549 1.56057
0   0.991435  -0.129236  0.0188511 -0.0769354  -0.694549  -0.715319   0.105538   0.707742  -0.698543  -0.108833   -0.74902    1.02897 0.00201971 0.880903 0.371322 2.86458
1   0.988291  -0.148508  0.0350221 -0.0805873  -0.702942  -0.706667   0.129564   0.695571  -0.706679  -0.141213  -0.731473    1.03801 0.00210902 0.913758 0.314696 1.49632
