1   0.982623  -0.180104  0.0448734 -0.0944115  -0.693139  -0.714594   0.159805    0.69794  -0.698099  -0.179561   -0.73682    1.02844 0.00224251 0.802875 0.324377 1.70768
1    0.98222  -0.182283  0.0449104 -0.0997155  -0.709251  -0.697868   0.159062   0.680981  -0.714817  -0.177581   -0.71196     1.0468 0.00224141 0.924025 -0.0508085 1.46346
1  0.981449 -0.187241 0.0412148 -0.102003 -0.691971 -0.714682  0.162338   0.69722 -0.698234 -0.181352 -0.736258    1.0287 0.00206029 0.897331 0.123723 1.64584
1   0.98148 -0.185539 0.0476648 -0.100316  -0.70978 -0.697244  0.163197  0.679549 -0.715248 -0.182944 -0.709703   1.04729 0.0021779 0.926078 0.0837474 1.83386
1   0.981895  -0.179302  0.0611004 -0.0950093  -0.745209  -0.660028   0.163877   0.642273  -0.748752  -0.185401  -0.654779    1.08352 0.00304688 0.86653 -0.0549423 1.82171
1   0.987988  -0.150558  0.0347983 -0.0821709  -0.702588  -0.706836   0.130869   0.695487  -0.706521  -0.142608  -0.731449    1.03779 0.00209052 0.911704 -0.0162008 2.02385
0  0.991218 -0.130745  0.019806 -0.077061 -0.692833 -0.716969  0.107462  0.709146 -0.696824 -0.111268 -0.751183   1.02702 0.00205169 0.880903 0.308586 3.35987
1   0.987769  -0.152733  0.0313883 -0.0875828  -0.710019  -0.698715   0.129003    0.68742  -0.714712  -0.138923  -0.719648    1.04685 0.00214303 0.919918 0.0578031 1.09134
1  0.986855 -0.158296 0.0325548 -0.089007  -0.70051  -0.70807   0.13489  0.695865 -0.705391 -0.146341 -0.732433   1.03661 0.00216966 0.913758 0.0688412 1.93329
1  0.975726 -0.213069 0.0505977 -0.114407 -0.692955 -0.711845  0.186734  0.688777 -0.700511 -0.212329 -0.725545   1.03098 0.00249391 0.804928 0.346257 2.20771
1   0.986853  -0.158231  0.0329218 -0.0902005  -0.708243  -0.700183   0.134107   0.688008  -0.713204  -0.145109  -0.721297    1.04495 0.0021972 0.909651 0.379596 3.84745
1  0.981545 -0.186806 0.0409045 -0.103364  -0.69822 -0.708382   0.16089   0.69108 -0.704643 -0.179251 -0.727075   1.03562 0.0020568 0.903491 0.186813 1.73133
1    0.98677  -0.159694   0.027981 -0.0914238  -0.690623  -0.717413   0.133891   0.705364  -0.696086  -0.144919  -0.746823    1.02628 0.00208505 0.893224 0.0989868 1.67557
1   0.987654  -0.153309  0.0321849 -0.0862315  -0.703601  -0.705344   0.130781    0.69386  -0.708134  -0.141888  -0.729044     1.0397 0.00213306 0.917865 0.187384 3.27883
0   0.994993 -0.0975461  0.0217622 -0.0540945  -0.708709  -0.703424  0.0840394   0.698725  -0.710437 -0.0840583  -0.734123    1.04196 0.00242695 0.909651 0.0705379 1.54344
1   0.988414  -0.147212  0.0369612 -0.0785761  -0.704636  -0.705205   0.129859    0.69413   -0.70804  -0.141891   -0.72931    1.03947 0.00210798 0.913758 0.0717687 1.46123
1   0.982565  -0.180291  0.0453988 -0.0983544  -0.711277  -0.695996   0.157773   0.679397  -0.716609  -0.175925  -0.709716     1.0487 0.00225329 0.919918 0.106355 1.98922
1   0.982053  -0.182288  0.0484157 -0.0977226  -0.711334  -0.696027   0.161317   0.678804  -0.716381  -0.181207  -0.708595    1.04855 0.00216209 0.924025 0.0996906 2.25424
1  0.981617 -0.186529 0.0404233 -0.103766 -0.699336 -0.707221  0.160187  0.690026 -0.705836 -0.178221 -0.725609   1.03702 0.00212195 0.907598 0.123322 2.86466
0  -0.974528   -0.21783 -0.0533474   0.118733  -0.702932   0.701277  -0.190259    0.67708    0.71089   0.219432  -0.708895   -1.04224 0.00284365 0.856263 0.0474968 4.99894
1  0.981501 -0.186693 0.0424489 -0.101784 -0.696593  -0.71021  0.162161  0.692751 -0.702709 -0.181249  -0.72968   1.03353 0.00210473 0.903491 0.433945 3.30972
1  0.985714 -0.166572 0.0249422 -0.098947 -0.692533 -0.714568    0.1363  0.701892 -0.699121 -0.146234 -0.742713   1.02952 0.00191143 0.868583 0.279865 2.94645
1  0.987093  -0.15716 0.0307867 -0.089333 -0.699903  -0.70863  0.132916  0.696733 -0.704909 -0.143758  -0.73365   1.03606 0.00214559 0.911704 0.126985 1.60674
1  0.981763 -0.184819 0.0445437 -0.100507 -0.703469 -0.703584  0.161371  0.686275 -0.709215 -0.180334 -0.720122   1.04066 0.00217079 0.909651 0.036321 1.45854
1   0.986672   -0.15979  0.0307559 -0.0919918  -0.703645  -0.704571   0.134225   0.692351  -0.708966  -0.144851  -0.727646    1.04044 0.00217818 0.909651 0.150404 1.69587
1   0.983715  -0.171737  0.0530144 -0.0824003  -0.693065   -0.71615   0.159732   0.700119   -0.69593  -0.181216  -0.739618    1.02587 0.00265558 0.798768 0.325345 1.55145
1  0.982418  -0.18279 0.0379832 -0.103489 -0.702518 -0.704101  0.155387  0.687791 -0.709083  -0.17217 -0.721977   1.04053 0.00211613 0.909651 0.102502 2.06439
1   0.981599   -0.18584  0.0438971 -0.0980628  -0.687845  -0.719203   0.163851   0.701664  -0.693412  -0.183801  -0.742704    1.02335 0.00207889 0.89117 0.230242 2.11036
1   0.987984  -0.150455  0.0353736 -0.0823898  -0.706323  -0.703078   0.130767   0.691716  -0.710232  -0.142477  -0.725864    1.04192 0.00212051 0.917865 0.108623 1.65416
1  0.981459  -0.18699 0.0421136  -0.10335 -0.701308 -0.705327  0.161423  0.687897  -0.70763 -0.179977 -0.722525   1.03896 0.00215962 0.911704 0.0230516 1.55384
1   0.982066  -0.182991  0.0454008 -0.0996679  -0.708283  -0.698858   0.160041   0.681799  -0.713818  -0.178897  -0.713095    1.04575 0.00221104 0.924025 0.150883 2.0881
1   0.981195  -0.185171  0.0544767 -0.0960872  -0.713373  -0.694166   0.167402   0.675878   -0.71775  -0.189457  -0.703441    1.05044 0.0031276 0.858316 0.129091 1.65543
1  0.971375  -0.23148 0.0533538 -0.133694 -0.718378 -0.682685  0.196356   0.65601 -0.728762 -0.221176 -0.678545   1.06181 0.00242342 0.811088 0.533504 5.29121
1   0.990379  -0.136648  0.0218206 -0.0810322  -0.700516  -0.709021   0.112172   0.700432  -0.704849  -0.116714  -0.738251    1.03596 0.00211718 0.899384 0.165327 2.9887
0   0.982697  -0.174733  0.0614334 -0.0920555  -0.748579  -0.656625   0.160722   0.639608  -0.751711  -0.181939  -0.650663    1.08663 0.00301416 0.86653 0.180657 1.81419
0   0.99089 -0.133273  0.019393 -0.078934 -0.691379 -0.718167   0.10912  0.710094   -0.6956 -0.113037 -0.752433   1.02577 0.00201664 0.882957 0.404027 3.03387
1   0.988545  -0.147271   0.033027 -0.0807386  -0.700883  -0.708692   0.127518   0.697908  -0.704744  -0.138614  -0.734967    1.03583 0.00208587 0.907598 0.15978 1.67898
0   0.991018  -0.130765  0.0280069 -0.0730555   -0.70479  -0.705644   0.112013    0.69726  -0.708013  -0.118179  -0.733471     1.0394 0.00211456 0.899384 0.0390972 1.71053
1   0.987255  -0.155412  0.0342835 -0.0869705   -0.70725  -0.701593   0.133283    0.68967  -0.711752   -0.14475  -0.723118    1.04356 0.00216654 0.919918 0.084897 2.59381
0  0.979933 -0.191046 0.0568654 -0.110118  -0.75666 -0.644468  0.166151  0.625274 -0.762513 -0.184732 -0.631653   1.09802 0.00303926 0.843943 0.341538 3.11321
0   0.991952   -0.12311  0.0295993 -0.0679671  -0.714948  -0.695866    0.10683   0.688254  -0.717561  -0.112663  -0.719959    1.04983 0.00248263 0.804928 0.344325 2.15752
1  0.981625 -0.185603 0.0443206 -0.102225 -0.707609  -0.69917   0.16113  0.681792  -0.71358 -0.179808 -0.713606   1.04537 0.0021825 0.913758 -0.0742445 1.23522
1  0.980957 -0.189119 0.0442317 -0.103538 -0.701876 -0.704734  0.164324  0.686734 -0.708092 -0.183815 -0.720776    1.0395 0.00217993 0.917865 0.0381366 1.60278
1  0.979607 -0.192665 0.0570109 -0.104601 -0.731285 -0.674003  0.171548  0.654295 -0.736525 -0.192664 -0.673687   1.07011 0.00236404 0.930185 0.0630308 1.22844
1  0.981517 -0.186462 0.0430793 -0.102212 -0.701078 -0.705721  0.161792  0.688274 -0.707179 -0.180665 -0.723095    1.0384 0.00209345 0.905544 0.251077 1.81912
1   0.987953  -0.150432  0.0363254 -0.0819164  -0.707487  -0.701963   0.131297    0.69053  -0.711287  -0.143199  -0.724124     1.0431 0.0021437 0.919918 0.169027 2.56884
1  0.982428  -0.18219 0.0405142 -0.101341 -0.703002 -0.703931   0.15673  0.687456 -0.709112  -0.17389 -0.721569   1.04046 0.00204132 0.901437 0.154293 2.15543
0   0.990755  -0.134045  0.0208674 -0.0795974  -0.698961  -0.710717   0.109854   0.702485  -0.703169  -0.114194  -0.740898    1.03427 0.0021153 0.905544 0.0629993 1.88775
1  0.975691 -0.211991 0.0555597 -0.111998 -0.700254 -0.705053  0.188371  0.681692 -0.706974 -0.214984  -0.71509   1.03801 0.00254868 0.811088 0.41064 5.32542
1   0.988767  -0.145475   0.034301 -0.0785947  -0.701261  -0.708559   0.127132   0.697904  -0.704817  -0.138397  -0.734972    1.03593 0.00208053 0.905544 0.240968 3.13311
1  0.981554 -0.186209  0.043336 -0.104289 -0.711462 -0.694942  0.160237  0.677604 -0.717758 -0.178415 -0.707169   1.05002 0.00212353 0.919918 0.0785508 1.43678
1  0.982034 -0.183407 0.0443989 -0.101412  -0.71136 -0.695473  0.159138  0.678476 -0.717179 -0.177423 -0.708238   1.04944 0.00217713 0.924025 0.201992 1.87359
1  0.987665 -0.153195 0.0323932 -0.086663 -0.707116 -0.701767  0.130413  0.690303  -0.71167 -0.141086 -0.723827    1.0435 0.00213388 0.919918 0.15371 2.10322
1  0.981168 -0.189044 0.0396435  -0.10434 -0.691447 -0.714853   0.16255  0.697254 -0.698151 -0.181391 -0.736352    1.0286 0.00207906 0.901437 0.0619929 1.7963
1   0.96898 -0.239259 0.0619085 -0.125651 -0.692653 -0.710242  0.212813  0.680431  -0.70123  -0.24567 -0.714731   1.03163 0.00280678 0.815195 0.279175 1.63214
1  0.981441 -0.186867 0.0430677 -0.102597 -0.701408 -0.705338  0.162012  0.687828 -0.707562 -0.180899 -0.722467   1.03884 0.00214569 0.909651 0.062943 3.14958
0   0.990725  -0.134048  0.0222554 -0.0796443  -0.705546  -0.704175   0.110096   0.695871  -0.709678  -0.114225  -0.731621    1.04113 0.002157 0.897331 0.266894 2.77953
0  0.976926  -0.20322  0.065703 -0.111948 -0.749215 -0.652798  0.181887   0.63038 -0.754678 -0.207232  -0.63896   1.08984 0.00312096 0.868583 -0.116265 1.73848
1  0.982303 -0.184457 0.0324961 -0.104669 -0.684505 -0.721455  0.155321  0.705286 -0.691699 -0.171899 -0.748168   1.02146 0.00203484 0.887064 0.207823 1.71555
1  0.981249 -0.188877 0.0384222 -0.105174 -0.691734 -0.714453  0.161522  0.697015 -0.698628 -0.179766 -0.735896   1.02906 0.00212953 0.800821 0.537995 1.83762
1  0.981469 -0.187174 0.0410346 -0.103135 -0.696482 -0.710124  0.161497  0.692733  -0.70288 -0.180085 -0.729617   1.03369 0.00202899 0.899384 0.065174 3.33771
1  0.981734 -0.184947 0.0446464 -0.100575 -0.703669 -0.703374  0.161503  0.686035 -0.709417 -0.180693 -0.719725   1.04089 0.00208062 0.802875 0.570527 3.46975
1   0.982287  -0.180991  0.0485141 -0.0990964   -0.72151  -0.685276   0.159032   0.668331  -0.726665  -0.177599  -0.693578     1.0597 0.00228169 0.928131 0.0382457 1.89213
1  0.988442 -0.147126 0.0365574 -0.078317 -0.702036 -0.707821  0.129804  0.696777 -0.705445 -0.142025   -0.7331   1.03649 0.00206001 0.907598 0.0770497 1.20325
1  0.981767 -0.185462 0.0416705 -0.101807 -0.698155 -0.708672  0.160524  0.691508 -0.704307 -0.179083 -0.727935   1.03527 0.0020463 0.897331 0.0667921 3.16366
1   0.987399  -0.156001  0.0265872 -0.0906516  -0.695287  -0.712993   0.129714   0.701598  -0.700667  -0.139263  -0.741219    1.03136 0.00208465 0.895277 0.171655 1.23404
1  0.981709 -0.184762 0.0459456  -0.10058 -0.708196 -0.698814  0.161653  0.681411 -0.713826 -0.180782 -0.712787   1.04575 0.00216884 0.917865 0.145428 1.62061
1   0.97504 -0.215416 0.0537936  -0.12136 -0.719951 -0.683331  0.185929  0.659747 -0.728124 -0.210411 -0.683301   1.06115 0.00252485 0.817248 0.176018 1.81771
0   0.991281  -0.129782  0.0227721 -0.0758534  -0.703382  -0.706753   0.107741   0.698864  -0.707094  -0.112039  -0.735856    1.03831 0.0020882 0.893224 0.478874 3.83207
1  0.981482 -0.185689  0.047039 -0.102765 -0.717659 -0.688771  0.161655  0.671182 -0.723451  -0.18045 -0.697722   1.05619 0.00217351 0.926078 0.167785 3.05024
0   0.984207  -0.165872  0.0618272 -0.0864702  -0.755248   -0.64971   0.154464   0.634103  -0.757663  -0.174684  -0.642492    1.09303 0.00318245 0.868583 0.154538 3.40264
1   0.986032  -0.163846   0.029909 -0.0954828  -0.703228  -0.704524   0.136466   0.691828   -0.70905  -0.147105  -0.726903    1.04051 0.00210938 0.907598 0.256792 2.90623
1  0.981807 -0.186381 0.0362849 -0.106842 -0.700234 -0.705874  0.156969  0.689155 -0.707408 -0.173581 -0.724223   1.03876 0.00204278 0.903491 0.12293 1.57255
1  0.980661  -0.19163 0.0397678 -0.108482 -0.701355 -0.704509  0.162896  0.686571  -0.70858 -0.181082 -0.720876   1.03997 0.00215132 0.911704 0.0278057 1.20655
1  0.981529 -0.186694 0.0417802  -0.10277 -0.698739 -0.707956  0.161365  0.690586  -0.70502 -0.179952 -0.726483   1.03606 0.00205149 0.901437 0.152174 2.21432
1   0.986609  -0.160042    0.03146 -0.0903441  -0.696813   -0.71154   0.135798    0.69917  -0.701941  -0.147196   -0.73765     1.0328 0.00216851 0.905544 0.144657 1.56384
1  0.982035 -0.184219 0.0408758 -0.100945 -0.695885 -0.711023  0.159429  0.694123 -0.701979 -0.177854  -0.73164   1.03271 0.002049 0.897331 0.039002 1.88213
1  0.982791 -0.181479 0.0344655 -0.100862  -0.68351 -0.722939  0.154756  0.707021 -0.690052 -0.171786 -0.750489   1.01962 0.00197314 0.882957 0.211749 2.68753
0   0.993661  -0.109554  0.0252267 -0.0604768  -0.710066  -0.701533  0.0947685    0.69556   -0.71219 -0.0977212  -0.729903    1.04391 0.00239636 0.915811 -0.0199495 1.74399
1  0.981166 -0.189251 0.0387067 -0.106513 -0.697207 -0.708913  0.161149  0.691439 -0.704233  -0.17903 -0.727812    1.0352 0.00204046 0.901437 0.0661511 1.66007
0  -0.975778  -0.211699 -0.0551448   0.114776  -0.710011   0.694774  -0.186237   0.671616   0.717111   0.215215  -0.700298   -1.04899 0.00273678 0.864476 0.205032 3.95683
1   0.986174  -0.163364  0.0277967 -0.0941519  -0.690408  -0.717267   0.136367   0.704733  -0.696244  -0.147331  -0.745635    1.02654 0.00212617 0.903491 0.16436 1.52283
1  0.982289  -0.18245 0.0426666  -0.10091 -0.706982 -0.699996  0.157879  0.683293 -0.712871 -0.175558 -0.715262   1.04482 0.00222907 0.921971 0.00422237 1.63002
1  0.981687 -0.186468 0.0389988 -0.103315 -0.693117 -0.713383  0.160054  0.696289 -0.699688 -0.178196 -0.734783   1.03024 0.00202692 0.897331 0.0884527 3.18229
1   0.988319  -0.148138  0.0357943 -0.0802455  -0.705507  -0.704146   0.129564   0.693048  -0.709153  -0.141286   -0.72778    1.04068 0.00209399 0.913758 -0.0270022 1.85944
1  0.982084 -0.183319 0.0436539 -0.102813 -0.715373 -0.691138  0.157928  0.674267 -0.721403  -0.17551 -0.702244   1.05394 0.00215381 0.919918 0.16418 1.66167
1    0.98603   -0.16379  0.0302924 -0.0958368  -0.706607  -0.701086   0.136236   0.688389  -0.712433  -0.146858  -0.721972    1.04423 0.00215129 0.909651 0.39448 3.65346
1   0.990407  -0.136255  0.0229898 -0.0794908  -0.697898  -0.711772   0.113027   0.703117  -0.702034  -0.118151  -0.741977    1.03295 0.00212186 0.903491 0.176129 1.59298
0    0.99156  -0.125616  0.0320774 -0.0687122  -0.718997  -0.691608    0.10994   0.683567   -0.72156  -0.116557  -0.713109    1.05411 0.00223186 0.913758 -0.0208251 1.42871
1  0.981439 -0.186534 0.0445155 -0.103962 -0.712575 -0.693851  0.161147  0.676345 -0.718741 -0.179565 -0.705521   1.05098 0.00214947 0.917865 0.0931841 1.68708
1  0.982144 -0.184864   0.03492 -0.101239 -0.675779 -0.730118  0.158571  0.713546 -0.682428 -0.176599 -0.760253   1.01132 0.00202091 0.880903 0.17818 1.64492
1  0.981446 -0.187132 0.0417748 -0.103061 -0.698588 -0.708063  0.161685  0.690621 -0.704912 -0.180374 -0.726604   1.03596 0.00208708 0.903491 0.216042 1.8557
1  0.981176 -0.189334 0.0380361 -0.106814 -0.696152 -0.709904  0.160887  0.692478 -0.703271 -0.178595 -0.729171   1.03426 0.00210519 0.907598 0.00966091 3.06482
1  0.981159 -0.188762 0.0411832 -0.104662 -0.698476 -0.707939  0.162397  0.690291 -0.705072 -0.180933 -0.726125   1.03619 0.00212389 0.907598 0.0960552 1.76224
1  0.981509 -0.187625 0.0379001 -0.106747 -0.700874 -0.705252  0.158886  0.688165 -0.707943 -0.176139 -0.723274   1.03927 0.00203501 0.895277 0.172447 1.66933
1  0.974992 -0.216313 0.0509825  -0.11551 -0.689224 -0.715281  0.189863  0.691504 -0.696975 -0.216058 -0.729632   1.02721 0.00257631 0.806982 0.352925 2.28177
1  0.981134  -0.18898 0.0407736 -0.104553 -0.696069 -0.710322  0.162618  0.692658 -0.702695 -0.181357 -0.729633   1.03356 0.00204501 0.901437 0.201452 3.25488
1    0.98202  -0.179719  0.0577743 -0.0962987   -0.74014  -0.665521   0.162368   0.647992  -0.744139  -0.183239  -0.662807    1.07873 0.0030757 0.868583 0.146206 3.18201
0   -0.96827  -0.240932 -0.0663706   0.132476  -0.720044   0.681166  -0.211904    0.65076   0.729115   0.246581  -0.671843   -1.06202 0.00307206 0.880903 -0.0653255 2.99864
1  0.980053   -0.1951 0.0378433  -0.11069 -0.694024 -0.711392  0.165056  0.693013 -0.701776 -0.183126  -0.73035   1.03248 0.00201536 0.897331 0.120032 2.04429
1   0.987504  -0.153661  0.0349996 -0.0876355  -0.719993  -0.688425   0.130984   0.676755  -0.724462  -0.141754  -0.703885    1.05747 0.0021778 0.926078 0.0644761 1.43305
0   0.991212  -0.130881  0.0192276 -0.0776294  -0.693189  -0.716563   0.107112   0.708773  -0.697257  -0.110911   -0.75051    1.02756 0.00201067 0.882957 0.251028 2.08078
1   0.988395  -0.148036  0.0340704 -0.0805848  -0.701101  -0.708494   0.128769   0.697526  -0.704894    -0.1401  -0.734322    1.03602 0.00210651 0.911704 0.0492733 1.64921
1   0.988201  -0.148997  0.0354801 -0.0819822  -0.710228  -0.699182   0.129375   0.688023  -0.714063  -0.140683  -0.720476    1.04608 0.00210732 0.917865 0.141591 1.73983
1   0.987968   -0.15112  0.0328932 -0.0850611  -0.708572  -0.700493   0.129166   0.689267  -0.712901  -0.139302  -0.722316     1.0448 0.00215478 0.917865 0.212345 1.40486
1   0.986299  -0.162373  0.0291525 -0.0943165       -0.7  -0.707887   0.135348   0.695438  -0.705724  -0.145798  -0.732166     1.0369 0.00210882 0.905544 0.169515 1.77849
1  0.981086   -0.1894 0.0399802 -0.105663 -0.697036 -0.709208  0.162192  0.691569 -0.703865 -0.180539 -0.727998   1.03483 0.00206105 0.903491 0.0883469 1.71849
1  0.979643 -0.198048  0.032809 -0.113998 -0.683357  -0.72113  0.165238   0.70271 -0.692023  -0.18265 -0.745346   1.02169 0.00206274 0.880903 0.419591 3.08052
1   0.988379  -0.147844  0.0353409 -0.0800136  -0.703677     -0.706   0.129246   0.694968   -0.70733  -0.140859  -0.730603    1.03872 0.0021172 0.913758 0.25826 1.66784
1  0.980944 -0.189913 0.0410055 -0.104501 -0.693654 -0.712688  0.163792  0.694822 -0.700282   -0.1828 -0.732851   1.03083 0.00205687 0.899384 0.14626 3.38316
1  0.988937 -0.143719 0.0367337 -0.075872 -0.702855 -0.707276  0.127467  0.696664 -0.705983 -0.139431  -0.73292   1.03713 0.00204348 0.905544 0.225048 2.61969
1   0.982707   -0.17796  0.0511628 -0.0941694  -0.718215  -0.689419   0.159435   0.672679  -0.722553  -0.179189  -0.699735    1.05527 0.00226631 0.815195 0.525071 2.47384
1    0.98717   -0.15596  0.0342428 -0.0879542    -0.7101  -0.698586   0.133267   0.686611  -0.714706  -0.144649  -0.718909    1.04676 0.00218499 0.917865 0.0895612 1.25315
0   0.990983   -0.13263  0.0190234 -0.0794932  -0.696275   -0.71336   0.107859   0.705415   -0.70054   -0.11132  -0.745621    1.03118 0.00208082 0.887064 0.232942 1.7252
1   0.987933  -0.150816   0.035265 -0.0830985  -0.708266  -0.701038   0.130705   0.689648  -0.712252   -0.14221  -0.722944    1.04407 0.00209834 0.915811 0.160472 1.57396
1   0.988341  -0.148311  0.0344431 -0.0822178  -0.710257  -0.699124   0.128152   0.688141   -0.71417  -0.139116    -0.7206    1.04616 0.00210623 0.917865 0.115847 1.79842
