1    0.98959  -0.139815  0.0341024 -0.0753853  -0.705458  -0.704731    0.12259   0.694824  -0.708655  -0.133322  -0.730166     1.0401 0.0021173 0.909651 0.116874 1.63693
1  0.982198 -0.183154 0.0417399 -0.101664 -0.705122 -0.701761  0.157962  0.685024 -0.711189 -0.175716 -0.718218   1.04271 0.00199231 0.897331 0.110268 1.65151
1   0.986819  -0.158504  0.0326315 -0.0894956  -0.702529  -0.706005   0.134829   0.693779  -0.707455  -0.146188  -0.729274    1.03886 0.00212738 0.913758 0.162237 1.73079
1  0.981492 -0.187722 0.0378747 -0.105606 -0.695539 -0.710685  0.159755  0.693532  -0.70249  -0.17745 -0.730908   1.03337 0.00205206 0.899384 0.165817 1.56092
1   0.988682  -0.145671  0.0358733 -0.0786425  -0.706865  -0.702963   0.127759   0.692186  -0.710321  -0.139288  -0.726524    1.04196 0.00212381 0.913758 0.0758276 1.62442
1  0.981509 -0.185546 0.0470422 -0.101969 -0.714805  -0.69185  0.161996   0.67426 -0.720508 -0.180991 -0.702268   1.05295 0.00217784 0.924025 0.132662 1.80491
1   0.986774  -0.159605  0.0283559 -0.0916309  -0.693481  -0.714625   0.133722   0.702575  -0.698933  -0.144387  -0.742556    1.02945 0.00211497 0.901437 0.22675 1.84609
1  0.981549 -0.187331 0.0383284 -0.104916 -0.695217 -0.711102  0.159858   0.69396 -0.702044  -0.17773 -0.731263   1.03287 0.00205082 0.903491 0.0334354 1.81225
1   0.985778  -0.165216   0.030739 -0.0951079  -0.699288  -0.708485   0.138548   0.695485  -0.705057  -0.149983  -0.732498    1.03613 0.00214313 0.903491 0.362282 4.09785
1  0.989175 -0.142541 0.0348694 -0.077163 -0.707362 -0.702627  0.124818   0.69233 -0.710703 -0.135791  -0.72665   1.04248 0.00214394 0.913758 0.132333 1.58081
1   0.987553  -0.154216  0.0309178 -0.0870574  -0.699661  -0.709151   0.130995   0.697633  -0.704379  -0.141746  -0.734837    1.03549 0.0021729 0.913758 0.112316 1.94468
1  0.982121 -0.184476 0.0375058 -0.105578 -0.704722 -0.701584  0.155856  0.685081 -0.711599 -0.172057 -0.718036   1.04322 0.00211729 0.909651 0.0927957 2.57767
1   0.982806  -0.180377  0.0394548 -0.0976815   -0.68926  -0.717899   0.156687   0.701701  -0.695028  -0.174891  -0.742629    1.02506 0.0019604 0.88501 0.184798 1.93853
1  0.985039 -0.170821 0.0227534  -0.10041 -0.676227 -0.729818  0.140055  0.716615 -0.683262 -0.151169 -0.763927   1.01218 0.0018911 0.87269 0.235203 1.63108
1   0.988084  -0.150488  0.0323054 -0.0838088  -0.702083  -0.707146   0.129098   0.696013  -0.706329  -0.140005   -0.73229    1.03767 0.00213666 0.913758 0.0814114 1.72436
1  0.981202  -0.18837 0.0419579 -0.104605 -0.701828 -0.704625  0.162177   0.68699 -0.708339 -0.180687 -0.721275   1.03965 0.00214006 0.909651 0.0650169 1.79282
1   0.98163 -0.185857 0.0431341 -0.101165 -0.698689 -0.708237  0.161768  0.690862 -0.704656 -0.180801 -0.726926   1.03561 0.00202602 0.897331 0.0496354 2.01539
1   0.988762  -0.145925  0.0324918 -0.0818292   -0.71016  -0.699269   0.125115   0.688751   -0.71412   -0.13488  -0.721416     1.0461 0.00208695 0.913758 0.163139 2.04381
0  -0.966575  -0.248143 -0.0644781   0.138722  -0.717676    0.68242  -0.215612   0.650666   0.728111   0.250159  -0.671777    -1.0608 0.00313322 0.749487 0.353698 5.87412
1   0.988276  -0.148391  0.0359152 -0.0810184  -0.709106  -0.700432   0.129405   0.689311  -0.712815  -0.140776  -0.722569    1.04469 0.00215349 0.913758 0.0449637 2.32101
1  0.988093 -0.149828 0.0349872 -0.081638 -0.703296 -0.706194  0.130414  0.694929 -0.707153 -0.142095 -0.730522   1.03856 0.00211041 0.915811 0.120525 2.03826
1   0.981428  -0.184971   0.050836 -0.0983636  -0.712767   -0.69447   0.164691   0.676572  -0.717724   -0.18526   -0.70562    1.04992 0.00217745 0.815195 0.480402 2.11841
1  0.981798 -0.184704 0.0442433 -0.102469 -0.711257 -0.695423  0.159915  0.678231 -0.717237 -0.178109 -0.708024   1.04945 0.00214659 0.919918 0.0795352 1.69837
1  0.981024 -0.188524 0.0452915 -0.103242 -0.705652 -0.700997  0.164115  0.683018 -0.711725 -0.183471 -0.715602   1.04346 0.00219617 0.913758 0.174582 1.42855
1   0.990843  -0.132566   0.025618 -0.0759767   -0.70428  -0.705845   0.111613   0.697436  -0.707903  -0.117243  -0.733778     1.0393 0.00211799 0.901437 0.147464 1.86588
1   0.986991  -0.158204  0.0286397 -0.0917839  -0.700699  -0.707529   0.132002   0.695696  -0.706104  -0.142128  -0.732328     1.0373 0.00216227 0.909651 0.169026 3.02266
0 -0.973309 -0.221881 -0.058644  0.121896 -0.716303   0.68706 -0.194452  0.661573  0.724231  0.224484 -0.686461  -1.05675 0.00291871 0.87269 -0.195801 4.47474
1  0.980326 -0.192458  0.043829 -0.106721 -0.703596 -0.702541  0.166047  0.684041 -0.710293 -0.185394 -0.716977   1.04183 0.00201069 0.802875 0.55216 4.96972
1  0.981705 -0.184797 0.0458755 -0.102274 -0.715003 -0.691601  0.160607  0.674256 -0.720822 -0.179072 -0.702216   1.05327 0.00215748 0.921971 0.00207031 3.1624
0   0.991636     -0.126  0.0279493 -0.0701727  -0.708119  -0.702597   0.108319    0.69476  -0.711039  -0.114111  -0.729524    1.04271 0.00215175 0.905544 0.0631191 1.37557
1   0.990523   -0.13514  0.0245213 -0.0784698   -0.70335    -0.7065   0.112723    0.69788  -0.707288   -0.11802  -0.734389    1.03868 0.00211076 0.903491 0.0746543 1.81964
1  0.981718 -0.184543 0.0466304  -0.10134 -0.714117 -0.692653  0.161124  0.675264 -0.719762 -0.180074 -0.703667   1.05218 0.00216947 0.924025 0.206997 3.15386
1   0.988388  -0.147453  0.0367001 -0.0790399  -0.705183  -0.704606   0.129776   0.693523  -0.708649  -0.141869  -0.728511    1.04006 0.00222495 0.804928 0.491871 2.46875
0    0.999089  -0.0339307   0.0258732 -0.00513265    -0.69752   -0.716547     0.04236    0.715761   -0.697059  -0.0379042   -0.758111     1.02717 0.00300954 0.74538 0.250507 2.95389
1   0.98181 -0.185504 0.0404649 -0.102543 -0.697441 -0.709268  0.159794  0.692217 -0.703777 -0.177967 -0.728761   1.03471 0.00205459 0.901437 -0.0594405 2.16755
1  0.981458 -0.186589 0.0438753  -0.10299 -0.706397 -0.700283  0.161658  0.682779 -0.712516 -0.180361 -0.714972   1.04414 0.00200519 0.800821 0.523044 2.04644
0  -0.973914  -0.218218 -0.0622246   0.120044  -0.728179   0.674792  -0.192562    0.64972    0.73538   0.222408    -0.6687   -1.06878 0.00280077 0.882957 0.143796 3.14066
1     0.9882  -0.148772  0.0364428 -0.0804251  -0.706459  -0.703169   0.130358   0.691941  -0.710088  -0.142255  -0.726197    1.04168 0.0021239 0.915811 0.0929114 3.22531
1  0.979181 -0.198589 0.0420364 -0.114588 -0.711703 -0.693072  0.167554  0.673826 -0.719642 -0.185818 -0.702591   1.05198 0.00217273 0.915811 0.196586 1.61795
1    0.98906  -0.144008  0.0319698 -0.0790853    -0.7006  -0.709158   0.124522   0.698871  -0.704324   -0.13452  -0.736407    1.03535 0.00214208 0.905544 0.0393414 1.70452
1   0.988423  -0.147569  0.0352714 -0.0810878  -0.710261  -0.699253    0.12824   0.688297  -0.714004  -0.139404  -0.720827    1.04599 0.00211585 0.917865 0.155652 2.05309
1   0.982075  -0.183855  0.0415552 -0.0997766  -0.694101  -0.712929   0.159919   0.696003  -0.700004  -0.178728    -0.7344     1.0305 0.00201575 0.893224 0.147336 3.48449
0   0.991052  -0.130786  0.0266467 -0.0738088  -0.703346  -0.707006   0.111208   0.698713  -0.706706  -0.117048  -0.735532    1.03801 0.00212077 0.901437 0.223834 1.88844
1  0.981734 -0.186731 0.0364577 -0.103893 -0.686691 -0.719487  0.159386  0.702557 -0.693549 -0.177021 -0.744163   1.02339 0.00198182 0.887064 0.229153 1.90015
1   0.987276  -0.155423  0.0336252 -0.0869511  -0.704677  -0.704181   0.133141   0.692297  -0.709224  -0.144643  -0.727237    1.04073 0.00218222 0.913758 0.00963505 1.27279
1  0.981317 -0.187783 0.0418941 -0.103213 -0.697558 -0.709056  0.162372  0.691484 -0.703907 -0.181296  -0.72795   1.03489 0.00209656 0.903491 0.0096547 1.19644
1  0.981413 -0.188397 0.0365378 -0.108079 -0.699935 -0.705981  0.158579   0.68891 -0.707287 -0.175332 -0.724017   1.03858 0.00196452 0.897331 0.232441 2.70519
1  0.981247 -0.188161 0.0418204 -0.103699 -0.698218 -0.708334  0.162481  0.690714 -0.704637 -0.181264 -0.726707   1.03564 0.00206724 0.903491 0.190323 3.89165
1  0.980953 -0.188754 0.0458536 -0.104635 -0.712367 -0.693963  0.163653  0.675947 -0.718549 -0.182764 -0.704809   1.05084 0.00208922 0.919918 0.157707 1.80297
1  0.980281 -0.188495 0.0593182 -0.102544 -0.741837 -0.662693  0.168919  0.643543 -0.746538  -0.19031 -0.657164   1.08127 0.00307074 0.864476 -0.015321 2.32449
1  0.982029 -0.183831 0.0427305 -0.100438 -0.700725 -0.706327  0.159787  0.689341 -0.706595 -0.178242 -0.724496   1.03774 0.00206233 0.901437 0.126369 1.38547
1   0.989437   -0.14125  0.0325944 -0.0783655  -0.710349  -0.699473   0.121954   0.689531  -0.713915  -0.131547  -0.722423    1.04581 0.0020933 0.911704 0.143595 1.46331
1  0.981845 -0.185683 0.0387583 -0.102253 -0.690213 -0.716346  0.159764  0.699377 -0.696668 -0.177973 -0.739434   1.02709 0.00204436 0.893224 0.4803 3.36967
1  0.981715  -0.18377 0.0496506 -0.097584 -0.709786 -0.697625  0.163444  0.680024 -0.714741  -0.18389 -0.710542   1.04669 0.00212833 0.813142 0.444481 2.09551
1  0.968758 -0.239548 0.0642322 -0.130342 -0.712099 -0.689874  0.210997  0.659949 -0.721074 -0.243148 -0.685019   1.05312 0.00255218 0.817248 0.269134 3.27136
1   0.984956  -0.170722    0.02677 -0.0992078  -0.685471   -0.72131   0.141493   0.707802  -0.692095  -0.152979  -0.751229     1.0219 0.00186544 0.87269 0.355842 2.99749
1  0.981509 -0.188084 0.0355475 -0.107256 -0.694226 -0.711721  0.158542  0.694748 -0.701563  -0.17548 -0.732675    1.0324 0.00204095 0.897331 0.053494 1.60718
1   0.988166  -0.149512   0.034277 -0.0817938  -0.702644  -0.706825   0.129763   0.695657  -0.706557  -0.141235  -0.731476    1.03788 0.00209425 0.915811 0.0509346 1.55431
1  0.981375 -0.186553 0.0458385 -0.103042 -0.712578 -0.693985  0.162128  0.676336 -0.718529 -0.181103 -0.705133   1.05087 0.00213195 0.924025 0.10998 1.78617
1  0.981359 -0.187071 0.0440413  -0.10215 -0.701837 -0.704975   0.16279  0.687335 -0.707863 -0.182108 -0.721594   1.03925 0.00219996 0.917865 0.129926 3.60038
1   0.986711  -0.159691   0.029996 -0.0910437  -0.696285  -0.711968    0.13458   0.699776  -0.701571   -0.14556   -0.73877    1.03237 0.00209881 0.895277 0.206555 2.01733
1  0.981901 -0.185715 0.0371419 -0.104166 -0.693346 -0.713037  0.158174  0.696263 -0.700142 -0.175607 -0.734891   1.03075 0.00194309 0.889117 0.137546 1.63281
0   0.991188  -0.129675  0.0270393 -0.0730316  -0.705268  -0.705169   0.110512   0.696981  -0.708523  -0.116364   -0.73286       1.04 0.00213735 0.905544 0.172483 1.59941
1   0.990565  -0.135619  0.0196878 -0.0818053  -0.700436  -0.709012   0.109946   0.700712  -0.704922   -0.11363  -0.738713    1.03599 0.00212912 0.895277 0.239654 1.39194
1   0.988772  -0.145983   0.031908 -0.0795967  -0.695261  -0.714336   0.126465   0.703776  -0.699075  -0.137323  -0.743518    1.02958 0.00209726 0.903491 -0.042569 1.65605
1   0.982451  -0.181946  0.0410618 -0.0987272  -0.694038  -0.713137   0.158251   0.696568  -0.699821   -0.17675  -0.735369    1.03038 0.00206337 0.89117 0.0627515 1.55794
1   0.988137  -0.149978  0.0330478 -0.0833937  -0.704699  -0.704588   0.128962   0.693474  -0.708846  -0.139783  -0.728598    1.04037 0.00210473 0.911704 0.0851322 1.85073
1  0.988446 -0.147202  0.036133 -0.079736 -0.707729  -0.70197  0.128904  0.690979 -0.711289 -0.140482 -0.724764   1.04299 0.00209301 0.913758 0.0707937 1.56509
1   0.988151  -0.149372  0.0352798 -0.0810213  -0.702892  -0.706667   0.130354   0.695435  -0.706667  -0.142004   -0.73137    1.03799 0.00213632 0.913758 0.138094 1.8072
1   0.988175  -0.149268  0.0350517 -0.0818043  -0.706606  -0.702863   0.129683   0.691684  -0.710461  -0.141148  -0.725794    1.04213 0.00209247 0.915811 0.224187 1.72175
1   0.983378  -0.176028  0.0445223 -0.0950056  -0.707796  -0.699999   0.154732   0.684134  -0.712754  -0.172949  -0.716364    1.04453 0.00228663 0.919918 0.0442926 1.9417
1  0.981682 -0.186798 0.0375077 -0.104303 -0.691647 -0.714665   0.15944  0.697661 -0.698461 -0.177144 -0.736938   1.02886 0.00194542 0.889117 0.334812 4.24337
1  0.981058  -0.18853 0.0445171 -0.106466 -0.716748 -0.689157  0.161834  0.671363 -0.723243 -0.179922 -0.698301   1.05583 0.00215725 0.919918 0.152064 1.94285
0   0.991008   -0.13253  0.0184347 -0.0792081  -0.692085  -0.717457   0.107843   0.709545  -0.696359   -0.11142  -0.751648    1.02657 0.00202147 0.882957 0.3062 3.1885
0   0.991382  -0.128156  0.0271458 -0.0721398   -0.70706  -0.703464   0.109347   0.695444  -0.710212  -0.115009  -0.730637    1.04186 0.00215246 0.905544 0.0160406 1.84539
1   0.988172  -0.149551   0.033924 -0.0841294  -0.713643  -0.695439   0.128214   0.684359  -0.717784  -0.138567   -0.71532    1.05006 0.00216627 0.917865 0.0662733 2.85467
1   0.983403  -0.172372  0.0566315 -0.0921367  -0.743328  -0.662551   0.156301   0.646337  -0.746873  -0.176209  -0.660207     1.0817 0.00305393 0.86653 0.368515 3.86299
1   0.983445   -0.17632  0.0418022 -0.0965046  -0.704872  -0.702739   0.153372   0.687071  -0.710219  -0.170397  -0.720755    1.04184 0.00227066 0.915811 0.0290294 2.21422
1  0.981759 -0.185803 0.0403278 -0.104167 -0.703083 -0.703437  0.159054  0.686405 -0.709613 -0.176818 -0.720361   1.04114 0.00217416 0.911704 0.100059 1.864
0   0.988183  -0.147019  0.0433573 -0.0822922  -0.747509  -0.659135   0.129315   0.647778  -0.750774  -0.140492  -0.661787    1.08565 0.0027206 0.829569 0.422882 1.67609
0   0.992639  -0.119993  0.0164058 -0.0703264  -0.681379  -0.728544  0.0985991   0.722028  -0.684802  -0.101172  -0.769723    1.01367 0.00208036 0.870637 0.266077 3.22763
0  0.979665 -0.185594 0.0762285 -0.102114 -0.788251 -0.606822   0.17271  0.586698 -0.791174 -0.197154 -0.576129   1.12739 0.00337893 0.870637 0.127483 4.46847
1  0.981891 -0.186161 0.0351198 -0.106135 -0.694123 -0.711989  0.156922  0.695368 -0.701312 -0.173583  -0.73356   1.03205 0.00194448 0.889117 0.251532 2.20093
1  0.982578 -0.181671 0.0391816 -0.100338 -0.696024 -0.710973  0.156434  0.694655 -0.702127 -0.174182  -0.73214   1.03308 0.00216179 0.905544 0.0588342 1.92649
0   0.996294 -0.0824113  0.0246475 -0.0413178   -0.70981  -0.703181  0.0754451   0.699556  -0.710584 -0.0754824  -0.734894    1.04201 0.002592 0.792608 0.178105 2.84916
1   0.982424  -0.180573   0.047291 -0.0960917   -0.70644  -0.701219    0.16003    0.68435  -0.711376  -0.179582  -0.716812    1.04304 0.00221804 0.813142 0.491977 4.72976
0   0.991336  -0.130985 0.00979617 -0.0855386  -0.700382  -0.708624    0.09968   0.701647  -0.705518 -0.0997905  -0.740347     1.0366 0.00233058 0.88501 0.303141 3.14858
1   0.987017  -0.158415  0.0264875 -0.0934112  -0.700332  -0.707679   0.130657   0.696017  -0.706037  -0.139921   -0.73305    1.03725 0.00206584 0.897331 0.251586 3.10861
1  0.981258  -0.18862 0.0394475 -0.105804  -0.69845 -0.707795  0.161056  0.690355 -0.705316 -0.178953 -0.726095   1.03651 0.00213049 0.909651 0.0885889 1.32247
1  0.980848 -0.189822 0.0436556 -0.104616 -0.702474 -0.703979  0.164297  0.685929 -0.708878 -0.183531 -0.719864   1.04026 0.00212634 0.909651 0.0925534 1.88079
1   0.990171  -0.138774  0.0174186 -0.0853395  -0.698134  -0.710863    0.11081   0.702389  -0.703115  -0.114215  -0.741183    1.03411 0.00213851 0.899384 0.154113 1.72324
1   0.986839  -0.158697  0.0310529 -0.0894553  -0.695727  -0.712715    0.13471   0.700557  -0.700766  -0.145867  -0.739606    1.03154 0.00214258 0.903491 0.0153793 1.17106
1  0.982098 -0.184125 0.0397593 -0.104401 -0.707741 -0.698716   0.15679  0.682057 -0.714294 -0.174088 -0.713909   1.04635 0.00221229 0.915811 0.103138 4.43096
1   0.989016  -0.144563  0.0308107 -0.0804223  -0.701188  -0.708426   0.124016   0.698166  -0.705112  -0.133614  -0.735028    1.03631 0.00210253 0.911704 0.0915434 1.85345
1   0.988245  -0.148796  0.0350848 -0.0805541  -0.701885   -0.70772   0.129931   0.696575  -0.705621  -0.141708  -0.732884    1.03688 0.00213042 0.915811 0.05785 1.43136
1   0.990821  -0.132782  0.0253651 -0.0764941  -0.705408  -0.704662   0.111459   0.696254  -0.709089   -0.11693  -0.731839    1.04067 0.00213003 0.907598 -0.00210252 1.17155
1   0.988414  -0.147374  0.0363092 -0.0790762  -0.704191  -0.705593   0.129555   0.694547  -0.707686  -0.141454  -0.729911    1.03906 0.00210592 0.913758 0.0903598 3.57573
0   0.991876  -0.124533  0.0259477 -0.0684895  -0.694694  -0.716037   0.107196   0.708443   -0.69758  -0.112815  -0.749602      1.028 0.00209325 0.89117 0.0915812 1.74029
1  0.987442 -0.155011 0.0304991 -0.085894 -0.688792 -0.719852  0.132592  0.708193 -0.693457 -0.144053 -0.751119   1.02333 0.00202299 0.880903 0.355862 3.17804
1   0.987917  -0.151833  0.0310925 -0.0869752  -0.709185  -0.699637   0.128279   0.688479  -0.713821  -0.138397  -0.721008    1.04581 0.00211763 0.919918 0.044772 1.22073
1  0.981253 -0.188303 0.0410458 -0.103908 -0.696276 -0.710213  0.162315  0.692634 -0.702789 -0.181032 -0.729551   1.03363 0.00202166 0.899384 0.0946685 1.95009
1  0.980877 -0.189623 0.0438475 -0.105321 -0.706603 -0.699729  0.163668   0.68173 -0.713062 -0.182586 -0.713633   1.04482 0.00216386 0.915811 0.0555074 3.08239
1   0.987018  -0.158345  0.0268829 -0.0923695  -0.696567  -0.711521   0.131392   0.699801   -0.70215  -0.141206   -0.73835    1.03299 0.00210755 0.903491 0.0403456 1.39448
1   0.985703  -0.165671  0.0307147 -0.0929034  -0.686463  -0.721206   0.140567   0.708041   -0.69204  -0.153217  -0.751225    1.02186 0.00201034 0.88501 0.136063 1.31544
1   0.988602  -0.147317  0.0310535 -0.0826515  -0.703454  -0.705919   0.125839   0.695306  -0.707611  -0.136071  -0.731174    1.03905 0.00212252 0.911704 0.202478 1.51714
1  0.982604 -0.181244 0.0405002 -0.098138 -0.691889 -0.715304  0.157666  0.698885 -0.697639 -0.176348 -0.738248   1.02801 0.00215497 0.903491 0.165751 1.89976
1   0.990261  -0.138082  0.0178116 -0.0842584  -0.696217  -0.712869   0.110835   0.704425  -0.701071  -0.114417  -0.744147    1.03186 0.00215936 0.899384 0.333646 3.21909
1  0.981677  -0.18465 0.0470648 -0.101649 -0.716353 -0.690294  0.161178  0.672861 -0.721997 -0.180027 -0.700285   1.05459 0.00214109 0.813142 0.50799 3.71965
1   0.98086 -0.190226 0.0415763 -0.104172 -0.693048 -0.713325  0.164507   0.69534 -0.699599 -0.183859  -0.73357   1.03016 0.0020624 0.901437 0.279674 1.54027
1   0.988362  -0.147812  0.0359335 -0.0799158  -0.705545  -0.704145   0.129434   0.693079  -0.709146  -0.141156  -0.727808    1.04066 0.00209364 0.913758 0.1394 3.06893
1   0.988162  -0.149813  0.0330347 -0.0833836  -0.705242  -0.704046   0.128773   0.692957  -0.709386    -0.1397  -0.727877    1.04096 0.0021426 0.913758 0.110351 1.24602
1   0.986348  -0.160752   0.035739 -0.0892686   -0.70431  -0.704258   0.138382   0.691452  -0.709044  -0.151098  -0.726306    1.04054 0.00219432 0.911704 0.0837648 1.81562
1    0.98863  -0.145944  0.0362192 -0.0789852   -0.70897  -0.700802   0.127956   0.689973  -0.712436  -0.138999   -0.72355    1.04421 0.00218579 0.909651 0.00507778 1.28243
1   0.986203  -0.162938  0.0292351 -0.0953023  -0.703241  -0.704535   0.135355   0.692028  -0.709067  -0.145518  -0.727104    1.04064 0.00212867 0.909651 0.149137 1.18596
1  0.981847 -0.184412 0.0443824 -0.100744 -0.705272 -0.701742  0.160711  0.684532 -0.711047  -0.17952 -0.717642   1.04264 0.00218065 0.909651 -0.0248969 1.7802
1    0.99033  -0.136503   0.024749 -0.0794256  -0.704161  -0.705584   0.113741   0.696795  -0.708194  -0.119128  -0.732794    1.03966 0.00211809 0.905544 0.202813 1.86564
0  0.973832 -0.210752 0.0850604 -0.107286 -0.756244 -0.645434  0.200353  0.619418 -0.759065 -0.233754 -0.623598   1.09387 0.00333669 0.87269 0.354249 6.43381
