1   0.982592  -0.180081  0.0456504 -0.0977751  -0.710227  -0.697149   0.157965    0.68055  -0.715471  -0.176022  -0.711527    1.04736 0.00227566 0.913758 0.155881 1.85661
1  0.981731   -0.1858 0.0410291 -0.102389 -0.697598 -0.709135   0.16038  0.691979 -0.703878 -0.178692 -0.728361   1.03478 0.00201676 0.899384 0.242243 3.6716
1  0.981915 -0.184991 0.0402711 -0.100774 -0.690769 -0.716019  0.160275  0.699011 -0.696919 -0.179004 -0.738871   1.02716 0.00199753 0.89117 0.162934 3.27352
1   0.981992  -0.183365  0.0454838 -0.0993851  -0.706144  -0.701058   0.160668   0.683913  -0.711652  -0.179651  -0.716167    1.04337 0.00223977 0.924025 0.0162982 1.85355
0  0.990989 -0.132039 0.0225055 -0.076279 -0.694448 -0.715488  0.110101  0.707324 -0.698263 -0.115079 -0.748301    1.0287 0.00200616 0.887064 0.183469 1.72725
0   0.991519  -0.126642  0.0291982 -0.0706228   -0.71362  -0.696964   0.109101   0.688991  -0.716511  -0.114998  -0.721074    1.04865 0.00211954 0.905544 0.220361 1.47144
1   0.982189  -0.180881  0.0508635 -0.0954799   -0.71361  -0.694006    0.16183   0.676788   -0.71817  -0.182169  -0.705666    1.05035 0.00216419 0.815195 0.513953 2.20282
1   0.988771  -0.145545  0.0339046 -0.0792876  -0.703232  -0.706525   0.126674   0.695903  -0.706875  -0.137541  -0.732478    1.03822 0.00222423 0.903491 0.0783794 2.39642
1   0.987515  -0.153627   0.034825 -0.0852537  -0.707129  -0.701927   0.132461   0.690194  -0.711397  -0.143891   -0.72387    1.04324 0.00215119 0.917865 0.151908 1.71661
0  -0.973421  -0.222251 -0.0552864   0.126488  -0.722954   0.679219  -0.190927   0.654172   0.731851   0.219041  -0.675621   -1.06495 0.00300137 0.87885 -0.115571 4.68186
0  -0.973425  -0.217634 -0.0712677   0.125308  -0.766672   0.629692  -0.191682   0.604028   0.773569   0.219893  -0.601932   -1.10961 0.00346825 0.854209 -0.182597 5.19258
0   0.995002 -0.0976575  0.0208446 -0.0556784  -0.715854  -0.696027  0.0828939   0.691387  -0.717713 -0.0822854  -0.723558    1.04989 0.00241437 0.907598 0.130834 1.73493
1   0.988608  -0.146286  0.0354269 -0.0786824  -0.702931  -0.706893   0.128311   0.696052  -0.706433  -0.139962  -0.732109    1.03768 0.00207237 0.909651 0.0608732 1.62734
1   0.987764  -0.153456  0.0278306 -0.0883317  -0.697536  -0.711085   0.128533   0.699925  -0.702555  -0.138309  -0.738221    1.03357 0.00212795 0.907598 0.0929051 1.98392
0   0.986997  -0.151915  0.0525306 -0.0801333  -0.748323  -0.658476   0.139342   0.645705  -0.750766  -0.154706  -0.658061    1.08582 0.00330032 0.870637 0.00537233 1.87175
1  0.980962 -0.189103 0.0441913 -0.104896  -0.70747 -0.698915  0.163431  0.680974 -0.713838 -0.182317 -0.712258   1.04575 0.00212097 0.917865 0.159923 1.83346
1   0.982445  -0.180798  0.0459826 -0.0970097  -0.705655  -0.701883   0.159347   0.685101  -0.710806  -0.178613  -0.718549    1.04212 0.00224575 0.798768 0.430421 2.29447
1   0.988175  -0.149545  0.0338641 -0.0828407  -0.706547    -0.7028   0.129027   0.691684  -0.710581  -0.140011  -0.725874    1.04238 0.00211465 0.915811 0.0411112 1.1997
1  0.981365 -0.186037 0.0480964 -0.102811 -0.719824 -0.686501  0.162335  0.668763 -0.725536 -0.181322 -0.694305   1.05849 0.00218413 0.926078 0.144444 1.65955
1   0.98105  -0.18932 0.0412239 -0.104715 -0.697081 -0.709304  0.163022  0.691546 -0.703696 -0.181782 -0.727941   1.03464 0.00212168 0.907598 0.0854892 1.6027
1  0.985272 -0.169675 0.0212169 -0.099424 -0.669398 -0.736221  0.139121  0.723268 -0.676409 -0.149887 -0.773911   1.00454 0.00190381 0.86653 0.396563 3.61508
1   0.985617  -0.167447  0.0228211 -0.0994766  -0.684022  -0.722647   0.136615   0.709983  -0.690841  -0.146588  -0.754297    1.02053 0.00189767 0.87269 0.550112 3.63168
1  0.981469 -0.187104 0.0413487 -0.103198 -0.697945 -0.708676  0.161455  0.691277 -0.704321 -0.180052 -0.727429   1.03533 0.0021159 0.907598 0.218012 1.87514
1   0.98539 -0.168687 0.0234694 -0.097862  -0.67359 -0.732598  0.139388  0.719598 -0.680257 -0.150568 -0.768653   1.00889 0.00188554 0.86653 0.392037 4.44631
1  0.980886 -0.190135 0.0413768 -0.105467  -0.69819 -0.708101  0.163524  0.690202 -0.704898 -0.182312 -0.725789   1.03597 0.00214508 0.913758 0.104286 1.84175
1  0.981709 -0.186091 0.0402293 -0.103301  -0.69812  -0.70849  0.159928  0.691375 -0.704574 -0.177942 -0.727683   1.03552 0.0019336 0.89117 0.220799 2.30303
1  0.980972 -0.189053 0.0442004 -0.104862  -0.70751 -0.698881  0.163398  0.680947 -0.713871 -0.182281 -0.712168   1.04577 0.00211157 0.917865 0.208941 1.80972
1   0.989703  -0.140917  0.0250916 -0.0843151  -0.715631  -0.693371   0.115664   0.684116  -0.720144   -0.12067  -0.714287    1.05266 0.00208442 0.907598 0.309145 1.88603
1  0.981843  -0.18514 0.0413287 -0.102696 -0.701951 -0.704782  0.159494  0.687741 -0.708219 -0.177587 -0.722245   1.03958 0.00212121 0.907598 0.200697 1.76676
1  0.981204 -0.186332  0.050198 -0.102421 -0.723307 -0.682889  0.163553  0.664912 -0.728795 -0.183059 -0.688661   1.06193 0.0021957 0.928131 0.100598 1.61303
1  0.981164 -0.189109 0.0394281 -0.106843 -0.701292 -0.704822  0.160939  0.687333 -0.708288 -0.178817 -0.721889   1.03959 0.00205943 0.903491 0.176996 1.88824
1   0.988571  -0.146592  0.0351831 -0.0798826  -0.707284  -0.702402   0.127851   0.691564   -0.71091  -0.138982  -0.725621    1.04253 0.00212047 0.913758 0.163006 1.86984
1   0.98142  -0.18716  0.042251 -0.104087 -0.704326 -0.702205  0.161183   0.68476  -0.71072  -0.17958 -0.717998   1.04234 0.0021733 0.913758 0.123583 2.35442
1  0.981071 -0.190011 0.0373582 -0.108769 -0.700307 -0.705507  0.160216  0.688089 -0.707718 -0.177274 -0.722989   1.03917 0.00204536 0.901437 0.143923 1.264
1  0.980805 -0.189948 0.0440537 -0.108653     -0.72 -0.685416  0.161912  0.667473 -0.726818 -0.179989 -0.693092   1.05971 0.00222064 0.917865 0.0398313 1.95052
1   0.988247  -0.149354  0.0325803 -0.0830888  -0.703706  -0.705616   0.128314   0.694616  -0.707845  -0.139155  -0.730075    1.03932 0.00210834 0.915811 0.159263 1.91428
1   0.988104   -0.14901  0.0380236 -0.0799029  -0.708713  -0.700957   0.131397   0.689581  -0.712189  -0.143707  -0.722814    1.04404 0.00212854 0.915811 0.206626 1.75808
1  0.981662 -0.186008 0.0417103 -0.102143 -0.697999 -0.708776  0.160952  0.691519 -0.704199 -0.179585  -0.72783   1.03516 0.00202901 0.899384 0.184228 1.96504
1   0.990185  -0.137876  0.0228941 -0.0820441  -0.706017  -0.703426   0.113149   0.694644    -0.7104  -0.117793  -0.729582    1.04195 0.00208215 0.903491 0.258301 1.8677
0  0.992272 -0.117971  0.038469 -0.057671 -0.712959  -0.69883  0.109869  0.691211 -0.714253 -0.119295 -0.724048   1.04617 0.00260776 0.809035 0.403947 1.89715
1  0.983441 -0.177969 0.0342134 -0.100982 -0.694896 -0.711985  0.150486   0.69674 -0.701361 -0.165611 -0.735005   1.03201 0.00210614 0.897331 0.210545 1.97702
1   0.98427 -0.175353 0.0215193 -0.104763 -0.677401 -0.728116  0.142254  0.714409 -0.685116 -0.152788 -0.760981   1.01435 0.00203698 0.87885 0.221196 1.97215
1  0.967076 -0.250444  0.045184 -0.127711 -0.631176 -0.765053  0.220122  0.734094  -0.64238 -0.254788 -0.795935  0.966375 0.00317027 0.741273 0.0347359 2.16041
1    0.98846  -0.147213  0.0357065 -0.0827875  -0.722389  -0.686513   0.126858   0.675635   -0.72624  -0.136964  -0.702461     1.0592 0.00220788 0.921971 0.0281183 1.2538
1   0.985319   -0.16867  0.0263974 -0.0973384  -0.682054  -0.724795   0.140256   0.711585  -0.688459  -0.151827  -0.756808    1.01786 0.00180712 0.86653 0.411242 4.25521
1   0.987126  -0.156922  0.0309542 -0.0892072   -0.70078  -0.707778   0.132758   0.695905  -0.705756  -0.143592   -0.73244    1.03707 0.00216251 0.913758 0.169757 3.0311
1   0.988214  -0.148876  0.0356157 -0.0808483  -0.705173  -0.704411   0.129985   0.693229  -0.708898  -0.141655  -0.728117    1.04044 0.00213509 0.915811 0.158019 1.82536
1  0.981879 -0.183671 0.0466862 -0.101924 -0.719494 -0.686979  0.159768  0.669772 -0.725176 -0.178175 -0.695676   1.05799 0.00217603 0.924025 0.0763986 1.64694
1  0.981504 -0.186596 0.0428032 -0.102314 -0.700247 -0.706531  0.161809  0.689083 -0.706386 -0.180656 -0.724196   1.03755 0.00213697 0.909651 0.184538 1.76555
1   0.985769  -0.166134  0.0256842 -0.0960768  -0.682143   -0.72488   0.137948   0.712096  -0.688397  -0.149049  -0.757389     1.0179 0.00186275 0.870637 0.107993 2.64096
1  0.988352 -0.148176 0.0347092 -0.081543 -0.708177 -0.701311  0.128498  0.690311  -0.71201   -0.1397 -0.723645   1.04379 0.00214726 0.809035 0.347027 3.34294
0  -0.972919  -0.223187 -0.0601282   0.122301  -0.717796   0.685427  -0.196138   0.659512   0.725654   0.226483  -0.683402   -1.05818 0.00295631 0.876797 -0.176453 4.02608
0    0.99641 -0.0784317  0.0318684 -0.0330701   -0.70712   -0.70632  0.0779326    0.70273  -0.707175 -0.0805269  -0.739452    1.03843 0.00278356 0.794661 0.397218 2.74167
1  0.981594 -0.186556 0.0408709 -0.102978 -0.697249 -0.709393  0.160839  0.692127 -0.703627 -0.179278 -0.728719   1.03453 0.00202456 0.899384 0.153966 1.77702
1  0.982154 -0.182866 0.0439758 -0.100466 -0.707754 -0.699279  0.158999  0.682382 -0.713495 -0.177366 -0.714013   1.04538 0.00218206 0.919918 0.0810348 1.82721
1  0.981154 -0.188346 0.0431488 -0.103988 -0.702906 -0.703641  0.162857  0.685893 -0.709245  -0.18172 -0.719673   1.04069 0.00214588 0.911704 0.184892 1.71206
1    0.98658  -0.159236  0.0360984 -0.0914723  -0.722169  -0.685642   0.135248   0.673139  -0.727043  -0.146262  -0.699699    1.06015 0.00232181 0.919918 0.149301 1.21477
1   0.982119  -0.182915  0.0445482 -0.0977481   -0.69768   -0.70971   0.160897   0.692665  -0.703084   -0.18044   -0.72933    1.03389 0.00209293 0.901437 0.280741 3.14225
1  0.981052 -0.189726 0.0392613  -0.10764 -0.702231 -0.703765  0.161093  0.686204 -0.709347 -0.178757   -0.7199   1.04074 0.00207696 0.909651 0.288393 1.95022
1   0.989124  -0.143359  0.0328977 -0.0786883  -0.704724  -0.705105   0.124267   0.694847   -0.70834  -0.134596  -0.730225    1.03983 0.00211406 0.913758 0.0304109 1.17762
1  0.981569 -0.185292 0.0467929  -0.10189 -0.714544 -0.692131  0.161682  0.674606 -0.720254 -0.180157 -0.703052   1.05283 0.00234065 0.924025 -0.162639 2.18884
1   0.982504  -0.180594  0.0455064 -0.0993573  -0.714938  -0.692093   0.157522   0.675463  -0.720373  -0.175809  -0.703865    1.05292 0.00220833 0.924025 0.204613 1.64121
1  0.980782 -0.189766 0.0453301 -0.105308 -0.710478 -0.695795  0.164244   0.67765 -0.716808  -0.18335 -0.707328   1.04878 0.00211821 0.917865 0.175259 2.26352
1  0.981313 -0.187957 0.0411825 -0.104012 -0.698227  -0.70828  0.161881  0.690761 -0.704729  -0.18047 -0.726837   1.03575 0.00201611 0.899384 0.234927 2.01925
1  0.981452  -0.18711 0.0417323 -0.103792 -0.701644 -0.704927   0.16118  0.687521 -0.708051 -0.179602 -0.722076   1.03942 0.00215259 0.909651 0.083925 2.12146
1  0.976028 -0.212682  0.046208 -0.114585  -0.68265 -0.721705  0.185038   0.69911 -0.690656 -0.209756 -0.740789   1.02012 0.00240577 0.792608 0.297623 4.19467
1  0.981833 -0.184915 0.0425368 -0.102229 -0.704381 -0.702422  0.159851  0.685313 -0.710489 -0.178202 -0.718642   1.04208 0.00216943 0.913758 -0.0162192 1.9538
1  0.987976 -0.150127 0.0369607 -0.082236   -0.7127 -0.696632  0.130925  0.685216 -0.716476 -0.142664 -0.716489   1.04867 0.00215047 0.919918 -0.0178978 3.1871
1  0.987982 -0.151402 0.0311404  -0.08637 -0.707815 -0.701098  0.128189  0.689982 -0.712385 -0.138252 -0.723411   1.04422 0.00210172 0.915811 -0.0296858 1.98519
1  0.981931 -0.184949 0.0400739 -0.100774 -0.690276 -0.716494  0.160177  0.699509 -0.696441 -0.178835 -0.739539   1.02669 0.0020207 0.893224 0.163323 1.82352
1   0.988029  -0.150354  0.0345277 -0.0827515  -0.705441  -0.703921   0.130194   0.692637  -0.709438  -0.141574  -0.727347    1.04102 0.0021384 0.915811 -0.0352693 2.01262
1  0.981365 -0.186737 0.0453084 -0.103065 -0.710529  -0.69608  0.162177  0.678438 -0.716534 -0.181054 -0.708406   1.04864 0.00213232 0.919918 0.154053 2.08174
1  0.981275 -0.186896 0.0465671 -0.102378 -0.710892  -0.69581  0.163148  0.678014 -0.716715 -0.182524 -0.707781   1.04887 0.00211066 0.919918 0.271634 1.87244
1  0.981335 -0.188868 0.0362018 -0.104147 -0.680211  -0.72558  0.161664  0.708267 -0.687185 -0.180141 -0.752718   1.01629 0.00213185 0.782341 0.470581 4.3078
1   0.98284   -0.1798 0.0412002 -0.101242 -0.712514 -0.694316  0.154194   0.67823  -0.71849 -0.171159 -0.707763   1.05082 0.00216701 0.919918 0.150942 1.2112
1  0.982815 -0.181125 0.0356222 -0.102278 -0.694957  -0.71174   0.15367  0.695865 -0.701539 -0.170256 -0.734099   1.03242 0.0020615 0.893224 0.0794784 1.79279
1   0.987973   -0.15045  0.0356866 -0.0822899  -0.706994  -0.702416   0.130908   0.691031  -0.710872  -0.142604  -0.724916     1.0426 0.00209655 0.915811 0.079053 1.73109
1   0.987324   -0.15488  0.0347015 -0.0862989  -0.707331  -0.701595   0.133208   0.689706  -0.711731  -0.144749  -0.723461    1.04344 0.00217839 0.913758 0.206949 1.84225
0  -0.973423  -0.223164 -0.0514298   0.136551  -0.745872   0.651942   -0.18385   0.627592   0.756523   0.205983  -0.636194   -1.09192 0.00401301 0.864476 0.28043 4.76379
1  0.981574 -0.187833 0.0350796 -0.108746 -0.700087 -0.705729  0.157118   0.68891 -0.707613 -0.173405    -0.724   1.03894 0.00197675 0.897331 -0.0183264 1.99611
1   0.988146  -0.150014  0.0326034 -0.0842404  -0.707414  -0.701761   0.128338   0.690696  -0.711666  -0.139021  -0.724411    1.04357 0.00215551 0.919918 0.0996995 1.36395
1   0.98152 -0.185392  0.047411 -0.102271 -0.717624 -0.688881  0.161736  0.671302 -0.723322  -0.18069 -0.698044   1.05605 0.0021489 0.921971 0.250848 3.01375
1  0.981582 -0.186312 0.0422418 -0.102879 -0.701831 -0.704876  0.160973  0.687548 -0.708072 -0.179465 -0.722039    1.0394 0.00215337 0.909651 0.11978 2.03523
1  0.980842 -0.188223  0.050217 -0.104655 -0.726545 -0.679103  0.164307  0.660837 -0.732324 -0.183607 -0.683033   1.06569 0.0022141 0.926078 0.139922 1.49459
1   0.988027  -0.150168   0.035387 -0.0820755  -0.705821  -0.703619   0.130638   0.692291  -0.709695  -0.142314  -0.726689    1.04129 0.00220732 0.809035 0.419305 3.53467
1     0.9884  -0.147702   0.035353 -0.0798887  -0.703605  -0.706086   0.129165   0.695071  -0.707243  -0.140812  -0.730681    1.03861 0.00209805 0.913758 0.123646 3.44155
1   0.988365  -0.147966  0.0352095 -0.0800362  -0.702816  -0.706855   0.129337   0.695813  -0.706481  -0.141004  -0.731857     1.0378 0.00209843 0.911704 0.0970668 2.23003
1   0.982274  -0.182403  0.0432125 -0.0993659  -0.702139  -0.705072   0.158949    0.68828  -0.707817  -0.177227   -0.72246    1.03921 0.00223243 0.919918 0.183879 3.81999
1   0.987527  -0.153871  0.0333886 -0.0850461  -0.699732  -0.709325   0.132508   0.697638   -0.70409  -0.144085  -0.734827    1.03516 0.00211013 0.909651 0.0827096 1.7561
1   0.984599  -0.172476  0.0285835 -0.0993702  -0.686621  -0.720193   0.143842    0.70626  -0.693185  -0.156118   -0.74895    1.02319 0.00208351 0.889117 0.15359 1.72758
1  0.983034  -0.18031 0.0336531 -0.104578 -0.701689 -0.704767   0.15069   0.68929  -0.70864 -0.165684  -0.72372   1.04036 0.00229588 0.919918 0.0283664 2.36055
1  0.981037 -0.189264 0.0417853 -0.104296 -0.697198 -0.709251  0.163369  0.691443 -0.703716 -0.182381  -0.72779   1.03469 0.00210805 0.907598 0.103533 1.74656
1  0.982526 -0.182009 0.0389204 -0.102469 -0.703532 -0.703237  0.155377  0.686961 -0.709889 -0.172063 -0.720628   1.04145 0.00217879 0.915811 0.197991 3.24351
0   0.991474  -0.126017  0.0331552 -0.0645596  -0.696075  -0.715061   0.113188   0.706824  -0.698275  -0.122246   -0.74722    1.02876 0.00219199 0.901437 0.252991 2.13943
1  0.981973 -0.181825 0.0516683 -0.097408 -0.721014  -0.68604  0.161993  0.668639 -0.725727 -0.181941 -0.693948   1.05855 0.0021815 0.924025 0.0621422 1.28377
1   0.987927  -0.150923  0.0349734 -0.0829993  -0.706234  -0.703097   0.130813   0.691705  -0.710234  -0.142291  -0.725863    1.04189 0.00208819 0.915811 0.265276 1.67137
1  0.981631 -0.186909 0.0382858 -0.107465 -0.707477 -0.698518  0.157646  0.681572 -0.714568 -0.174533 -0.713107   1.04664 0.00218071 0.917865 0.0784085 1.38039
1  0.981787 -0.184224 0.0464397 -0.099877 -0.708407 -0.698702  0.161616  0.681338 -0.713904  -0.18083 -0.712493   1.04579 0.00222419 0.924025 0.126975 2.05258
1  0.981766 -0.185789 0.0402192 -0.102822 -0.696974 -0.709687  0.159884  0.692611 -0.703369 -0.178067 -0.729309   1.03428 0.00207278 0.903491 0.159589 1.91124
1   0.987038  -0.158312  0.0263486 -0.0910251   -0.68744  -0.720514   0.132179   0.708776   -0.69294  -0.142432  -0.751622    1.02309 0.0021571 0.899384 -0.0282478 1.25789
1  0.981438 -0.187223 0.0415674 -0.103193 -0.698222 -0.708404  0.161653  0.690965 -0.704582 -0.180217  -0.72711    1.0356 0.00203635 0.899384 0.120248 2.00248
1  0.988613 -0.145123 0.0397897 -0.076464 -0.712212 -0.697787  0.129603  0.686799 -0.715199 -0.141979 -0.718609   1.04719 0.00210713 0.913758 0.116519 1.62994
1   0.987619  -0.152698  0.0359578 -0.0834561  -0.705505  -0.703774   0.132833    0.69206  -0.709513  -0.144875  -0.726546    1.04113 0.00212695 0.915811 0.0868592 1.52904
1   0.98171 -0.185859 0.0412527 -0.101862 -0.695836 -0.710941   0.16084  0.693736 -0.702041 -0.179425 -0.731209   1.03277 0.00199971 0.893224 0.0911306 1.81521
1   0.988242  -0.148615  0.0359315 -0.0808385  -0.707336   -0.70224   0.129779   0.691078  -0.711033  -0.141449  -0.724915    1.04274 0.00210203 0.915811 0.179193 2.02335
1  0.981825 -0.185561 0.0398251 -0.102601 -0.695502 -0.711161  0.159662   0.69415   -0.7019 -0.177833 -0.731542   1.03268 0.00202042 0.899384 0.195945 1.78878
1   0.97407 -0.219707 0.0540071 -0.119054 -0.700736 -0.703417   0.19239  0.678748 -0.708723 -0.218986 -0.711257    1.0399 0.00244128 0.804928 0.641808 7.09659
1  0.982351 -0.181959 0.0433366 -0.100813 -0.710203 -0.696741  0.157556  0.680076 -0.716012 -0.175459 -0.710555   1.04807 0.00216124 0.919918 0.0405903 1.69208
1  0.975449 -0.213847 0.0526242 -0.114659 -0.697162 -0.707686  0.188024  0.684277 -0.704565  -0.21405 -0.718969   1.03538 0.00249244 0.806982 0.342011 2.31883
1   0.988229  -0.148433  0.0370317 -0.0838942  -0.728238   -0.68017   0.127928   0.669057  -0.732118  -0.138478  -0.692861    1.06574 0.0022768 0.928131 0.131959 1.71894
1  0.981569 -0.186458 0.0419098 -0.102618 -0.699233 -0.707491  0.161222   0.69015 -0.705479 -0.179848  -0.72583   1.03658 0.0020716 0.903491 0.163749 2.05005
1    0.9813 -0.187236 0.0446469 -0.103283 -0.707915 -0.698706  0.162429  0.681028 -0.714015 -0.181346 -0.712211   1.04594 0.00214392 0.919918 0.156137 1.97202
0   0.991077  -0.131476   0.021943 -0.0762945  -0.694518  -0.715419     0.1093   0.707361  -0.698351  -0.113825  -0.748449    1.02873 0.00201983 0.882957 0.308952 3.22822
1  0.981789  -0.18465 0.0446559 -0.102334 -0.712092 -0.694588  0.160055  0.677369 -0.718021 -0.178565  -0.70683   1.05033 0.00213999 0.919918 0.0751032 1.76087
1  0.981996 -0.184734 0.0394701 -0.103573 -0.701269 -0.705333  0.157978  0.688546 -0.707776 -0.175393 -0.723387   1.03905 0.00198264 0.897331 0.260173 1.84039
1  0.982089 -0.182875 0.0453587 -0.100085 -0.710302 -0.696746  0.159636  0.679727 -0.715883 -0.178297 -0.710089   1.04795 0.00220593 0.924025 0.108334 1.92915
