0   0.992023  -0.119576  0.0399114 -0.0644513  -0.753198  -0.654628   0.108339   0.646834  -0.754897  -0.115313  -0.658272    1.09025 0.00338324 0.858316 0.0823668 0.694494
1   0.990654  -0.133523  0.0278521 -0.0753289  -0.705818  -0.704377   0.113709   0.695696   -0.70928  -0.119989  -0.731247    1.04079 0.00214586 0.903491 0.146482 0.475176
1   0.986499  -0.160944  0.0302891 -0.0914637  -0.694864  -0.713301   0.135848     0.7009  -0.700203  -0.147481  -0.740144    1.03092 0.00214629 0.903491 0.0929201 0.448468
0   0.993769  -0.102874  0.0429065 -0.0431269  -0.709834  -0.703048   0.102782   0.696816  -0.709847  -0.112723  -0.732267    1.04114 0.00290727 0.794661 0.394272 1.14473
1    0.98635  -0.161535  0.0319283 -0.0922435  -0.702695  -0.705487   0.136396   0.692912  -0.708004   -0.14764  -0.728447    1.03943 0.00214428 0.909651 -0.0213756 0.537696
1  0.981057 -0.187713  0.047858 -0.101753 -0.709565 -0.697255  0.164842  0.679177 -0.715224  -0.18464 -0.709569   1.04715 0.0021776 0.919918 0.0900111 0.418974
1  0.987016 -0.156833 0.0346741 -0.087141   -0.7042 -0.704634  0.134928  0.692463 -0.708723 -0.146759 -0.727208   1.04031 0.00215599 0.917865 0.17383 0.360954
0   0.991538   -0.12585  0.0318534 -0.0659359  -0.699576   -0.71151   0.111828   0.703388  -0.701954  -0.119668  -0.742211    1.03267 0.00208825 0.893224 0.259235 0.692945
0   0.991633  -0.125756  0.0291518 -0.0702164  -0.714944  -0.695647   0.108323   0.687779  -0.717792  -0.114345  -0.719389    1.05018 0.00222988 0.911704 0.115743 0.389557
1   0.987111  -0.153351  0.0457759 -0.0779638  -0.710587  -0.699277   0.139762   0.686695  -0.713384  -0.155264  -0.718585    1.04524 0.00239348 0.815195 0.459148 0.72738
0   0.994177  -0.106829  0.0141162 -0.0652615  -0.701158  -0.710013  0.0857478   0.704958  -0.704047 -0.0842864  -0.743641    1.03499 0.00236844 0.901437 0.0538104 0.511884
0   0.983043  -0.172975  0.0608785 -0.0912809   -0.74952  -0.655658   0.159042   0.638983    -0.7526  -0.179628   -0.64976    1.08759 0.00307798 0.868583 0.209054 0.527513
0   0.991886  -0.123167  0.0315079 -0.0675052   -0.72025  -0.690422   0.107731   0.682693   -0.72272   -0.11394  -0.711837    1.05543 0.00232254 0.917865 0.0954819 0.467888
0    0.98958  -0.139684  0.0349224 -0.0811803  -0.741598  -0.665915   0.118916   0.656141   -0.74521  -0.125729  -0.672893    1.08002 0.00306052 0.86037 -0.079584 0.687322
1   0.986738  -0.158878  0.0332705 -0.0901808  -0.706976  -0.701464   0.134968    0.68916  -0.711928  -0.146257  -0.722775    1.04372 0.00215807 0.913758 0.0228712 0.535141
1  0.981485 -0.186598 0.0432252 -0.103653 -0.707211 -0.699364  0.161069  0.681934 -0.713458 -0.179441  -0.71361   1.04529 0.00213047 0.915811 0.193712 0.543485
1  0.981859 -0.184777 0.0425568 -0.102754 -0.707133 -0.699574  0.159358   0.68251 -0.713292 -0.177372 -0.714483    1.0451 0.00218012 0.915811 0.0688965 0.592922
1   0.987692  -0.153305  0.0310053 -0.0867539  -0.701908  -0.706964   0.130144   0.695574  -0.706569  -0.140767  -0.731897    1.03783 0.00210453 0.907598 0.155638 0.642211
1   0.986585  -0.160143  0.0316909 -0.0909991  -0.700656  -0.707673   0.135533   0.695295  -0.705829  -0.146848  -0.731896    1.03704 0.00213906 0.907598 0.116784 0.495343
1   0.987869  -0.151744  0.0329795 -0.0848767   -0.70548  -0.703629   0.130038   0.692295  -0.709801  -0.140936  -0.726806     1.0414 0.0021075 0.915811 0.00529382 0.483329
1  0.981056 -0.190309 0.0362143 -0.105669 -0.682375 -0.723325  0.162367  0.705795 -0.689558 -0.180479 -0.748873   1.01919 0.00198826 0.887064 0.381816 0.793333
0   0.993066   -0.11393  0.0289948 -0.0638139  -0.729535   -0.68096  0.0987343   0.674388  -0.731746   -0.10239   -0.69861     1.0652 0.00269065 0.819302 0.510956 0.882115
1  0.981313 -0.186577 0.0470503 -0.102496 -0.713797 -0.692812  0.162847  0.675043 -0.719581  -0.18203 -0.703458   1.05206 0.00217105 0.924025 0.0889523 0.495773
1   0.988333  -0.149033   0.031415 -0.0835854   -0.70315  -0.706111   0.127323   0.695247  -0.707404   -0.13778  -0.730525    1.03886 0.00213003 0.919918 0.15628 0.581544
0   0.991533  -0.126532  0.0291813 -0.0688428  -0.702767  -0.708081   0.110103   0.700077  -0.705528  -0.116613  -0.737285    1.03678 0.00212984 0.901437 0.115612 0.604952
1  0.966787 -0.248837 0.0583408 -0.135974 -0.694045 -0.706975  0.216412  0.675561 -0.704829 -0.248514 -0.708508   1.03558 0.0026167 0.804928 0.36458 0.661395
1   0.987609  -0.153184  0.0341141 -0.0848731   -0.70418   -0.70493   0.132007     0.6933  -0.708456  -0.143408  -0.728651    1.03991 0.00214549 0.909651 0.133915 0.597194
1   0.984651  -0.171561  0.0320672 -0.0998193  -0.704277  -0.702873    0.14317   0.688884  -0.710592  -0.154901  -0.723181    1.04226 0.00223769 0.909651 -0.0226049 0.34569
1   0.987307  -0.155372  0.0329205 -0.0864571  -0.699662  -0.709224   0.133227   0.697376  -0.704214  -0.144753  -0.734826    1.03525 0.00216114 0.905544 0.161709 0.403407
0   0.992065   -0.12244  0.0285692 -0.0662377  -0.702113  -0.708978   0.106866    0.70146  -0.704652  -0.112718  -0.739778    1.03565 0.00227051 0.89117 0.11375 0.450454
1  0.981941 -0.186654 0.0308533 -0.109619 -0.694259 -0.711328  0.154192    0.6951 -0.702182 -0.169337 -0.733595   1.03299 0.00207158 0.88501 0.17866 0.442217
1  0.981276  -0.18827 0.0406319 -0.107269 -0.709425  -0.69657  0.159968   0.67917 -0.716337 -0.177358 -0.709778   1.04813 0.00207233 0.903491 0.0661036 0.460492
1    0.98714   -0.15738  0.0280401 -0.0895526   -0.68972  -0.718517    0.13242   0.706766  -0.694944  -0.142871  -0.748358    1.02522 0.00210351 0.901437 0.0334141 0.740426
1   0.987352  -0.154486  0.0356496 -0.0839952  -0.700395  -0.708796   0.134468   0.696836  -0.704513  -0.146813  -0.733769    1.03565 0.00214221 0.909651 0.144481 0.519413
1  0.980654 -0.192454 0.0357733 -0.110124 -0.693483 -0.712007  0.161837  0.694292 -0.701261  -0.17921 -0.732477   1.03187 0.00201371 0.89117 0.268793 0.543018
0  -0.981597   -0.18518 -0.0466461   0.101735  -0.713816   0.692905  -0.161609   0.675408   0.719519   0.183464  -0.704567   -1.05176 0.00274334 0.874743 0.338751 0.91362
1  0.981795 -0.184646  0.044556 -0.101637 -0.708853 -0.697996  0.160466   0.68076 -0.714715 -0.179098 -0.711909   1.04665 0.00215393 0.915811 -0.0163717 0.498333
1   0.986866  -0.158214  0.0326108 -0.0874298  -0.692873   -0.71574   0.135835   0.703488  -0.697605  -0.147957  -0.744065    1.02808 0.00214679 0.897331 0.133814 0.691095
1  0.980927  -0.18827 0.0483456 -0.106133 -0.727138 -0.678237  0.162846   0.66017 -0.733251 -0.181452 -0.681999   1.06675 0.00220022 0.926078 0.0905135 0.550939
1   0.988053  -0.149061  0.0391359 -0.0797301  -0.711729  -0.697915   0.131886   0.686457  -0.715111  -0.144376  -0.718424      1.047 0.00208754 0.907598 0.0913125 0.621378
0    0.99108  -0.131744  0.0201131 -0.0779036   -0.69515  -0.714631    0.10813    0.70669  -0.699212  -0.112021  -0.747455    1.02971 0.00200578 0.882957 0.245247 0.506633
1   0.988556  -0.147682  0.0307885 -0.0830526  -0.703159  -0.706165   0.125937   0.695526  -0.707377   -0.13614  -0.731621    1.03876 0.00213824 0.909651 0.136519 0.685512
1  0.987455 -0.154507 0.0325683 -0.086431 -0.701495 -0.707414  0.132147  0.695724 -0.706049 -0.143345 -0.732041   1.03729 0.0021506 0.913758 0.112135 0.820286
1  0.980809 -0.189611 0.0453956 -0.102184 -0.698211 -0.708562  0.166047  0.690325 -0.704187 -0.185985 -0.725669   1.03529 0.00227497 0.921971 0.0786209 0.598351
1   0.981999  -0.177692  0.0640526 -0.0891784  -0.735099  -0.672069   0.166506   0.654259  -0.737713  -0.189493  -0.671766    1.07172 0.00315769 0.864476 0.100352 0.738943
1   0.987907  -0.150536  0.0371323 -0.0833899  -0.717769   -0.69127   0.130713   0.679814  -0.721642  -0.142243  -0.708652    1.05424 0.00215302 0.919918 -0.0151932 0.526854
1  0.981159  -0.18873 0.0413291 -0.103953 -0.696009 -0.710469  0.162852  0.692787 -0.702514 -0.181703 -0.729678   1.03339 0.00211773 0.907598 0.0698642 0.660649
1   0.985115  -0.164238  0.0507409 -0.0869348  -0.730658  -0.677186   0.148294   0.662695   -0.73406  -0.165408  -0.683466    1.06801 0.0029864 0.852156 0.170864 0.701596
0   0.99124 -0.130549 0.0200138 -0.076778 -0.692877 -0.716956  0.107465  0.709139 -0.696831  -0.11131 -0.751095   1.02707 0.00202182 0.880903 0.352837 0.842194
1   0.987303     -0.155  0.0347442 -0.0866782  -0.708994  -0.699867   0.133113    0.68797  -0.713427   -0.14448  -0.720217    1.04541 0.00210582 0.919918 0.125333 0.525693
1  0.981625 -0.184679  0.048023 -0.101108 -0.716816 -0.689893  0.161832  0.672361 -0.722317 -0.181358 -0.699374   1.05484 0.00202941 0.813142 0.524023 0.937401
1  0.985049 -0.170831 0.0222693 -0.101773 -0.681338 -0.724859  0.139001  0.711755 -0.688537 -0.149237 -0.756949   1.01795 0.00183002 0.868583 0.392778 0.784935
1   0.987173  -0.154872  0.0387762 -0.0879826    -0.7304  -0.677329   0.133221   0.665229  -0.734658   -0.14442  -0.687622    1.06825 0.00225253 0.924025 0.0537989 0.55521
1  0.973675 -0.222023 0.0516084 -0.121461 -0.696947 -0.706761  0.192885  0.681887 -0.705567 -0.219415 -0.715978   1.03654 0.0022876 0.905544 0.0453956 0.575849
0   0.994671  -0.102189  0.0137096 -0.0601018  -0.682706  -0.728217  0.0837754   0.723512  -0.685209 -0.0822408  -0.771165    1.01426 0.00228137 0.868583 0.177137 1.01529
1  0.968991 -0.239457 0.0609594 -0.132444 -0.711604 -0.689984  0.208601  0.660515 -0.721253 -0.239428 -0.685198   1.05353 0.00252684 0.825462 0.548037 1.32353
1  0.982127 -0.184332 0.0380541 -0.102582 -0.693729 -0.712894  0.157809  0.696249 -0.700239   -0.1755 -0.734589    1.0308 0.00196688 0.893224 0.255517 0.488155
1    0.98241  -0.183015  0.0370951 -0.0975172  -0.672218  -0.733903   0.159251   0.717376  -0.678241  -0.178169  -0.765818    1.00654 0.0020393 0.876797 0.202412 0.963752
1  0.981279 -0.188555 0.0392313 -0.105434 -0.696398 -0.709868   0.16117  0.692442 -0.703241 -0.179264 -0.729361   1.03414 0.00204273 0.899384 0.104614 0.605812
1   0.987775  -0.151558  0.0364879 -0.0837424  -0.713311  -0.695827   0.131485   0.684265  -0.717282  -0.142841  -0.715044    1.04949 0.00214397 0.919918 0.157501 0.481072
1   0.987234  -0.156257  0.0308582 -0.0902033  -0.708189  -0.700237   0.131271   0.688514  -0.713243  -0.141344  -0.721541    1.04526 0.00214466 0.915811 0.14344 0.433547
0   0.991228  -0.129103  0.0282671 -0.0714585  -0.703471  -0.707123   0.111177     0.6989  -0.706526  -0.117594  -0.735774     1.0377 0.00201115 0.893224 0.0460019 0.469565
1   0.987339   -0.15389  0.0384533 -0.0833682  -0.709684  -0.699571   0.134947   0.687508  -0.713528  -0.147569  -0.719716    1.04544 0.00214722 0.919918 0.0882128 0.600205
1   0.982889   -0.17942   0.041679 -0.0978936  -0.700491  -0.706915    0.15603   0.690739   -0.70607  -0.173985  -0.726477    1.03721 0.00209651 0.899384 0.131016 0.491448
1   0.990472  -0.134485  0.0296406 -0.0734827  -0.698158  -0.712163   0.116469     0.7032  -0.701388  -0.124721   -0.74208    1.03219 0.00217903 0.907598 0.00691621 0.763066
1   0.988398  -0.145993  0.0418976 -0.0752665  -0.710391  -0.699771   0.131925   0.688499  -0.713138  -0.145336  -0.721106    1.04497 0.00214759 0.913758 0.229925 0.54099
0   0.996359   -0.08496 0.00704972 -0.0549019  -0.702716  -0.709349  0.0652203    0.70638  -0.704822 -0.0588219  -0.745141     1.0357 0.00255501 0.88501 0.0780172 0.948285
1    0.98393  -0.173555  0.0419481 -0.0920707  -0.694454  -0.713622   0.152984   0.698293  -0.699274  -0.171243  -0.737203     1.0297 0.00207265 0.89117 0.00527529 0.935397
1  0.979926 -0.193757 0.0469308 -0.109383 -0.719359 -0.685972  0.166672  0.667069 -0.726112 -0.185643 -0.692534    1.0588 0.00221056 0.917865 0.111244 0.48811
1  0.975973 -0.209623 0.0594483 -0.110894 -0.712727  -0.69262   0.18756  0.669387 -0.718848 -0.214182 -0.695242   1.05132 0.00291984 0.848049 0.0885734 0.664223
0   -0.97938  -0.189535 -0.0699424   0.106858  -0.779796   0.616847  -0.171455   0.596653   0.783969   0.195866  -0.590343   -1.12045 0.00353049 0.86037 -0.257981 1.13985
1  0.981473 -0.186216  0.045099 -0.102077 -0.707394  -0.69941  0.162144  0.681848 -0.713297 -0.181106  -0.71339   1.04514 0.00217405 0.919918 0.0313767 0.385311
0 -0.974881 -0.210688 -0.072238  0.120069 -0.770304  0.626271 -0.187593  0.601866  0.776251  0.215797 -0.599241  -1.11198 0.00311552 0.782341 0.188611 0.520142
1   0.988702  -0.147162  0.0284876 -0.0861461  -0.713395  -0.695447   0.122666   0.685135  -0.718013  -0.131183  -0.715976    1.05039 0.0021159 0.917865 0.221247 0.473262
0   0.990348  -0.137446  0.0178519 -0.0866769  -0.714686  -0.694054   0.108153   0.685808  -0.719701  -0.110744  -0.716688    1.05224 0.00217722 0.907598 0.0068842 0.49889
1   0.986179  -0.160997  0.0391217 -0.0881458  -0.709764  -0.698903   0.140289   0.685796  -0.714145  -0.153434  -0.717772    1.04615 0.00221738 0.919918 0.0693385 0.54988
1   0.988542   -0.14251  0.0497577 -0.0688148  -0.718867  -0.691734   0.134348   0.680384  -0.720437  -0.149534  -0.709445    1.05274 0.00257779 0.809035 0.348384 0.86511
1    0.98212  -0.182912  0.0445388 -0.0997829  -0.706401  -0.700744   0.159637    0.68377  -0.712022   -0.17822  -0.716471     1.0436 0.00212198 0.903491 0.161827 1.51512
1   0.989767  -0.141319   0.019759 -0.0864081  -0.703775  -0.705149   0.113557   0.696226  -0.708784  -0.117603  -0.732215    1.04027 0.00209937 0.901437 0.238827 0.960267
1   0.987257  -0.155459  0.0339966 -0.0862956  -0.702512  -0.706421   0.133703   0.694485  -0.706975  -0.145436  -0.730249    1.03837 0.00213137 0.913758 -0.0160056 0.57324
1  0.982244 -0.184378 0.0346563 -0.103426 -0.686305 -0.719923  0.156523  0.703556 -0.693188 -0.173448  -0.74549    1.0231 0.00198245 0.887064 -0.0235109 0.647289
1   0.989026  -0.145462   0.025849 -0.0860822  -0.709571  -0.699356   0.120071   0.689457  -0.714306  -0.126278  -0.722226    1.04642 0.00210965 0.909651 0.118522 0.452069
0  0.970296 -0.228682 0.0789272 -0.126217 -0.756864 -0.641269  0.206384  0.612259 -0.763246 -0.237669  -0.61444   1.09857 0.0032565 0.868583 0.145879 0.728686
1   0.982713  -0.179364  0.0458758 -0.0970411  -0.710057  -0.697425   0.157667   0.680917  -0.715188  -0.176053  -0.711561    1.04734 0.00226337 0.926078 -0.0772479 0.460168
1   0.985496  -0.162234  0.0497698 -0.0870584  -0.735098  -0.672348   0.145664   0.658263  -0.738561  -0.162004  -0.676777    1.07277 0.002948 0.852156 -0.134497 0.602487
1  0.988356 -0.147174 0.0386325  -0.07778 -0.706882 -0.703042  0.130778  0.691851 -0.710098  -0.14324 -0.726126   1.04169 0.00209039 0.909651 0.107311 0.675253
1   0.981696  -0.184227  0.0483069 -0.0990321  -0.710419  -0.696777   0.162683   0.679239   -0.71566  -0.182346  -0.709377    1.04767 0.00220581 0.924025 0.202701 0.914956
0   0.993213  -0.111377  0.0335081 -0.0508784  -0.675124  -0.735948    0.10459   0.729248  -0.676208  -0.113041  -0.781073    1.00417 0.00285149 0.741273 0.0433167 0.623782
0    0.99356  -0.105763  0.0406439 -0.0489059  -0.723895  -0.688174   0.102205   0.681755  -0.724406  -0.110549  -0.708721    1.05749 0.00293528 0.831622 -0.0264801 0.598091
1  0.987886 -0.152215 0.0301867 -0.086734 -0.702913 -0.705968  0.128678  0.694797 -0.707601 -0.138807 -0.730534   1.03907 0.0021191 0.913758 0.18617 0.499775
0  -0.983628  -0.172481 -0.0522082  0.0905994   -0.72374   0.684099  -0.155779   0.668169   0.727518   0.177912  -0.693457   -1.06023 0.00267489 0.870637 -0.110471 0.791417
0   0.990542  -0.135937  0.0186442 -0.0775092  -0.666488  -0.741476    0.11322   0.733018  -0.670721  -0.119024  -0.786927   0.997873 0.00209859 0.854209 0.249188 0.833942
1  0.982952 -0.182645 0.0211064 -0.114876 -0.699719 -0.705122  0.143555  0.690676 -0.708772 -0.152755 -0.726162    1.0404 0.00229992 0.905544 0.124455 0.464882
1  0.982146 -0.183688 0.0405882 -0.101036  -0.69707 -0.709848  0.158684  0.693074 -0.703184 -0.176816 -0.730004   1.03408 0.00202499 0.897331 -0.0627149 0.543811
1  0.981852 -0.185948 0.0372857 -0.103519 -0.690208 -0.716168  0.158905  0.699311 -0.696931 -0.176695   -0.7394   1.02719 0.00193379 0.887064 0.269072 1.03694
1  0.981673 -0.186715 0.0381494 -0.105114 -0.697476 -0.708857  0.158963  0.691856  -0.70432  -0.17646 -0.728354   1.03533 0.002065 0.901437 0.106443 0.528606
1   0.987803  -0.149229  0.0444407 -0.0767522  -0.714996  -0.694903   0.135475   0.683016  -0.717729  -0.149518  -0.713102    1.05004 0.00226445 0.924025 0.0284742 0.357683
1   0.982826  -0.177583  0.0501669 -0.0961306  -0.724768  -0.682254   0.157516   0.665715  -0.729392  -0.176257   -0.68944    1.06254 0.00220052 0.815195 0.543717 1.12458
1   0.990507  -0.134021  0.0305599 -0.0744318  -0.709819  -0.700441   0.115566   0.691517  -0.713056   -0.12319  -0.724916    1.04495 0.0024091 0.804928 0.371363 0.566346
0   0.988122  -0.143377  0.0552948 -0.0735182  -0.757045  -0.649213   0.134943   0.637436  -0.758594  -0.149866   -0.64617    1.09406 0.0032829 0.862423 0.208288 1.09791
1   0.985599  -0.165972  0.0323695 -0.0978342  -0.715818    -0.6914   0.137923   0.678276  -0.721747  -0.148635  -0.706358    1.05439 0.00223741 0.926078 0.0951883 0.40498
1   0.988941  -0.143249  0.0384112 -0.0758719  -0.711193   -0.69889   0.127433   0.688247  -0.714197  -0.139116  -0.720592    1.04625 0.00213073 0.915811 0.129175 0.451283
1   0.988127  -0.149087  0.0371307 -0.0812151   -0.71199  -0.697477   0.130422    0.68618  -0.715645  -0.142148  -0.717871    1.04772 0.0021358 0.917865 0.149676 0.523628
1   0.986716  -0.159841  0.0290178 -0.0902441  -0.687838  -0.720233   0.135083   0.708047  -0.693125  -0.146415   -0.75075    1.02302 0.00209274 0.893224 0.129169 0.376154
1   0.984189  -0.170963  0.0462983 -0.0917268  -0.715577  -0.692485   0.151519   0.677289  -0.719945  -0.168968  -0.706143     1.0523 0.0022711 0.919918 0.109834 0.530587
1   0.987219  -0.158562  0.0159922 -0.0985494  -0.686259  -0.720651   0.125243   0.709864  -0.693114  -0.132167  -0.753187    1.02303 0.00216008 0.89117 0.144532 0.938107
1   0.988308  -0.148316  0.0353519 -0.0814455  -0.709548  -0.699934   0.128895   0.688871  -0.713332  -0.140198  -0.721748    1.04524 0.00210464 0.915811 0.205172 0.653415
1   0.989054  -0.143498  0.0343748 -0.0774419  -0.703096  -0.706865   0.125602   0.696466  -0.706512  -0.136256  -0.732405    1.03779 0.002122 0.913758 0.25342 0.453266
1  0.965153 -0.250103  0.076997 -0.130679 -0.715556 -0.686224  0.226722  0.652249 -0.723304 -0.264924 -0.674638   1.05531 0.00292641 0.821355 0.273291 1.27825
1   0.988752   -0.14438  0.0390457 -0.0775281  -0.717998  -0.691714   0.127905   0.680907  -0.721115  -0.139601  -0.710035    1.05374 0.00220067 0.921971 0.095952 0.518511
0    0.99444  -0.104808  0.0102596 -0.0671188  -0.705865   -0.70516  0.0811482    0.70055  -0.708974 -0.0775329  -0.737217    1.04031 0.00225285 0.882957 0.190389 0.775631
1   0.987956  -0.151869  0.0296432 -0.0877441   -0.70765  -0.701094   0.127451   0.690049  -0.712452  -0.136987  -0.723578    1.04432 0.00206439 0.911704 0.237088 0.522203
1   0.982141  -0.182339  0.0463769 -0.0995209  -0.712671  -0.694403   0.159668   0.677386   -0.71809  -0.178424  -0.707008    1.05033 0.00219649 0.915811 0.145331 0.514473
1   0.986854  -0.158437  0.0318943 -0.0878796  -0.691678  -0.716839   0.135634   0.704612  -0.696509  -0.147591  -0.745411    1.02678 0.00207216 0.897331 0.108985 0.909039
1   0.987025  -0.158424  0.0261591 -0.0928084   -0.69582  -0.712194   0.131031   0.700526  -0.701495  -0.140783  -0.739372    1.03231 0.00214114 0.905544 0.109104 0.441417
1   0.986032  -0.164637  0.0252097 -0.0986753  -0.699376   -0.70791   0.134179   0.695534  -0.705853    -0.1437  -0.732276    1.03716 0.00213933 0.907598 0.0816736 0.565255
1   0.986489  -0.159546  0.0372136 -0.0905313  -0.720199  -0.687836   0.136543   0.675173  -0.724912  -0.148109  -0.702303    1.05789 0.00218845 0.919918 0.165038 0.476009
