1   0.988863  -0.146325  0.0271959 -0.0822575   -0.68962  -0.719485   0.124033   0.709235  -0.693975  -0.133524  -0.751653    1.02412 0.00211967 0.899384 0.11055 0.616807
1  0.974099 -0.221718 0.0444012 -0.125075 -0.691906 -0.711071  0.188379    0.6871 -0.701717 -0.212413  -0.72412   1.03237 0.00228746 0.89117 0.146167 1.21482
1   0.987986  -0.150773   0.033937 -0.0832609  -0.704285  -0.705018   0.130199   0.693722  -0.708377  -0.141564  -0.728931    1.03981 0.00211892 0.913758 0.0479981 0.690747
1   0.987587  -0.154714  0.0271197 -0.0909857  -0.704215  -0.704132   0.128037   0.692924  -0.709551  -0.137354  -0.728727      1.041 0.00222429 0.897331 0.0115949 0.681189
1   0.989083  -0.142844  0.0362065 -0.0773337  -0.712298  -0.697604   0.125438   0.687188  -0.715569  -0.136431  -0.718988    1.04764 0.00212591 0.917865 -0.0235386 0.556879
1  0.988797 -0.145521 0.0332209 -0.079825 -0.703596 -0.706102  0.126127   0.69554  -0.70733 -0.136855 -0.731401   1.03869 0.0020794 0.909651 0.271466 1.28233
1  0.986413 -0.161426 0.0305092 -0.090595 -0.689419 -0.718676  0.137047  0.706147 -0.694676 -0.148952 -0.748359   1.02475 0.00204756 0.88501 0.186223 0.604237
1   0.987955  -0.150999  0.0338176 -0.0835003  -0.704228  -0.705047   0.130277   0.693731  -0.708354  -0.141591   -0.72881    1.03987 0.00209428 0.915811 0.147485 1.02259
0   0.991919  -0.124931  0.0221158 -0.0742135  -0.712713  -0.697519   0.102904   0.690241  -0.716225  -0.105716  -0.721825    1.04857 0.00257164 0.811088 0.386208 1.0056
0   0.991222   -0.13077  0.0194595 -0.0775223  -0.694108  -0.715685   0.107097   0.707894  -0.698152  -0.110688   -0.74924    1.02854 0.0020383 0.882957 0.370754 1.46006
0   0.981858  -0.179435  0.0613096 -0.0953461  -0.746668  -0.658328   0.163905   0.640539   -0.75023  -0.184795  -0.653137    1.08468 0.00249616 0.936345 0.0377436 0.842315
0   0.991272  -0.129623  0.0240523 -0.0733486  -0.693851  -0.716374   0.109547   0.708357  -0.697302  -0.115068  -0.749859    1.02766 0.00207653 0.889117 0.22918 1.11642
1   0.986206   -0.16154  0.0360931 -0.0922681  -0.717551  -0.690368    0.13742   0.677515  -0.722558  -0.148993  -0.705785    1.05531 0.00217943 0.919918 0.220178 0.751183
1   0.98293 -0.179465 0.0404982 -0.100772 -0.709353 -0.697613  0.153924  0.681624  -0.71533  -0.17035 -0.712247   1.04731 0.0022065 0.921971 0.0319641 0.521556
0  -0.985792  -0.163651 -0.0378437  0.0842243  -0.676522    0.73159  -0.145328   0.718008   0.680694    0.16518  -0.766134   -1.00909 0.00263378 0.831622 0.134911 1.45245
1  0.981292 -0.188205  0.040551 -0.104663 -0.698285 -0.708127  0.161589  0.690636 -0.704919 -0.180003 -0.726618   1.03596 0.00212462 0.907598 0.123566 0.725784
1   0.986331  -0.161186  0.0341967 -0.0832358  -0.666509  -0.740836   0.142205   0.727863  -0.670815  -0.158778  -0.780623   0.998282 0.0026191 0.772074 0.346806 1.6465
1  0.982699  -0.18243 0.0319754 -0.107837 -0.703939 -0.702026  0.150579  0.686432 -0.711433  -0.16354 -0.719693   1.04325 0.00208162 0.907598 0.125152 0.427299
1   0.987021  -0.157517   0.031279 -0.0898836  -0.703261  -0.705227   0.133083   0.693263  -0.708291  -0.143963  -0.728727    1.03973 0.00215827 0.911704 -0.108881 0.682282
1   0.988358  -0.147601  0.0369005 -0.0796015  -0.708361  -0.701348   0.129659   0.690246  -0.711864  -0.141551  -0.723899    1.04365 0.00213413 0.911704 0.130377 0.638929
1   0.987893  -0.151562  0.0330969 -0.0834664  -0.699111  -0.710125   0.130766   0.698765  -0.703298  -0.142207  -0.736204     1.0343 0.00216709 0.802875 0.356245 1.33942
1   0.986786  -0.159223  0.0300232 -0.0902737  -0.694134  -0.714163   0.134551   0.702015  -0.699336  -0.145731  -0.741818    1.02988 0.00207438 0.897331 0.0216751 0.74651
1   0.988053  -0.151096  0.0303412 -0.0858849  -0.703325  -0.705661   0.127962   0.694625  -0.707899  -0.137788   -0.73002    1.03936 0.0020804 0.913758 0.309552 1.15424
0   0.991205  -0.129253  0.0283798 -0.0707738  -0.698993  -0.711618   0.111816   0.703351  -0.701993  -0.118352  -0.742471    1.03268 0.00207926 0.889117 0.202114 0.692413
1   0.989821  -0.141651  0.0137552 -0.0903144  -0.699893  -0.708515   0.109989    0.70006  -0.705562  -0.112046  -0.738219    1.03663 0.00223777 0.889117 -0.0222348 0.462835
1   0.984813  -0.171955  0.0239871 -0.0992939  -0.671152  -0.734639   0.142424   0.721101  -0.678034  -0.154065    -0.7708    1.00638 0.00188495 0.86653 0.340695 1.13967
0  -0.987328  -0.157027 -0.0229379   0.099331  -0.724233   0.682364  -0.123762   0.671438   0.730653   0.132005  -0.697046   -1.06424 0.00352881 0.831622 -0.0253359 1.5948
0   0.994719  -0.101292  0.0165546 -0.0585005  -0.692073  -0.719453  0.0843321   0.714685  -0.694344 -0.0835813  -0.757872    1.02435 0.00238102 0.89117 0.0903372 0.961732
1   0.986867  -0.158479  0.0312733 -0.0906417  -0.703531  -0.704861   0.133707   0.692769  -0.708656  -0.144596  -0.728248    1.04005 0.00214087 0.905544 0.148025 0.611208
1  0.980753  -0.19117 0.0397157 -0.107759 -0.699584 -0.706379  0.162823  0.688503 -0.706719 -0.181126 -0.722664    1.0381 0.00219331 0.919918 0.123634 0.581019
1   0.988402  -0.148321  0.0325904 -0.0829903  -0.707297  -0.702029   0.127177   0.691182  -0.711403  -0.137783  -0.725165    1.04318 0.00210867 0.913758 -0.00127932 1.27497
0    0.996761  -0.0802758 -0.00474605  -0.0584522   -0.682723   -0.728335   0.0552274    0.726254   -0.685205  -0.0445699     -0.7746     1.01389 0.00241759 0.848049 0.166311 0.944564
1  0.981991 -0.184405 0.0411003 -0.101054 -0.696472 -0.710432  0.159633  0.693485 -0.702564 -0.178099 -0.730756   1.03338 0.0020527 0.897331 0.129044 0.588924
0  -0.969194  -0.237715 -0.0644618   0.144204  -0.759838   0.633918  -0.199672   0.605093   0.770709   0.226106  -0.604385   -1.10675 0.00417743 0.87885 -0.0467289 1.55097
1   0.983256  -0.176174  0.0465972 -0.0935039  -0.707216  -0.700787   0.156414   0.684695  -0.711847  -0.175356   -0.71677    1.04355 0.00228474 0.926078 -0.0416392 0.45493
1  0.988733 -0.147043 0.0280371   -0.0853 -0.707359 -0.701689  0.123011  0.691391 -0.711931 -0.130422  -0.72528   1.04364 0.00217133 0.909651 0.0502376 0.42439
1   0.981932  -0.182763  0.0490637 -0.0992008  -0.717943  -0.688997   0.161148   0.671681  -0.723102  -0.180395  -0.698379    1.05572 0.00212514 0.813142 0.579993 1.71226
1   0.987276  -0.156721  0.0268997 -0.0883957  -0.681539  -0.726423   0.132179   0.714803  -0.686721  -0.142907  -0.760464    1.01584 0.00195349 0.87885 0.15311 0.432046
1   0.988834  -0.145776  0.0309343 -0.0806631  -0.698123   -0.71142   0.125304   0.700981  -0.702086  -0.135411  -0.739306    1.03301 0.0021196 0.909651 -0.0130987 0.438805
1  0.981477 -0.185731   0.04698 -0.102021 -0.714259 -0.692405  0.162157  0.674787 -0.719978 -0.181252 -0.703028   1.05229 0.00215659 0.921971 0.180036 1.09706
0   0.991247  -0.131344   0.013349 -0.0811688  -0.686057  -0.723006   0.104121   0.715594  -0.690713  -0.106345  -0.760359    1.02042 0.00202721 0.880903 0.0683388 0.679824
1    0.98104  -0.184214  0.0602176 -0.0971966  -0.736464  -0.669458   0.167672   0.650912  -0.740405  -0.189772  -0.666859    1.07473 0.00326806 0.87269 0.128848 1.141
1  0.980111 -0.194718    0.0383  -0.11107 -0.698183 -0.707251  0.164455   0.68893 -0.705925  -0.18255 -0.724625   1.03711 0.00213054 0.905544 0.203298 1.08062
1   0.988034  -0.151968  0.0263529 -0.0871098  -0.690821  -0.717759   0.127281   0.706875  -0.695792  -0.136938  -0.748337    1.02608 0.00210747 0.901437 0.19499 0.686934
1  0.981582 -0.185554 0.0454619 -0.105749 -0.725918 -0.679603  0.159104  0.662278  -0.73217 -0.176436 -0.684965   1.06566 0.00216092 0.809035 0.535173 0.754922
0  -0.975991  -0.206431 -0.0694886   0.117323   -0.76703   0.630793  -0.183515   0.607495   0.772833   0.211071  -0.607396   -1.10836 0.00294052 0.899384 -0.00193209 1.12317
1  0.981571 -0.186953 0.0395804 -0.104774 -0.699719 -0.706694  0.159814  0.689523 -0.706412 -0.177634 -0.724905   1.03761 0.00211813 0.907598 0.0789731 0.925079
1  0.980195 -0.194329 0.0381271 -0.110904  -0.69817  -0.70729  0.164066  0.689054 -0.705894 -0.182242 -0.724599    1.0371 0.00214735 0.911704 -0.0426981 0.800122
0    0.997716  -0.0465658   0.0489254 -0.00394214    -0.76327   -0.646068   0.0674279    0.644399   -0.761711  -0.0726929   -0.654417     1.09704 0.0035792 0.815195 0.0366913 1.21198
1   0.986508  -0.160688  0.0313259 -0.0912727  -0.698681  -0.709587   0.135909   0.697154  -0.703921  -0.147244  -0.734472    1.03503 0.00216476 0.911704 -0.107041 0.509759
1  0.981732 -0.185627 0.0417713  -0.10153 -0.696758 -0.710085  0.160915  0.692872 -0.702876 -0.179683 -0.729989   1.03366 0.00203621 0.895277 0.0505607 0.671229
1   0.986916  -0.157917  0.0325539 -0.0872522  -0.692847  -0.715786    0.13559    0.70358   -0.69756  -0.147464  -0.744008    1.02801 0.0020902 0.897331 0.0905399 0.644619
1   0.98209 -0.183155 0.0441931   -0.1023 -0.715335 -0.691253  0.158219  0.674352  -0.72126 -0.175484 -0.702239   1.05375 0.00221327 0.921971 0.0342302 0.44107
1  0.980415 -0.194167 0.0329532 -0.113729 -0.694781 -0.710172  0.160788  0.692516 -0.703256 -0.177228 -0.729851    1.0341 0.00202556 0.893224 0.10702 0.494683
1   0.988446  -0.146479  0.0389664 -0.0773845  -0.708731  -0.701222   0.130331   0.690105  -0.711877  -0.142758  -0.723429    1.04361 0.00210094 0.913758 0.19605 0.573486
1   0.98276 -0.179027 0.0461684 -0.097735 -0.715027 -0.692232   0.15694  0.675786 -0.720197 -0.175204 -0.704255   1.05264 0.00223175 0.924025 0.149268 0.664797
1   0.984697  -0.171947  0.0283998 -0.0992802  -0.687387  -0.719474   0.143233   0.705644  -0.693938  -0.155289  -0.748195    1.02382 0.00187926 0.87269 0.237291 0.66634
1    0.99016  -0.137937  0.0236122 -0.0807849  -0.701168  -0.708405   0.114271   0.699526  -0.705411  -0.119522  -0.736848    1.03662 0.00211351 0.903491 0.0942472 0.60993
1  0.981333 -0.188492 0.0381515 -0.107531 -0.702273  -0.70374  0.159442  0.686501 -0.709433 -0.176777 -0.720553   1.04088 0.00209943 0.907598 0.18113 1.24947
0  0.971677  -0.22474 0.0730396 -0.126272 -0.755046 -0.643398  0.199746  0.615952  -0.76204   -0.2291 -0.619881   1.09713 0.0028034 0.848049 0.464057 1.85665
1  0.981147 -0.187034 0.0486808 -0.101568 -0.713302 -0.693458  0.164424   0.67544 -0.718851 -0.184279 -0.703938   1.05119 0.0021457 0.924025 0.0990345 0.765601
1  0.986198 -0.159083 0.0458885 -0.085182 -0.725165 -0.683286  0.141976  0.669947 -0.728707 -0.157057 -0.693677   1.06232 0.00294296 0.850103 0.0759167 0.972409
1  0.981282  -0.18829 0.0404081 -0.103528 -0.692714 -0.713743  0.162382    0.6962 -0.699241 -0.180973 -0.734613   1.02968 0.00193592 0.89117 0.0414126 0.480394
1  0.982004 -0.184324 0.0411363 -0.102254 -0.702051 -0.704747  0.158782  0.687858 -0.708265 -0.176888 -0.722318   1.03959 0.00213262 0.909651 0.0321441 0.609633
1   0.98046  -0.19124 0.0460939 -0.106688 -0.713805  -0.69217  0.165273  0.673728 -0.720261  -0.18436 -0.701876   1.05269 0.00210599 0.917865 0.134693 0.711956
1  0.980035 -0.195185 0.0378655 -0.111252 -0.696183 -0.709191  0.164784  0.690819 -0.703999  -0.18316  -0.72719   1.03498 0.00212312 0.909651 0.106941 0.791683
0   -0.97544  -0.210858 -0.0636791   0.113782  -0.729911   0.674006    -0.1886   0.650207   0.735976   0.218349  -0.669449   -1.06916 0.00280093 0.868583 0.094959 2.47331
0  -0.980903  -0.188429 -0.0482044   0.102914  -0.713134   0.693432  -0.165039   0.675229   0.718907   0.187926  -0.704152   -1.05108 0.00269872 0.880903 0.175339 1.71295
1  0.981062 -0.188815 0.0431912 -0.107863  -0.71779 -0.687854  0.160879  0.670169 -0.724563 -0.178374   -0.6965   1.05743 0.00219594 0.924025 -0.00875605 0.58997
1   0.988271  -0.149052  0.0332227 -0.0818713  -0.700792  -0.708652   0.128908    0.69762  -0.704775  -0.140176  -0.734364    1.03591 0.00209396 0.913758 0.169272 1.03678
0   0.993221  -0.112243    0.03021 -0.0603428  -0.720029  -0.691315  0.0993475   0.684806  -0.721922  -0.104065  -0.714287    1.05458 0.00232376 0.915811 0.101021 0.444073
0   0.991422  -0.120817  0.0498466 -0.0589472  -0.753754  -0.654508   0.116648   0.645955  -0.754411  -0.128655  -0.657257    1.08956 0.00327715 0.86037 0.157116 1.70367
1  0.978692  -0.20159 0.0390251 -0.115781 -0.698757 -0.705927  0.169577  0.686367 -0.707208  -0.18824 -0.721381   1.03849 0.00217596 0.903491 0.0659516 0.4776
1  0.984708 -0.172219 0.0262709 -0.100448 -0.684485 -0.722074  0.142337  0.708393 -0.691317 -0.153879 -0.752114   1.02102 0.00189507 0.874743 0.423829 1.32706
0   0.983098  -0.173444  0.0586135 -0.0927457  -0.747841  -0.657368    0.15785   0.640821  -0.751287  -0.177819  -0.652349    1.08628 0.00307028 0.868583 0.267594 1.00074
1   0.986316  -0.162018  0.0305209 -0.0907524  -0.688093  -0.719925   0.137642   0.707304   -0.69338  -0.149743  -0.749672    1.02352 0.002115 0.895277 0.145398 0.936909
1   0.988808  -0.146097  0.0302442 -0.0835519    -0.7102  -0.699025   0.123605   0.688674  -0.714458  -0.132137  -0.721181    1.04654 0.00217966 0.917865 0.0199888 0.555668
1  0.986551 -0.160068 0.0330993 -0.090088  -0.70144 -0.707012  0.136387  0.694522 -0.706426 -0.148133 -0.730747   1.03775 0.00222194 0.913758 0.0824913 0.660312
1   0.988759  -0.145438   0.034688 -0.0787505  -0.703779  -0.706041   0.127098   0.695373  -0.707321  -0.138035  -0.731159    1.03877 0.00216052 0.913758 0.0152609 0.721494
1   0.988964  -0.143867  0.0353926 -0.0779207   -0.70825  -0.701649   0.126011   0.691147  -0.711644  -0.137099   -0.72511    1.04339 0.00212334 0.909651 0.100609 0.857367
1  0.981267 -0.187384 0.0447449  -0.10253 -0.704585 -0.702173  0.163103  0.684432 -0.710599 -0.182258 -0.717523   1.04218 0.00215552 0.911704 -0.0423027 1.01902
0   0.994139  -0.106973  0.0156591 -0.0662576  -0.717288   -0.69362   0.085431   0.688517  -0.720171 -0.0834701  -0.718615     1.0531 0.00306994 0.852156 -0.137693 0.799244
1  0.982547 -0.182387 0.0365565 -0.104269 -0.702767 -0.703737  0.154043  0.687643 -0.709519  -0.17018 -0.722012   1.04088 0.00196846 0.893224 0.0754877 0.572631
1   0.990921  -0.129668  0.0355231 -0.0663745  -0.701596  -0.709477   0.116919   0.700677  -0.703833  -0.126452  -0.737897    1.03496 0.00232399 0.915811 -0.014609 0.721372
1   0.986766  -0.159053  0.0315532 -0.0893973  -0.695967  -0.712487   0.135283   0.700237  -0.700976  -0.147302  -0.739249    1.03179 0.00218676 0.903491 -0.0424535 0.423525
0   0.991544  -0.127329  0.0250743 -0.0719734  -0.700328  -0.710184   0.107987   0.702373   -0.70357  -0.113089   -0.74082    1.03458 0.00215801 0.899384 0.0802409 0.583935
0  0.991234 -0.130537 0.0203738 -0.077268 -0.697869 -0.712045  0.107166  0.704229 -0.701838 -0.110999 -0.743452   1.03272 0.00221487 0.905544 -0.0951759 0.733217
1  0.983668 -0.176846 0.0335076 -0.102862 -0.705088  -0.70162  0.147705  0.686714 -0.711763 -0.162265 -0.720154   1.04353 0.00223426 0.911704 0.0153489 0.558456
0    0.9608 -0.264364 0.0835134 -0.140126 -0.722981 -0.676508  0.239223  0.638287 -0.731685 -0.279335 -0.656723   1.06403 0.00332572 0.792608 0.255622 1.33235
0   0.991354   -0.13003  0.0175717 -0.0795184  -0.701902  -0.707821   0.104372   0.700304  -0.706174  -0.106337  -0.737375    1.03714 0.002181 0.893224 0.068142 0.430666
0   0.990775  -0.133033  0.0258224 -0.0779328  -0.715224  -0.694537   0.110865   0.686117  -0.718994  -0.115666   -0.71712    1.05143 0.00216807 0.909651 0.148413 0.598021
0   0.990782  -0.134095  0.0192495 -0.0802142  -0.695216  -0.714312   0.109168   0.706183  -0.699563  -0.113104  -0.746235    1.03029 0.00214552 0.905544 0.0870026 0.461472
0   0.991365  -0.129064  0.0232092 -0.0737883  -0.695338  -0.714884   0.108404   0.706999  -0.698857  -0.113263  -0.747558    1.02943 0.00213126 0.897331 0.175383 1.19199
1  0.980461 -0.193059 0.0377304 -0.109532 -0.695121   -0.7105  0.163396  0.692485 -0.702685 -0.181404 -0.729648   1.03349 0.00201448 0.897331 0.246352 0.691308
1   0.986154  -0.163095  0.0299915 -0.0912088  -0.684499  -0.723285   0.138493   0.710536  -0.689898   -0.15059  -0.754675    1.01951 0.00203598 0.88501 -0.0443618 0.659274
1   0.989612  -0.142705  0.0174126 -0.0904223  -0.712012  -0.696321   0.111767   0.687513  -0.717519  -0.114543  -0.719501    1.04978 0.00216296 0.903491 0.157089 0.53553
1   0.988307  -0.150187   0.026332 -0.0850068  -0.686071  -0.722551   0.126583   0.711864  -0.690816  -0.136194  -0.756194    1.02042 0.00200105 0.880903 0.285236 1.08889
1   0.988051  -0.149964  0.0355725 -0.0817952  -0.705825  -0.703648    0.13063   0.692331  -0.709658  -0.142381  -0.726712    1.04127 0.00208826 0.915811 0.181592 0.653422
1  0.982234 -0.182977 0.0416652 -0.096361 -0.682294   -0.7247  0.161031   0.70781 -0.687804 -0.180792 -0.751658   1.01717 0.00220539 0.788501 0.412753 0.964207
1   0.988589  -0.145926  0.0373827 -0.0797416  -0.717487  -0.691992   0.127801   0.681115  -0.720936  -0.139194  -0.710751    1.05349 0.00223778 0.913758 0.0212318 0.631542
1    0.98309  -0.177139  0.0464216 -0.0982882  -0.724319  -0.682424   0.154508   0.666321  -0.729481  -0.171604  -0.690542    1.06254 0.00227757 0.921971 0.0570208 0.538645
1  0.973385 -0.222565 0.0546539 -0.121245 -0.702478 -0.701302  0.194479   0.67601 -0.710766  -0.22136  -0.70745   1.04228 0.00250767 0.809035 0.419244 1.25904
0   0.990185  -0.139489 0.00871731 -0.0896598  -0.681835   -0.72599   0.107211   0.718083   -0.68765  -0.108764  -0.764834      1.017 0.00219046 0.874743 0.282924 1.37133
1  0.981584 -0.186217 0.0426178 -0.103566 -0.706211 -0.700386  0.160521  0.683074 -0.712491 -0.178807 -0.715585    1.0442 0.00218023 0.911704 0.0410621 1.21207
1  0.981532 -0.187321 0.0388077 -0.103709 -0.691522 -0.714872  0.160747  0.697645 -0.698177 -0.179027 -0.736748   1.02866 0.00204921 0.899384 0.0624313 0.66442
1   0.988544  -0.147197  0.0333818 -0.0814941  -0.706683  -0.702821   0.127044   0.692049  -0.710583  -0.137531  -0.726414    1.04228 0.00213719 0.913758 0.0446576 0.827163
1   0.988428  -0.147435  0.0356926 -0.0798797  -0.705907  -0.703785   0.128958    0.69279  -0.709515  -0.140452  -0.727407    1.04108 0.0021028 0.913758 0.113486 0.632982
1  0.981495 -0.186733 0.0423969 -0.103125 -0.702026 -0.704645  0.161344  0.687234 -0.708292 -0.179895 -0.721619   1.03963 0.00215695 0.909651 -0.0157547 1.08858
0 -0.974175 -0.218503 -0.056919   0.13028 -0.749821  0.648688 -0.184419   0.62452  0.758923  0.209961 -0.632625  -1.09389 0.00309508 0.89117 0.189758 1.12852
1  0.982454 -0.181119  0.044506 -0.101736 -0.720427 -0.686028  0.156316  0.669463 -0.726213 -0.173684 -0.695182   1.05904 0.00217119 0.919918 -0.0201879 0.606278
1   0.988143  -0.150162  0.0320054 -0.0843599   -0.70518  -0.703992   0.128282   0.692945  -0.709487  -0.138607  -0.727768    1.04101 0.0020938 0.911704 -0.00544433 0.558421
1   0.990278  -0.137599  0.0203784 -0.0831681  -0.703134  -0.706176   0.111498   0.697617  -0.707743  -0.115369  -0.734188    1.03913 0.00212185 0.899384 0.305734 1.41936
1   0.988328  -0.148279  0.0349555 -0.0800652  -0.700774  -0.708876   0.129607   0.697803  -0.704466  -0.141344  -0.734672    1.03554 0.00206404 0.909651 0.0529612 0.618256
1   0.986067  -0.163452  0.0309165 -0.0952276  -0.707028  -0.700745   0.136397   0.688037  -0.712742  -0.146967  -0.721377    1.04468 0.00212393 0.909651 0.0474068 0.434104
