1   0.987343   -0.15519  0.0327153 -0.0885333   -0.71044  -0.698167   0.131591   0.686434  -0.715187  -0.142091  -0.718377    1.04729 0.00216191 0.919918 0.137899 1.22827
1  0.981652 -0.186725 0.0386293 -0.109391 -0.717421 -0.687997   0.15618  0.671148 -0.724685  -0.17224 -0.697851   1.05763 0.00222277 0.921971 0.0615526 0.751944
1   0.988327  -0.147544  0.0379556 -0.0771497  -0.699541  -0.710415   0.131369   0.699194  -0.702758  -0.144209  -0.736786    1.03362 0.0020893 0.905544 0.126648 0.879438
1  0.967425 -0.245867 0.0603168  -0.13675 -0.708038 -0.692807  0.213045   0.66199 -0.718596 -0.244145 -0.688232    1.0507 0.00248249 0.813142 0.437526 1.05818
1   0.987785  -0.151792  0.0352072 -0.0837565   -0.70775  -0.701481   0.131397   0.689964  -0.711818  -0.142955  -0.723358    1.04363 0.0021414 0.919918 0.157046 0.773604
1  0.974646 -0.217171 0.0538681    -0.121 -0.714077 -0.689531  0.188212  0.665531  -0.72225 -0.213233 -0.691753    1.0547 0.00232278 0.915811 0.12102 0.707529
1   0.987124  -0.157643  0.0270916 -0.0908144  -0.691773  -0.716382   0.131674   0.704698  -0.697182  -0.141827  -0.745545    1.02757 0.00208734 0.899384 0.105089 0.611585
1   0.986938  -0.158342  0.0296705 -0.0885569  -0.687101  -0.721145   0.134574   0.709098  -0.692149   -0.14612  -0.752096    1.02204 0.00212847 0.897331 0.00507302 0.663424
1  0.981806 -0.185548 0.0403595 -0.104777 -0.706629 -0.699784  0.158363  0.682823 -0.713214 -0.175861 -0.714939   1.04502 0.00216275 0.915811 0.154267 0.722816
0   0.992469  -0.119163  0.0283948 -0.0658462  -0.714405  -0.696627   0.103298   0.689511  -0.716871  -0.108421  -0.721698      1.049 0.002244 0.907598 0.189495 0.629459
0   0.991715  -0.125758  0.0262004 -0.0684933  -0.690211   -0.72036   0.108675   0.712597  -0.693106  -0.115051  -0.755937    1.02322 0.00221335 0.893224 0.171222 1.38173
0   0.991174  -0.132118  0.0109091 -0.0828237  -0.681406  -0.727204    0.10351   0.719883  -0.686334  -0.105235  -0.766777    1.01555 0.00211095 0.880903 0.238188 1.83457
1   0.990535  -0.132747  0.0349196 -0.0710016  -0.713234   -0.69732   0.117473   0.688241  -0.715908   -0.12688  -0.720102    1.04794 0.00214763 0.911704 0.00378219 0.475603
1   0.990468   -0.13565  0.0239029 -0.0789286  -0.701173  -0.708609   0.112883   0.699968  -0.705197  -0.118164  -0.737459    1.03638 0.0021258 0.903491 0.198723 0.758733
1  0.988111  -0.14969 0.0350567 -0.082964 -0.711149 -0.698129  0.129433   0.68692 -0.715114 -0.140471  -0.71904   1.04732 0.00215982 0.917865 0.206287 0.618107
1   0.987084  -0.156879  0.0324661 -0.0864931  -0.692446  -0.716266   0.134848   0.704207  -0.697071  -0.146761  -0.744712     1.0274 0.00209086 0.899384 0.194692 1.11712
1   0.989733  -0.139033  0.0331316 -0.0748269  -0.701548  -0.708683   0.121774   0.698928  -0.704749  -0.131753  -0.736214     1.0358 0.00212673 0.905544 0.175681 0.761684
1  0.982108 -0.185543 0.0321965 -0.108661 -0.697984 -0.707821  0.153804  0.691659 -0.705658 -0.169056 -0.727939   1.03684 0.00203731 0.897331 0.144802 0.67355
1  0.981306 -0.188153 0.0404672 -0.104574 -0.697804 -0.708614  0.161566  0.691135 -0.704435 -0.179997 -0.727388   1.03542 0.00201298 0.899384 0.167558 0.737854
1  0.982299  -0.18278 0.0409977  -0.10297 -0.709705 -0.696933  0.156482  0.680375 -0.715963 -0.173454 -0.711059   1.04831 0.00230038 0.926078 0.0519434 0.568431
0  -0.974398  -0.213257 -0.0711987   0.117628  -0.753437   0.646912  -0.191602   0.621976   0.759233   0.221186   -0.62752   -1.09461 0.00328763 0.845996 0.0394826 1.62016
0   0.991399  -0.128169  0.0264704 -0.0718138   -0.70185  -0.708695   0.109411   0.700699  -0.705018  -0.115151  -0.738344    1.03615 0.00207122 0.897331 0.120369 1.44989
1  0.980912 -0.189384 0.0441039 -0.105524 -0.708951 -0.697318  0.163329  0.679354 -0.715403 -0.182082 -0.709932   1.04737 0.002094 0.915811 0.161295 0.787203
1    0.98801  -0.150326  0.0351884 -0.0853477  -0.721729  -0.686893   0.128655   0.675654  -0.725906  -0.139231  -0.703025    1.05892 0.0023346 0.919918 0.157344 0.739379
1   0.982189  -0.180999  0.0504475 -0.0984341  -0.724343  -0.682376    0.16005   0.665257  -0.729258   -0.17902  -0.689159     1.0624 0.00224051 0.924025 0.122934 0.851762
1   0.98113 -0.191026  0.029878 -0.114127 -0.696906 -0.708023  0.156073  0.691253 -0.705557 -0.171134 -0.727997   1.03668 0.00212673 0.893224 0.107357 0.68466
1  0.982166 -0.182112 0.0467422 -0.100082 -0.716859 -0.689997  0.159165  0.673014 -0.722301 -0.177566 -0.700323   1.05488 0.00220019 0.924025 0.192136 1.56809
1   0.989049  -0.143796   0.033241 -0.0778249  -0.699505  -0.710378   0.125402   0.700011  -0.703035  -0.136387  -0.738435    1.03383 0.00218232 0.897331 0.0859067 0.827392
0    0.998278  -0.0405865   0.0423634 -0.00452415   -0.773194   -0.634153   0.0584932    0.632869   -0.772046  -0.0607586   -0.636784     1.10806 0.0038314 0.835729 -0.101637 0.768223
0  -0.985243  -0.166232 -0.0407803  0.0901215  -0.706378   0.702075  -0.145513   0.688039   0.710935   0.164499  -0.721951   -1.04267 0.00272206 0.870637 0.113306 0.85847
1   0.987187  -0.156375  0.0317579 -0.0885172  -0.702265  -0.706391   0.132764   0.694529  -0.707109  -0.143754  -0.730575    1.03844 0.00212044 0.907598 0.0891625 0.727906
0  -0.974059  -0.215459 -0.0691888   0.116951  -0.741045   0.661192  -0.193732   0.635948   0.747019   0.224576   -0.64864   -1.08119 0.00282082 0.89117 0.179952 1.59547
1  0.981348 -0.187522 0.0423371 -0.104534 -0.705345 -0.701114  0.161336  0.683611 -0.711791 -0.179614 -0.716326   1.04342 0.00215541 0.911704 0.075226 0.687144
1   0.985919  -0.165612  0.0231494 -0.0945621  -0.666333  -0.739634   0.137917    0.72703  -0.672611  -0.149192  -0.779332     1.0005 0.00192063 0.864476 0.234972 1.52311
1   0.983037  -0.179203  0.0390524 -0.0980084  -0.693235  -0.714017   0.155027   0.698077  -0.699039  -0.172673  -0.737024    1.02934 0.00194355 0.887064 0.22356 0.789342
0  -0.979955  -0.191042 -0.0564881   0.101129  -0.721336   0.685162  -0.171642   0.665715   0.726197   0.197176  -0.690431   -1.05903 0.00271241 0.887064 0.17039 1.0639
1  0.980696 -0.191503 0.0395139 -0.110016 -0.707449 -0.698149  0.161652  0.680325 -0.714861 -0.179067 -0.711599   1.04684 0.00212918 0.913758 0.0265872 0.777854
0   0.990758  -0.133324  0.0249821 -0.0793176  -0.718837  -0.690639   0.110037   0.682274  -0.722768  -0.114153  -0.711696    1.05561 0.00228338 0.909651 0.0245115 0.699812
1  0.988099 -0.150219 0.0330952 -0.082576 -0.699542 -0.709804  0.129777  0.698623 -0.703621 -0.141147 -0.736108   1.03464 0.00211275 0.909651 0.0996121 0.851854
1  0.982707 -0.181237 0.0379498 -0.103618 -0.708094 -0.698474  0.153461  0.682463 -0.714628 -0.169482 -0.714264   1.04674 0.00220207 0.913758 -0.0797081 0.53736
1  0.972306 -0.224656 0.0644349 -0.115259 -0.700762 -0.704022  0.203316  0.677098 -0.707249 -0.235387 -0.709122   1.03813 0.00280271 0.815195 0.417172 0.943559
1   0.988075  -0.150033  0.0346203 -0.0821022  -0.703581  -0.705856    0.13026   0.694596  -0.707509  -0.141777  -0.730017    1.03897 0.00209784 0.915811 0.0553658 0.65923
1  0.981369 -0.186438 0.0464258 -0.101599 -0.708658 -0.698199  0.163071  0.680474 -0.714397 -0.182482 -0.711615   1.04632 0.00219034 0.917865 0.108192 1.41311
1  0.981761  -0.18587 0.0399669 -0.101402 -0.689758 -0.716904  0.160818  0.699776 -0.696025 -0.179516 -0.739968   1.02607 0.00194363 0.887064 0.246086 0.771304
1   0.989063  -0.142675  0.0373952 -0.0759086  -0.709777  -0.700324   0.126461   0.689826  -0.712844  -0.138039  -0.722892    1.04462 0.00208066 0.911704 0.164668 1.45024
1   0.991055  -0.130732  0.0268074 -0.0729199  -0.698725  -0.711664   0.111768   0.703344  -0.702008  -0.117987  -0.742308    1.03281 0.0020324 0.893224 0.273418 0.704277
0  0.991108 -0.130136 0.0277366 -0.072132 -0.700646 -0.709853  0.111811  0.701541 -0.703803 -0.118393 -0.739829    1.0349 0.00203187 0.89117 0.154431 0.7857
0  -0.974754  -0.216539 -0.0544558   0.128251  -0.742627   0.657311  -0.182774   0.633732    0.75165   0.207738   -0.64557   -1.08617 0.00297159 0.88501 0.0822677 1.54346
1   0.988251   -0.14813  0.0376584 -0.0783847  -0.702716  -0.707139   0.131212   0.695879  -0.706071  -0.143716   -0.73191    1.03726 0.00205451 0.907598 0.113649 0.692177
0  -0.980579  -0.192164 -0.0392197    0.10992  -0.704088   0.701553  -0.162427   0.683617   0.711537   0.184006  -0.717059   -1.04302 0.0029504 0.864476 0.0145624 1.61527
1  0.980432 -0.190888 0.0481187 -0.108185  -0.72667 -0.678414  0.164468  0.659933 -0.733102 -0.183111 -0.681794   1.06662 0.00220607 0.926078 -0.056064 0.590804
1  0.981493 -0.187129 0.0406722 -0.103569 -0.697363 -0.709195  0.161074  0.691858 -0.703838 -0.179486 -0.728327   1.03478 0.0020104 0.899384 0.230431 0.817788
1  0.988227 -0.148079 0.0384821 -0.080619 -0.717755 -0.691613  0.130034  0.680368 -0.721242  -0.14177 -0.709415   1.05381 0.00216592 0.919918 0.048301 1.33939
1  0.989007 -0.142404 0.0398183 -0.074334 -0.711605 -0.698636  0.127823  0.687996 -0.714368 -0.140236 -0.720458   1.04642 0.00214013 0.909651 0.151112 0.60661
1   0.981491  -0.184998  0.0495107 -0.0993998  -0.713089  -0.693992   0.163693   0.676225  -0.718279   -0.18399  -0.705144    1.05054 0.00213852 0.815195 0.477127 1.82518
1  0.981758 -0.185448 0.0419511 -0.102172  -0.70064 -0.706161  0.160349  0.688993 -0.706807 -0.178977 -0.724299   1.03805 0.00211748 0.903491 0.120101 1.15797
1   0.988167  -0.149254  0.0353387 -0.0826805  -0.712403  -0.696883   0.129188   0.685716  -0.716313  -0.140372  -0.717147    1.04846 0.00214196 0.919918 0.146613 0.716179
1  0.980659 -0.190916 0.0431065 -0.106142 -0.703807 -0.702417  0.164441  0.684256 -0.710459 -0.183233 -0.716779   1.04208 0.00216374 0.919918 0.0669546 0.71205
1   0.989246  -0.142374  0.0334886 -0.0779141  -0.706757  -0.703153   0.123779   0.692982   -0.71025  -0.133613  -0.727588    1.04188 0.00216085 0.911704 0.158424 0.925277
1   0.987326  -0.157134  0.0222544 -0.0925478   -0.68399  -0.723597   0.128924   0.712367  -0.689864  -0.137681  -0.757191    1.01939 0.00201029 0.880903 0.211414 1.81043
1  0.973922 -0.223212 0.0406438 -0.124113 -0.674115 -0.728125  0.189924  0.704092 -0.684239 -0.214546 -0.748335   1.01322 0.00225826 0.889117 0.232899 1.54558
1    0.98676  -0.159935  0.0269282 -0.0953641  -0.706451  -0.701307   0.131187   0.689454   -0.71235  -0.140279  -0.723102    1.04423 0.00210742 0.909651 0.0246054 0.884949
1   0.988533  -0.147819   0.030844 -0.0826044  -0.700353  -0.709001   0.126406   0.698323  -0.704533  -0.136602  -0.735516    1.03567 0.00212293 0.911704 0.231233 0.831046
0   0.982897  -0.173384  0.0620677 -0.0909778  -0.750194  -0.654929   0.160117    0.63808  -0.753138  -0.181317  -0.648373    1.08817 0.00307538 0.868583 0.0817053 0.845296
1   0.989626  -0.140026  0.0321493 -0.0763487  -0.702129  -0.707945   0.121704   0.698146  -0.705536  -0.131765  -0.735178    1.03661 0.00210319 0.903491 0.00105965 0.508224
1   0.986425  -0.162363   0.024563 -0.0970422  -0.697049  -0.710426   0.132468   0.698398  -0.703343   -0.14156  -0.736424    1.03425 0.00208966 0.901437 0.147399 0.645224
1  0.980046 -0.194514 0.0409218 -0.109491 -0.700104 -0.705597  0.165898  0.687036 -0.707431  -0.18494 -0.722045   1.03871 0.00217116 0.905544 0.227752 0.71138
1   0.988301  -0.148209  0.0359944 -0.0802301   -0.70591  -0.703743    0.12971   0.692622  -0.709543  -0.141493   -0.72716    1.04108 0.00209494 0.913758 0.123546 0.793616
1   0.985982  -0.162674  0.0370999 -0.0894228  -0.702926  -0.705619   0.140864    0.69241   -0.70762  -0.154164  -0.727956    1.03895 0.00219244 0.905544 -0.130672 0.569183
1  0.968715 -0.239985 0.0632365 -0.128428 -0.702783 -0.699716  0.212363  0.669704 -0.711617 -0.244864 -0.699257   1.04295 0.00263665 0.815195 0.309597 0.910315
1    0.98784  -0.150021  0.0408142 -0.0825978  -0.728805  -0.679721   0.131718   0.668085  -0.732334  -0.143671  -0.691757    1.06568 0.00227833 0.921971 0.137399 0.524474
0   0.989708  -0.139698  0.0310393 -0.0827453  -0.735606  -0.672337   0.116757   0.662849  -0.739594  -0.122806  -0.682585    1.07392 0.00283045 0.852156 0.0921919 0.930101
1   0.988108  -0.149965  0.0339498 -0.0804633  -0.692471  -0.716945   0.131026   0.705687  -0.696303  -0.143101  -0.746335     1.0265 0.00211495 0.903491 -0.0569407 0.554348
1  0.980503 -0.191867 0.0424445 -0.108752  -0.70973 -0.696029  0.163669  0.677842 -0.716758 -0.181927 -0.708126   1.04902 0.00216033 0.915811 0.203737 0.787628
1    0.98921  -0.143737  0.0283382 -0.0802591  -0.693504  -0.715969   0.122564   0.705969  -0.697557  -0.131694  -0.746994    1.02789 0.00220906 0.901437 0.150812 0.811773
1    0.98774  -0.152887  0.0315586 -0.0854129  -0.698482  -0.710513   0.130671   0.699106  -0.702976   -0.14174   -0.73714     1.0336 0.00207866 0.895277 0.107982 0.710187
1  0.989304 -0.143254 0.0275085  -0.08215 -0.702979 -0.706451   0.12054  0.696634 -0.707228 -0.128757 -0.732976   1.03855 0.00212196 0.907598 0.105333 0.481619
1  0.981808 -0.186715 0.0345045 -0.102816  -0.67556 -0.730101  0.159631  0.713272 -0.682467 -0.177441 -0.759832   1.01135 0.00204737 0.882957 0.0783072 0.793195
0   0.991538  -0.126605  0.0287126 -0.0680282   -0.69509  -0.715697   0.110569   0.707687   -0.69782  -0.117699  -0.748584    1.02826 0.00208754 0.893224 0.0420114 0.502675
1   0.986379  -0.161632  0.0305203 -0.0933123  -0.702645  -0.705396    0.13546    0.69294  -0.708156  -0.146123  -0.728556    1.03949 0.00212465 0.905544 0.301478 1.37653
1   0.988578  -0.145644  0.0387544 -0.0764828  -0.706383  -0.703686   0.129863   0.692684  -0.709453  -0.142404  -0.727185    1.04097 0.00207275 0.909651 0.248342 1.15264
1   0.987125  -0.155174  0.0387837 -0.0862278  -0.720503   -0.68807   0.134715   0.675867  -0.724607  -0.146615  -0.703039    1.05742 0.00215951 0.919918 0.10761 0.618232
1   0.985587  -0.166753  0.0284911 -0.0974799  -0.697456  -0.709967    0.13826   0.696957  -0.703658  -0.149339  -0.734888    1.03452 0.00208024 0.893224 0.243334 0.875772
1   0.988646  -0.145943  0.0357668 -0.0772894  -0.698036  -0.711879    0.12886   0.701032  -0.701391  -0.140961  -0.739461    1.03216 0.00209904 0.905544 0.00594126 0.512456
1  0.981474 -0.187306 0.0403073 -0.103192 -0.694047 -0.712495   0.16143  0.695137 -0.700518 -0.180012 -0.733159   1.03116 0.0020466 0.899384 0.0161172 0.704278
1   0.986408  -0.161051  0.0325829 -0.0906809   -0.69893  -0.709418   0.137026   0.696821  -0.704034  -0.148747  -0.734079    1.03508 0.00213191 0.907598 0.0222097 0.789447
0   0.991317  -0.130451  0.0165107 -0.0785677   -0.68832  -0.721139   0.105438   0.713581  -0.692593  -0.108308  -0.757596     1.0224 0.00206022 0.880903 0.274988 1.40021
1   0.988065  -0.149826  0.0357865 -0.0810398  -0.703163  -0.706396      0.131   0.695064  -0.706912     -0.143  -0.730676    1.03828 0.00211051 0.915811 0.0998808 0.517338
0   0.997457 -0.0658833  0.0271793 -0.0268883  -0.701056  -0.712599  0.0660026   0.710056  -0.701045 -0.0659356    -0.7497    1.03146 0.00260488 0.889117 3.14236e-08 0.521845
1   0.987788   -0.15156  0.0361255 -0.0830636  -0.708425  -0.700881   0.131818   0.689321  -0.712363  -0.143599  -0.722535    1.04418 0.00211576 0.915811 0.0942655 0.841581
1   0.987518  -0.155495  0.0250915 -0.0918788   -0.69809  -0.710091   0.127931   0.698922  -0.703663  -0.136812  -0.736796    1.03472 0.00213887 0.907598 -0.0028999 0.796053
1   0.987114  -0.157003  0.0309359 -0.0883297  -0.695798  -0.712785   0.133434   0.700867    -0.7007  -0.144621  -0.739987    1.03143 0.00217447 0.905544 0.0833528 1.24272
0  -0.97333 -0.219058 -0.068134  0.117326 -0.730543  0.672712 -0.197138  0.646777  0.736761  0.228828 -0.664496  -1.07011 0.00293652 0.761807 0.269662 2.15153
1   0.985723  -0.165612  0.0303739 -0.0919741  -0.680719  -0.726748   0.141034   0.713579  -0.686232  -0.154099  -0.759532    1.01553 0.00193905 0.874743 0.0028124 0.489445
1    0.9888 -0.146096 0.0305136 -0.081562 -0.700169 -0.709303  0.124991   0.69887 -0.704243 -0.134744 -0.736066   1.03538 0.00209316 0.911704 0.185415 0.802202
0  0.977175 -0.200974  0.068833 -0.107686 -0.747923 -0.654992  0.183118  0.632629 -0.752494 -0.208839 -0.641828   1.08741 0.00324579 0.87269 0.0916964 1.29334
1  0.981841 -0.184805 0.0428429 -0.103337 -0.710407 -0.696163   0.15909  0.679094 -0.716604 -0.176955  -0.70934   1.04887 0.0021624 0.919918 0.0320988 0.687725
1   0.987789  -0.152709  0.0308728 -0.0846855  -0.692603   -0.71633   0.130772   0.704969  -0.697078   -0.14175  -0.744913     1.0277 0.00219804 0.915811 0.251341 1.06532
0   0.991506    -0.1285  0.0200934 -0.0735221  -0.681196    -0.7284   0.107287   0.720736  -0.684857  -0.111671  -0.767852    1.01402 0.0021715 0.887064 0.112281 0.694495
1  0.982306 -0.182679  0.041282 -0.102436 -0.708589 -0.698146  0.156789  0.681564 -0.714764 -0.173974 -0.713037   1.04668 0.00217983 0.913758 0.197673 0.771143
1   0.988578  -0.150623  0.0050502 -0.0989339   -0.67388  -0.732187   0.113687   0.723324  -0.681085  -0.115414   -0.77231    1.00978 0.00240671 0.887064 0.0208791 0.517303
1  0.981905 -0.184244 0.0437825 -0.100123 -0.701313 -0.705787  0.160742  0.688632  -0.70707 -0.179507 -0.723175   1.03828 0.00215068 0.911704 0.0530791 0.51411
1   0.988875  -0.145826  0.0293396 -0.0836557  -0.708309  -0.700928   0.122995   0.690676  -0.712629  -0.132442  -0.724269    1.04445 0.00212089 0.911704 0.0970151 0.8066
1   0.986689  -0.161472  0.0192786 -0.0965863  -0.677278  -0.729359   0.130828   0.717789  -0.683859  -0.139729  -0.765416    1.01283 0.00188042 0.868583 0.203974 0.663681
0  -0.974702  -0.218285 -0.0480432   0.119616  -0.691018   0.712872  -0.188808   0.689091   0.699647   0.217189  -0.726475      -1.03 0.00297655 0.852156 0.167043 1.84972
1   0.985641  -0.164755  0.0369953 -0.0942752  -0.718692  -0.688908   0.140089   0.675528  -0.723904  -0.152255  -0.703179    1.05663 0.00224721 0.919918 0.0500737 0.491295
1   0.987834  -0.150701  0.0383706 -0.0813092  -0.710855  -0.698623   0.132559   0.687004   -0.71446  -0.144916  -0.719059    1.04646 0.00215974 0.919918 0.17825 1.62349
1  0.981907 -0.185607  0.037521 -0.103106 -0.690238 -0.716199   0.15883  0.699372 -0.696887 -0.176693 -0.739146   1.02731 0.00206557 0.899384 0.18892 1.5125
1  0.970183 -0.232779  0.067516  -0.12262 -0.711687 -0.691713  0.209067  0.662809  -0.71901 -0.241927 -0.689118   1.05081 0.00274977 0.815195 0.341058 1.11138
1   0.988609  -0.145929  0.0368228 -0.0786925  -0.709753  -0.700042   0.128292    0.68917  -0.713152  -0.139932  -0.722148      1.045 0.00229128 0.809035 0.485276 1.27192
0  0.973687 -0.215635 0.0737245 -0.115363 -0.745393 -0.656567  0.196532  0.630786 -0.750656 -0.226893 -0.640065   1.08519 0.00297562 0.862423 -0.0139354 0.805313
1  0.981802 -0.185517 0.0406087 -0.102547 -0.697865 -0.708851  0.159843  0.691786 -0.704189  -0.17809 -0.728403   1.03519 0.00206098 0.897331 0.199992 0.899797
1   0.982282  -0.182533  0.0424645 -0.0989992  -0.697793  -0.709425   0.159125   0.692652    -0.7035  -0.177872  -0.728928    1.03444 0.00218716 0.913758 0.110331 1.232
1  0.980005 -0.194981 0.0396539 -0.110286 -0.698175 -0.707381  0.165611  0.688864 -0.705719 -0.183996 -0.724105    1.0369 0.00216999 0.913758 0.0924919 0.829973
1  0.981926 -0.186582 0.0317575  -0.10998 -0.699052 -0.706562  0.154032  0.690299 -0.706938 -0.169193  -0.72592   1.03829 0.00202056 0.897331 0.0504062 0.791546
1   0.988936  -0.142986  0.0395147 -0.0747008  -0.710128  -0.700098   0.128165     0.6894  -0.712952   -0.14052  -0.722338    1.04475 0.0020738 0.909651 0.198396 0.811773
1  0.979876 -0.193885 0.0474488 -0.110586 -0.725205 -0.679594  0.166173  0.660671 -0.732052 -0.184546  -0.68261   1.06554 0.0023077 0.932238 0.100469 1.32239
1  0.981261 -0.189734 0.0335813 -0.110873 -0.698533 -0.706936  0.157587  0.689966  -0.70648 -0.173479 -0.725892   1.03758 0.00199334 0.89117 0.0844725 0.472352
1   0.986321  -0.161778  0.0316054 -0.0909115  -0.693827  -0.714381     0.1375   0.701735  -0.699043   -0.14987  -0.742137    1.02952 0.00202684 0.880903 0.22207 0.822761
