0   0.989188  -0.143216    0.03156 -0.0848577  -0.734484    -0.6733   0.119607   0.663342  -0.738695  -0.127382  -0.684521    1.07254 0.00242333 0.806982 0.546316 1.79066
1   0.987907  -0.150583  0.0369532 -0.0813978  -0.706529  -0.702988   0.131966   0.691478  -0.710241  -0.144076  -0.725515    1.04188 0.00210001 0.915811 0.234998 0.764002
1   0.988654  -0.146284  0.0341169 -0.0809693  -0.710303  -0.699223   0.126518   0.688528  -0.714089  -0.137043  -0.721175    1.04606 0.00212213 0.915811 0.183165 0.710868
1   0.988162  -0.149142  0.0359478 -0.0805341  -0.703732  -0.705886   0.130575   0.694635  -0.707412   -0.14254  -0.730307    1.03884 0.00210834 0.909651 0.105616 0.80975
1  0.986833 -0.158675 0.0313488 -0.090733 -0.703542 -0.704838  0.133895  0.692713 -0.708675 -0.144757  -0.72798   1.04016 0.00212494 0.909651 0.0241552 0.548563
1   0.987999  -0.149524  0.0387318 -0.0807381  -0.713716  -0.695767   0.131677    0.68429  -0.717223  -0.143931  -0.715066    1.04945 0.00220516 0.809035 0.484944 0.778781
1  0.982577 -0.182508 0.0351134 -0.103486 -0.694186 -0.712317  0.154379  0.696273 -0.700979 -0.170819 -0.734998   1.03163 0.00201884 0.887064 0.212004 0.90843
1  0.982064 -0.184453 0.0390738 -0.100981 -0.689561 -0.717153  0.159225  0.700345 -0.695819 -0.177517 -0.740675   1.02602 0.00201493 0.893224 0.169328 1.15356
1   0.989108  -0.144147  0.0297697 -0.0796408  -0.694215  -0.715348   0.123782   0.705186  -0.698134  -0.133954  -0.745505    1.02871 0.00212034 0.905544 0.130717 0.90579
1   0.985303   -0.16838   0.028744 -0.0962615  -0.686351  -0.720872   0.141109    0.70751  -0.692472   -0.15334  -0.750796    1.02233 0.00195177 0.87885 0.390812 1.61836
1   0.990647   -0.13168  0.0357516 -0.0678004  -0.702434  -0.708512    0.11841   0.699462  -0.704792  -0.128251  -0.736681    1.03567 0.00221864 0.903491 0.00504158 0.613012
1   0.98186 -0.186365 0.0349201 -0.108348 -0.702605 -0.703283  0.155602  0.686742 -0.710052 -0.171429  -0.72073   1.04154 0.00197684 0.897331 0.179267 0.810787
1  0.983196 -0.177195 0.0439047 -0.096634  -0.70922 -0.698333  0.154879  0.682355 -0.714425 -0.172551 -0.713957   1.04647 0.00230716 0.919918 0.072183 0.806834
1   0.98239 -0.182309 0.0409137 -0.101789 -0.705825 -0.701035  0.156683  0.684525 -0.711952 -0.174082 -0.716946   1.04371 0.00217426 0.919918 0.130548 0.771585
1   0.990846  -0.131911  0.0287095 -0.0733078  -0.704322  -0.706085   0.113361   0.697517  -0.707545  -0.119915  -0.733915    1.03882 0.00200573 0.89117 0.116076 0.619434
0 -0.975043 -0.216326  -0.04995  0.121251 -0.707318  0.696419 -0.185984  0.672982  0.715895  0.213253 -0.702989  -1.04776 0.00295381 0.858316 0.108338 1.15986
1   0.982234  -0.182711   0.042821 -0.0995904  -0.700909  -0.706264   0.159056   0.689452  -0.706652  -0.177515  -0.724448     1.0379 0.00217116 0.911704 0.155232 1.55803
1   0.987109  -0.157853  0.0264148 -0.0929083  -0.699548   -0.70852   0.130321   0.696933  -0.705196   -0.13962  -0.734317    1.03626 0.00206083 0.897331 0.3192 1.71832
1   0.988919  -0.144696  0.0331989 -0.0777624  -0.695381  -0.714421    0.12646   0.703923  -0.698928   -0.13777  -0.743517    1.02957 0.00210446 0.907598 0.210351 0.719778
1   0.989076   -0.14579    0.02177 -0.0900109  -0.714292  -0.694035   0.116734   0.684494  -0.719612  -0.120904  -0.715072    1.05202 0.00212672 0.905544 0.198383 0.715742
1   0.982925  -0.177934  0.0468926 -0.0950381  -0.709123  -0.698651   0.157566   0.682264  -0.713924  -0.176794  -0.713641    1.04577 0.00223109 0.919918 0.117948 0.739128
1  0.981395 -0.187544 0.0411255 -0.104107 -0.699756 -0.706755  0.161326  0.689325 -0.706262 -0.179739 -0.724555   1.03735 0.00203849 0.800821 0.524932 1.08837
1   0.987265  -0.157868   0.019638 -0.0962306  -0.690927  -0.716491    0.12668   0.705476   -0.69732   -0.13442  -0.746701    1.02788 0.00220944 0.901437 -0.013757 0.906419
1   0.988109  -0.149714  0.0350295 -0.0818131  -0.704833   -0.70464   0.130184   0.693395    -0.7087  -0.141637  -0.728375    1.04022 0.00213344 0.915811 0.129888 0.683148
1  0.982033 -0.182108 0.0494655 -0.095692 -0.706497 -0.701217  0.162645  0.683885  -0.71123 -0.183206 -0.716608   1.04271 0.00229773 0.809035 0.433805 1.20609
1   0.986975  -0.158913  0.0250282 -0.0934048  -0.692746  -0.715107   0.130978   0.703456  -0.698566    -0.1404  -0.743735    1.02906 0.00204902 0.897331 -0.0321747 0.700778
1   0.987886   -0.15045  0.0380206 -0.0835133   -0.72195  -0.686887   0.130791   0.675391  -0.725769  -0.142261  -0.702068    1.05868 0.00215517 0.921971 0.0666825 1.21902
0   -0.97363  -0.221133 -0.0560831   0.120445  -0.707038   0.696843  -0.193748   0.671712   0.715027   0.223695  -0.701158   -1.04665 0.0028139 0.858316 -0.111775 2.25701
1   0.987923  -0.151867  0.0307225 -0.0864029  -0.704561  -0.704364   0.128615   0.693203  -0.709174  -0.138897  -0.728199    1.04075 0.00210618 0.913758 0.0481962 1.32483
1   0.987081  -0.156769  0.0330823 -0.0878517  -0.702238  -0.706502    0.13399   0.694468  -0.706938  -0.145536  -0.730344    1.03828 0.00215826 0.913758 0.00352973 0.932788
0  -0.972395  -0.221983 -0.0719182   0.125463   -0.75725   0.640962  -0.196743   0.614245   0.764196   0.226391   -0.61705   -1.09968 0.0033239 0.839836 0.0352925 2.53698
1   0.988022  -0.151712  0.0282014 -0.0873928  -0.700756  -0.708028   0.127179   0.697083  -0.705621  -0.136623  -0.734112    1.03675 0.00210612 0.903491 0.128719 0.606153
1   0.988273  -0.148578  0.0352383 -0.0804437  -0.702728  -0.706896   0.129792   0.695771  -0.706439  -0.141497  -0.731735    1.03776 0.00210096 0.913758 0.0603403 0.995967
1   0.990571  -0.132857   0.033428 -0.0694681  -0.697417  -0.713291   0.118079   0.704243  -0.700071  -0.127873  -0.743851    1.03076 0.00219762 0.903491 0.0866328 0.983517
0 -0.977193 -0.203979 -0.059051  0.108502 -0.718643  0.686862 -0.182542   0.66479  0.724385  0.211614 -0.689882  -1.05698 0.00266675 0.874743 0.254232 1.64882
1  0.981785 -0.185918  0.039139 -0.102303 -0.690896 -0.715679  0.160099  0.698639 -0.697332 -0.178192 -0.738044   1.02751 0.00194414 0.889117 0.161924 0.852643
0  -0.979655  -0.194653 -0.0488545    0.10771  -0.715363   0.690402  -0.169337   0.671093   0.721775    0.19321  -0.698725   -1.05424 0.00278044 0.876797 0.111594 1.37427
1   0.988378  -0.147933  0.0350077 -0.0803798  -0.704019  -0.705618    0.12903   0.694603  -0.707727   -0.14058  -0.730035    1.03913 0.00210134 0.913758 0.0568452 0.956219
1  0.981783 -0.186612 0.0357619 -0.107195 -0.699385 -0.706661  0.156883  0.689954 -0.706648 -0.173457 -0.725629    1.0379 0.00208919 0.901437 0.136968 1.43935
1  0.978623  -0.20072 0.0448098 -0.112193  -0.70364 -0.701643  0.172364  0.681617 -0.711118 -0.193246 -0.714055   1.04258 0.00213913 0.911704 0.0587782 0.548328
1  0.981417 -0.186553  0.044926 -0.101553 -0.703617 -0.703285  0.162811  0.685654 -0.709487 -0.182106 -0.718763   1.04098 0.00216697 0.919918 0.146681 1.35506
1   0.98133 -0.188204 0.0396308 -0.103779 -0.691632 -0.714755  0.161929  0.697298 -0.698251 -0.180377 -0.736222   1.02861 0.00193847 0.89117 0.110035 0.609891
1   0.988873  -0.144852  0.0338741 -0.0789841  -0.704211  -0.705584    0.12606   0.695058  -0.707816  -0.136717  -0.730774     1.0392 0.00209966 0.907598 0.155582 0.680564
0   0.992028  -0.124354  0.0203991 -0.0714063  -0.688094  -0.722099   0.103832   0.714886  -0.691489  -0.107636  -0.759635     1.0211 0.0020705 0.870637 0.196634 1.42152
0   0.982405  -0.177178  0.0590543 -0.0948665  -0.745787  -0.659395   0.160873   0.642191  -0.749474  -0.181348  -0.654273    1.08437 0.00310648 0.870637 0.000832196 0.889479
1  0.980374 -0.191645 0.0462568 -0.106408  -0.71189 -0.694183  0.165967  0.675637  -0.71831 -0.185543 -0.704791   1.05052 0.00212097 0.917865 0.0328428 0.568828
1  0.987092 -0.156763 0.0327865 -0.088063 -0.702259 -0.706454  0.133771  0.694447 -0.706999 -0.145081 -0.730213   1.03833 0.00213907 0.913758 0.114456 0.867639
1   0.986588  -0.160622  0.0290762 -0.0913063  -0.690689  -0.717364   0.135307   0.705088  -0.696091  -0.146635  -0.747286    1.02618 0.00193137 0.86653 0.296028 0.853832
1  0.982003 -0.183355 0.0452822 -0.100995 -0.712409  -0.69446  0.159592  0.677388 -0.718105 -0.178094 -0.706833    1.0504 0.00219236 0.921971 0.166563 0.766484
1   0.985731  -0.165495  0.0307565 -0.0945826  -0.695696  -0.712083   0.139243   0.699013  -0.701422  -0.150913  -0.737657    1.03218 0.00212816 0.901437 0.182035 1.48452
1   0.988044  -0.149468  0.0377839 -0.0798535  -0.705802  -0.703895   0.131878   0.692462  -0.709299  -0.144337  -0.727043    1.04074 0.00208464 0.909651 0.228941 0.780279
1    0.98874  -0.145495  0.0349965 -0.0789456  -0.705822  -0.703976   0.127126   0.693286  -0.709361   -0.13796  -0.728064    1.04089 0.00214241 0.913758 0.0562256 0.918018
0    0.99636 -0.0799186   0.029649 -0.0350251  -0.700942  -0.712358  0.0777129   0.708726   -0.70119 -0.0798636  -0.749361    1.03148 0.00287572 0.759754 0.267258 1.13647
0   0.987304  -0.154171  0.0382294 -0.0897745  -0.740162  -0.666409   0.131037   0.654517  -0.744606  -0.141168  -0.672454    1.07901 0.00251772 0.926078 0.0652078 0.743227
0   0.990839  -0.133286  0.0217557 -0.0793182  -0.704726  -0.705031   0.109303   0.696847  -0.708842   -0.11334  -0.732986    1.04038 0.00214497 0.899384 0.181476 1.21396
0   0.991448  -0.127646  0.0271528 -0.0709881  -0.702098  -0.708533   0.109505   0.700546  -0.705155  -0.115197  -0.738076    1.03626 0.00213454 0.899384 0.0946938 1.20193
1   0.987327  -0.156266  0.0276804 -0.0904293  -0.697307  -0.711045   0.130414   0.699531  -0.702601  -0.140378  -0.737665     1.0336 0.00216393 0.911704 0.171531 0.863041
0   0.990599  -0.136043  0.0143541 -0.0858162  -0.699707  -0.709258   0.106533   0.701358  -0.704803  -0.108663  -0.739429      1.036 0.00213638 0.899384 0.125693 1.25202
0  0.991318 -0.128371 0.0284422 -0.071972 -0.710812  -0.69969  0.110037  0.691568  -0.71388 -0.115921 -0.724849   1.04586 0.00216626 0.909651 0.112594 0.743914
1  0.987364 -0.154607 0.0347696  -0.08543 -0.704113 -0.704931  0.133469  0.693053 -0.708423 -0.145097 -0.727844   1.03986 0.0021162 0.915811 0.230521 0.596866
0    0.99419  -0.106596  0.0149391 -0.0655829  -0.709945  -0.701196  0.0853504   0.696143  -0.712812 -0.0836614  -0.730574    1.04472 0.00246221 0.913758 0.168545 1.28081
1  0.979502  -0.19438 0.0528488   -0.1067 -0.723194 -0.682352  0.170856  0.662726 -0.729111  -0.19196 -0.685488   1.06232 0.00242769 0.831622 0.458428 1.03032
1   0.988263  -0.148696  0.0350234 -0.0803251  -0.700807  -0.708814   0.129943   0.697681  -0.704525   -0.14176  -0.734526    1.03568 0.00205899 0.909651 0.130083 0.877787
1  0.981609 -0.186034 0.0428447 -0.102791 -0.704178 -0.702543  0.160867  0.685219  -0.71035 -0.179305  -0.71867   1.04198 0.00218029 0.911704 0.0764342 0.848142
0   0.993106  -0.113278  0.0301565 -0.0588702   -0.70442  -0.707337   0.101368   0.700685  -0.706232  -0.106697  -0.737141     1.0377 0.00252486 0.924025 0.0504616 0.849646
1   0.98776 -0.151808 0.0358516 -0.084082 -0.711781 -0.697351  0.131382  0.685801 -0.715833 -0.142757 -0.717391   1.04791 0.00213035 0.917865 0.150414 1.02985
1   0.986952  -0.156937  0.0360128 -0.0867145  -0.706511   -0.70237   0.135671   0.690082  -0.710901  -0.147931  -0.723951    1.04261 0.00220009 0.917865 0.0385634 0.982105
1   0.987252  -0.155738  0.0328639 -0.0860942  -0.696162  -0.712703   0.133874   0.700788  -0.700695  -0.145668  -0.739771    1.03142 0.00217156 0.905544 0.0438843 0.702387
1   0.985978  -0.165063  0.0245455 -0.0954028  -0.678224  -0.728636   0.136918   0.716077  -0.684462  -0.147688  -0.763207    1.01342 0.00184116 0.86653 0.310536 0.861159
1  0.981811 -0.187646 0.0289118 -0.108946  -0.68153 -0.723635  0.155491  0.707324 -0.689577 -0.171099  -0.75131   1.01924 0.0020638 0.88501 0.191011 1.22252
1   0.988586  -0.148026  0.0280539 -0.0835741  -0.693726  -0.715374   0.125355   0.704863  -0.698179  -0.135044  -0.744837    1.02868 0.0020815 0.907598 0.117543 0.697399
1  0.981852  -0.18554 0.0392697 -0.103272  -0.69674 -0.709851  0.159066  0.692913 -0.703256 -0.176984 -0.729896   1.03416 0.00205519 0.899384 0.10383 0.716577
1  0.988707  -0.14626 0.0326678 -0.080456 -0.701938 -0.707679  0.126436  0.697059 -0.705778 -0.136983 -0.734142   1.03691 0.00214468 0.899384 -0.0511013 0.706672
1  0.981423 -0.187036 0.0427306  -0.10402 -0.705891 -0.700641  0.161208   0.68318 -0.712234 -0.179584 -0.715472   1.04392 0.00196667 0.800821 0.427718 2.16824
1   0.986535  -0.162149  0.0213571 -0.0961875   -0.68085  -0.726079   0.132274   0.714248  -0.687279  -0.141463  -0.759875    1.01669 0.00209059 0.889117 0.0890401 0.698056
1   0.990711  -0.134096  0.0225861 -0.0780478  -0.696729  -0.713076   0.111357   0.704689  -0.700723  -0.116355  -0.744503    1.03135 0.00199491 0.887064 0.219081 1.10152
0  0.991511 -0.126683 0.0292683 -0.070564 -0.713368 -0.697228  0.109206  0.689245 -0.716251 -0.115177 -0.721568   1.04834 0.00215248 0.905544 0.156397 1.62427
1  0.984648 -0.172211 0.0284908 -0.101894 -0.699602  -0.70723  0.141725  0.693469 -0.706409 -0.152664 -0.729787   1.03769 0.00217742 0.905544 0.138756 1.13482
1  0.981681 -0.186439 0.0392756 -0.102827 -0.691959 -0.714576  0.160402  0.697447 -0.698454 -0.178455 -0.736272   1.02892 0.00199098 0.895277 0.304252 0.91113
1   0.98134 -0.187931 0.0406752 -0.100712 -0.682566 -0.723851  0.163798  0.706247 -0.688756  -0.18359 -0.749688   1.01815 0.00197058 0.882957 0.315587 2.03508
0  -0.974549  -0.216008 -0.0599545    0.11927  -0.726068     0.6772  -0.189811   0.652814   0.733352   0.219064  -0.673005   -1.06669 0.00277043 0.882957 0.157323 1.95725
1  0.987658 -0.153323 0.0319782 -0.086496 -0.704165 -0.704748  0.130572  0.693284 -0.708737  -0.14139 -0.728409   1.04028 0.00211268 0.913758 0.0312343 0.697754
1   0.987883  -0.151862  0.0320129 -0.0869625  -0.712479  -0.696284   0.128548   0.685063  -0.717052  -0.138674  -0.716476    1.04924 0.00209398 0.796715 0.571264 1.28946
1    0.9814 -0.186156 0.0468965 -0.102418 -0.714334  -0.69227   0.16237  0.674591 -0.720114 -0.181438 -0.702727   1.05251 0.00213387 0.921971 0.22845 0.871257
1  0.981206 -0.188577 0.0408987 -0.103832  -0.69464 -0.711825  0.162644    0.6942 -0.701165 -0.181381 -0.731868   1.03186 0.0020514 0.899384 0.137845 1.23053
1  0.981385 -0.187332 0.0423083  -0.10349 -0.701421 -0.705194  0.161782  0.687688 -0.707751 -0.180484  -0.72229   1.03903 0.00210901 0.907598 0.166847 0.668673
0   0.994584 -0.0874737  0.0561262 -0.0319228  -0.771038  -0.635989  0.0989076   0.630753  -0.769655  -0.109861  -0.634829    1.10555 0.00382826 0.858316 -0.0590269 1.35592
1   0.982067  -0.183229  0.0444065 -0.0997465   -0.70483  -0.702328   0.159986   0.685304  -0.710467  -0.178337   -0.71819    1.04207 0.00223308 0.919918 -0.0898947 0.833285
1   0.988251  -0.148441   0.036403 -0.0806861  -0.708983  -0.700594   0.129806   0.689426  -0.712631  -0.141536  -0.722581    1.04448 0.00212075 0.915811 0.177391 1.04024
1  0.980032 -0.193232 0.0468907 -0.106076  -0.70754 -0.698667  0.168182  0.679742 -0.713909 -0.188588 -0.710849   1.04572 0.00213257 0.917865 0.235484 1.09784
1   0.988794  -0.145909  0.0315665 -0.0812895  -0.703604  -0.705927   0.125211   0.695451  -0.707581  -0.135215  -0.731422    1.03899 0.00210523 0.907598 0.185998 0.884443
1  0.982696 -0.181102 0.0388674 -0.102955 -0.708494 -0.698167  0.153977  0.682084 -0.714879 -0.170726 -0.713446   1.04692 0.00217235 0.917865 0.10977 0.810271
1  0.981894 -0.186707 0.0320097 -0.109018 -0.695147 -0.710553  0.154917  0.694198 -0.702915 -0.170563 -0.731544   1.03374 0.00202693 0.897331 0.098769 0.570957
1   0.987151  -0.158992  0.0159683 -0.0988635  -0.686204   -0.72066   0.125537   0.709821  -0.693105   -0.13239  -0.753417    1.02309 0.00220485 0.89117 0.104915 0.677748
1   0.987884  -0.152352  0.0295576 -0.0875618   -0.70442  -0.704361   0.128132   0.693239  -0.709226  -0.137876   -0.72829    1.04079 0.00209449 0.911704 0.102363 1.08661
1  0.962563 -0.263777 0.0623999 -0.147487 -0.702829 -0.695902  0.227419  0.660646 -0.715421 -0.262081 -0.687522    1.0471 0.00266451 0.811088 0.590198 1.99259
1  0.987761 -0.154217  0.023337 -0.096357 -0.721006 -0.686197   0.12265   0.67555 -0.727041 -0.126699 -0.701894   1.06064 0.0026918 0.895277 0.032195 0.802856
1   0.987927  -0.151086  0.0342654 -0.0830719  -0.703312  -0.706011   0.130768    0.69464  -0.707372  -0.142258    -0.7302    1.03876 0.00209366 0.913758 0.195986 0.848541
1   0.988458   -0.14843    0.03033 -0.0840258  -0.703724  -0.705487   0.126059   0.694796  -0.708073  -0.136034  -0.730296    1.03955 0.00212516 0.915811 0.178169 0.796747
1  0.981483 -0.185864  0.046327 -0.101471 -0.709622 -0.697238  0.162466  0.679626 -0.715342 -0.181609  -0.71018   1.04736 0.00220664 0.921971 -0.000851681 0.780026
1   0.988689  -0.145826  0.0350569 -0.0793557  -0.706975  -0.702772   0.127267   0.692041   -0.71055  -0.138422  -0.726512    1.04225 0.00213358 0.909651 -0.0133326 0.711986
0  -0.975665  -0.212976 -0.0521433   0.119273  -0.715048   0.688825  -0.183988   0.665844   0.723049   0.210928  -0.692357    -1.0556 0.00303413 0.87269 -0.0413294 1.75515
0   0.991221  -0.130276   0.022549 -0.0752332  -0.696018  -0.714072   0.108721   0.706107  -0.699709  -0.113507   -0.74633    1.03038 0.00208747 0.895277 0.0552171 1.10469
1   0.982168  -0.182559   0.044926 -0.0999759  -0.709531  -0.697546    0.15922   0.680616   -0.71513  -0.177596  -0.711338     1.0471 0.00219808 0.921971 0.127496 0.776368
1   0.988023  -0.149963  0.0363676 -0.0808444    -0.7038  -0.705784   0.131437    0.69439  -0.707493  -0.143584  -0.729825     1.0389 0.00208535 0.911704 -0.0286547 0.881933
0   0.990052  -0.127229  0.0600815 -0.0607079   -0.77149  -0.633338   0.126931   0.623391  -0.771539  -0.142274  -0.625048    1.10747 0.00361658 0.87885 0.257408 1.83937
1   0.987887  -0.151492  0.0336008 -0.0846698   -0.70771  -0.701412   0.130038   0.690071  -0.711964  -0.141026  -0.723504    1.04366 0.00210344 0.915811 0.135174 0.866613
1   0.987291  -0.155278  0.0338539 -0.0870443  -0.706559  -0.702281   0.132969   0.690408  -0.711095  -0.144237   -0.72451    1.04282 0.00217905 0.913758 0.00158644 0.778356
1   0.985414  -0.167996  0.0271363 -0.0963499  -0.682228  -0.724763   0.140271   0.711577  -0.688464  -0.152043  -0.756752    1.01785 0.00180367 0.86653 0.398183 1.54264
1  0.980514 -0.192702 0.0382006 -0.109823 -0.698907 -0.706731  0.162887  0.688764  -0.70645 -0.180545 -0.724036    1.0376 0.00203691 0.901437 0.197404 0.716897
1   0.989216  -0.142789  0.0326045 -0.0764998  -0.693547  -0.716338   0.124898   0.706119  -0.696991   -0.13601  -0.746845    1.02739 0.00212801 0.903491 0.121426 0.933536
1  0.981613 -0.186254 0.0417829 -0.101468 -0.694548 -0.712255  0.161681  0.694919 -0.700676 -0.180626 -0.732616   1.03129 0.00202256 0.899384 0.141997 1.38017
1  0.981864 -0.184104 0.0452726 -0.101891 -0.713796 -0.692902  0.159882  0.675723 -0.719609 -0.178128 -0.704564   1.05205 0.00220872 0.919918 0.140716 1.10108
1  0.981493 -0.186353 0.0440868 -0.103654 -0.710573 -0.695947  0.161019  0.678497 -0.716739 -0.179446 -0.708505   1.04893 0.00216715 0.921971 0.0532161 0.907003
0   0.991136  -0.131759   0.017013 -0.0797396  -0.692418  -0.717077   0.106262   0.709364  -0.696786  -0.109193  -0.751382    1.02706 0.00204633 0.882957 0.200642 1.8491
1    0.98801   -0.14979  0.0374037 -0.0804168  -0.706105  -0.703526   0.131792   0.692083  -0.709684  -0.144079  -0.726462    1.04124 0.00211038 0.913758 0.0888233 0.871701
