1   0.987114  -0.156865  0.0316232 -0.0902037  -0.708694  -0.699726   0.132173   0.687857  -0.713711  -0.142683  -0.720702    1.04568 0.00212417 0.913758 0.150054 0.898285
1   0.985603  -0.167427   0.023567 -0.0983389  -0.681037  -0.725616   0.137537   0.712852  -0.687696   -0.14807    -0.7587    1.01698 0.00181519 0.864476 0.368611 1.57003
1   0.987118   -0.15645  0.0334783 -0.0877085  -0.704171  -0.704592   0.133808    0.69258  -0.708822  -0.145241  -0.727626    1.04041 0.00215245 0.913758 0.240023 0.764872
1   0.985324  -0.167988  0.0302714 -0.0951643   -0.68785  -0.719588   0.141704   0.706146  -0.693742  -0.154035  -0.748712    1.02373 0.00199089 0.880903 0.108691 0.741249
1  0.990532 -0.135993 0.0187847 -0.081173 -0.690518 -0.718746  0.110716  0.710416 -0.695019 -0.114593 -0.752972    1.0251 0.00200796 0.880903 0.336278 1.84443
1  0.986943 -0.159075  0.025256 -0.093078 -0.691253 -0.716594   0.13145  0.704887 -0.697034 -0.140943 -0.746167   1.02733 0.00208854 0.893224 0.220045 1.268
0   0.991035  -0.130399  0.0290769 -0.0726329  -0.708533   -0.70193   0.112133   0.693525  -0.711652   -0.11862  -0.727903    1.04329 0.00215001 0.905544 0.169479 0.784684
1  0.985038 -0.163989 0.0529788 -0.087794 -0.742052 -0.664569  0.148295  0.649974 -0.745347 -0.165236 -0.665114   1.07994 0.0029699 0.852156 0.319219 1.01778
1  0.975073 -0.215838 0.0514496 -0.117554 -0.699169 -0.705226  0.188187  0.681598 -0.707114 -0.213844 -0.715209   1.03818 0.00229353 0.907598 0.116602 1.35429
0  -0.968437  -0.239831 -0.0679027   0.130658  -0.720436   0.681102  -0.212269   0.650732   0.729033   0.247151  -0.671619   -1.06179 0.00303515 0.880903 0.115883 1.97152
0    0.99183  -0.112228   0.060649 -0.0530334  -0.795147  -0.604093   0.116021   0.595941  -0.794603  -0.129344  -0.585755    1.13141 0.00388157 0.87885 0.0343576 0.967756
0   0.998536 -0.0514571  0.0167029 -0.0243512  -0.703194  -0.710581  0.0483098   0.709134  -0.703417 -0.0417159  -0.748505    1.03417 0.00291459 0.76386 0.150522 1.77802
1  0.981285  -0.18896 0.0370723 -0.107911  -0.69907 -0.706864  0.159485  0.689634 -0.706378 -0.176687  -0.72507   1.03768 0.00209647 0.907598 0.0980711 0.768096
0  -0.968775  -0.239818 -0.0629386   0.129863  -0.707036   0.695151   -0.21121   0.665272   0.716103   0.246017  -0.692604   -1.04781 0.00288888 0.864476 0.0801469 2.14519
1  0.982093 -0.184433 0.0384398  -0.10455 -0.703283  -0.70318  0.156723  0.686569 -0.709972 -0.173327 -0.720347   1.04153 0.00210119 0.907598 0.0657376 1.44599
1   0.987989  -0.149869  0.0376433 -0.0840467  -0.725608  -0.682956   0.129668   0.671589  -0.729489  -0.140559  -0.696809    1.06273 0.00224062 0.921971 0.200021 1.07346
0   0.990848  -0.134315  0.0133996 -0.0834756  -0.687744  -0.721138   0.106075    0.71342  -0.692662  -0.108337  -0.757266    1.02272 0.00215545 0.889117 0.161744 1.53596
1   0.987167  -0.155716  0.0354122 -0.0849641  -0.699905  -0.709164   0.135214   0.697055  -0.704154  -0.147507  -0.734152    1.03529 0.00215246 0.909651 0.127824 0.955293
1   0.985598  -0.165565  0.0344145 -0.0914397  -0.692983  -0.715132   0.142249   0.701686  -0.698142  -0.155645  -0.741446    1.02874 0.00219585 0.905544 -0.0175488 0.929626
0   0.992273  -0.121305  0.0260685 -0.0688156  -0.712887  -0.697894   0.103242   0.690708  -0.715726  -0.107501  -0.723399    1.04771 0.00219953 0.905544 0.172904 1.44608
1   0.98182 -0.185249 0.0413896 -0.101819 -0.698008 -0.708815  0.160197  0.691714 -0.704179 -0.178609 -0.728031   1.03523 0.00211619 0.905544 0.0556688 0.895076
1   0.988165  -0.149017  0.0363742 -0.0804795  -0.705541  -0.704085   0.130584   0.692825  -0.709184  -0.142534  -0.727521    1.04071 0.00210554 0.913758 0.200316 0.859115
1   0.988105  -0.150838   0.029951 -0.0867828  -0.707714  -0.701148   0.126957   0.690209  -0.712386  -0.136553  -0.723804    1.04429 0.00210082 0.913758 0.137143 1.48315
0   0.99139 -0.128653 0.0243657 -0.072672 -0.695405 -0.714934  0.108923  0.707008 -0.698767  -0.11449 -0.747567   1.02937 0.00203229 0.893224 0.0172834 0.748667
1   0.982017  -0.181544  0.0518084 -0.0939838  -0.708097  -0.699832   0.163736   0.682378  -0.712426  -0.184609   -0.71397    1.04404 0.00235713 0.924025 0.117575 0.754882
0  -0.978597  -0.199602 -0.0500686   0.111461  -0.718638   0.686394  -0.172987   0.666122   0.725505   0.197024  -0.691597   -1.05826 0.00284571 0.882957 -0.0184948 1.64382
1   0.982863  -0.178469  0.0461356 -0.0934728  -0.698243  -0.709732   0.158879   0.693257  -0.702959   -0.17848  -0.730138    1.03367 0.00207859 0.893224 0.161322 1.1326
1   0.988271  -0.148747  0.0345659 -0.0825674  -0.710882  -0.698448   0.128464   0.687402  -0.714826  -0.139397  -0.719593    1.04688 0.0021167 0.917865 0.181681 0.984529
1   0.987491   -0.15336  0.0366418 -0.0853994  -0.715542   -0.69333   0.132548   0.681527  -0.719688  -0.144286  -0.711417     1.0521 0.00222012 0.804928 0.479158 1.31128
1  0.981604 -0.186663 0.0401228 -0.103191 -0.695497 -0.711081  0.160638   0.69386 -0.701965 -0.179016 -0.730482   1.03274 0.00216241 0.913758 0.0568872 1.35777
0     0.9917  -0.125069  0.0298122 -0.0675971  -0.704415  -0.706563   0.109369   0.698683  -0.707022  -0.116337  -0.735435    1.03817 0.00206354 0.893224 0.126674 0.69151
1  0.982555 -0.181848 0.0389471 -0.101482 -0.699768 -0.707125  0.155844  0.690837 -0.706015 -0.172984 -0.725937   1.03715 0.00215995 0.913758 0.178425 0.78571
1  0.968298 -0.240701 0.0667933 -0.130946 -0.716815 -0.684857  0.212724    0.6544  -0.72561 -0.244994 -0.676953   1.05801 0.00252573 0.819302 0.442805 1.99599
1   0.988029  -0.150528  0.0337665 -0.0844014  -0.710665   -0.69845   0.129133   0.687239  -0.714862  -0.139942  -0.719498    1.04691 0.00211033 0.915811 0.126819 0.903539
1   0.987776  -0.152091  0.0341514 -0.0843695  -0.705872  -0.703297   0.131071   0.691818  -0.710076   -0.14239  -0.726157    1.04175 0.00210959 0.915811 0.22809 1.44865
1  0.981658 -0.187184 0.0362004 -0.103803 -0.684019 -0.722041  0.159916   0.70504 -0.690902  -0.17795 -0.747785   1.02048 0.0018827 0.880903 0.163224 0.892119
1   0.987855  -0.150664  0.0379883 -0.0820414  -0.713392  -0.695946   0.131955   0.684377  -0.717089  -0.144262  -0.715346     1.0492 0.00217882 0.917865 0.19328 0.989417
1  0.981023 -0.189437 0.0413319 -0.105636 -0.700945 -0.705349  0.162591  0.687597 -0.707654 -0.181032 -0.722195   1.03897 0.0021237 0.909651 0.121663 1.53565
1  0.981027 -0.187558 0.0490726  -0.10374 -0.721681 -0.684408  0.163781  0.666332 -0.727446 -0.182861 -0.690949   1.06051 0.00222838 0.926078 -0.032393 0.805142
1  0.981552 -0.186324 0.0428779 -0.101846 -0.699337 -0.707499   0.16181   0.69008 -0.705412 -0.180764 -0.725853   1.03654 0.00211302 0.903491 0.171956 0.905204
0  0.992445  -0.11973 0.0267855 -0.066082 -0.705591 -0.705531  0.103373  0.698431 -0.708173 -0.108192 -0.734594   1.03958 0.00221907 0.905544 0.0762566 0.611384
1   0.982554  -0.183035  0.0329467 -0.0988904  -0.664229  -0.740959   0.157506   0.724774  -0.670742   -0.17585  -0.776521    0.99819 0.00229563 0.778234 0.402223 1.15234
1   0.987797   -0.15177  0.0349639 -0.0819928  -0.697624  -0.711757   0.132415   0.700205  -0.701555  -0.144563  -0.738257    1.03245 0.00210946 0.911704 0.029928 0.67864
1   0.988551  -0.146622  0.0356329 -0.0801617  -0.710392  -0.699227   0.127836   0.688364  -0.714012  -0.139066  -0.720945    1.04598 0.00210879 0.915811 0.163541 1.03629
1   0.986481  -0.161419  0.0282781 -0.0908591  -0.682342  -0.725364   0.136383   0.712989  -0.687784  -0.148179  -0.758381    1.01721 0.00200996 0.880903 0.176676 1.42844
1    0.98916  -0.144121  0.0281281 -0.0834127  -0.709135  -0.700121   0.120849   0.690185   -0.71347  -0.129167  -0.723721    1.04532 0.00216822 0.909651 0.152869 1.02347
1  0.982165 -0.184014  0.038617 -0.104303 -0.704113 -0.702385   0.15644   0.68583 -0.710749 -0.173617 -0.719723   1.04239 0.0021829 0.903491 0.0219286 1.1261
1   0.989237  -0.143954  0.0262314 -0.0835842  -0.703067  -0.706195   0.120102   0.696401  -0.707532  -0.128184  -0.732645    1.03893 0.00214201 0.909651 0.0967127 0.778696
1  0.990526 -0.135175  0.024205 -0.078125 -0.699651 -0.710201  0.112936  0.701582 -0.703583  -0.11848 -0.739729   1.03463 0.0021098 0.903491 0.0664251 1.79478
1  0.981212 -0.187315 0.0462129 -0.103522 -0.713294 -0.693177  0.162806   0.67537 -0.719284 -0.181719 -0.704058   1.05168 0.00217132 0.921971 0.0584719 0.684449
0   0.991196  -0.130987   0.019328 -0.0777333  -0.693855  -0.715907   0.107185   0.708102  -0.697928  -0.110802  -0.749501    1.02827 0.00202399 0.882957 0.270539 1.95761
1  0.982282 -0.181949 0.0449072 -0.100233 -0.712523 -0.694453  0.158352  0.677647 -0.718135  -0.17665 -0.707023    1.0504 0.00219614 0.924025 0.0639624 0.935628
1  0.987762 -0.152392 0.0332239 -0.084981 -0.704449 -0.704649  0.130787  0.693202 -0.708778 -0.141867 -0.728178   1.04034 0.00211937 0.915811 0.0100284 0.768104
1  0.981269 -0.188421 0.0400963 -0.104143 -0.693968 -0.712434  0.162063  0.694914 -0.700593 -0.180688 -0.732881   1.03122 0.00203702 0.899384 0.344607 1.60932
0  -0.974632  -0.217069 -0.0545256   0.115463  -0.696358   0.708346  -0.191729   0.684081   0.703757   0.221902  -0.718963   -1.03433 0.00285206 0.852156 0.109857 2.36494
1   0.988218  -0.149273  0.0338025 -0.0834904  -0.710866  -0.698355   0.128274   0.687305  -0.714953  -0.138964  -0.719538    1.04702 0.00210941 0.915811 0.197431 0.724731
1   0.988146  -0.148973  0.0370825 -0.0820953   -0.71688  -0.692347   0.129725   0.681095  -0.720612  -0.141121  -0.710645    1.05319 0.002214 0.919918 0.0873588 0.600755
1   0.988859  -0.145265  0.0325097 -0.0807222  -0.706785  -0.702808   0.125071   0.692354  -0.710636  -0.134999  -0.726498    1.04251 0.00217457 0.919918 -0.0592451 0.773654
1  0.988682 -0.145806 0.0353201  -0.07899 -0.706082 -0.703711  0.127544  0.692956 -0.709608 -0.138964  -0.72785   1.04114 0.00211329 0.907598 0.267034 0.911639
1  0.981817 -0.185627 0.0397204  -0.10159 -0.690559 -0.716106  0.160358   0.69905 -0.696861 -0.178927 -0.738507   1.02716 0.00204535 0.899384 0.110659 0.62752
1   0.987949  -0.150774  0.0349971 -0.0832985   -0.70848  -0.700798   0.130457   0.689437  -0.712501  -0.141861    -0.7227    1.04433 0.00211977 0.915811 0.0995404 0.909371
1   0.98187 -0.184565 0.0432139 -0.104881 -0.718857 -0.687201  0.157898   0.67021 -0.725181 -0.174938 -0.696396   1.05813 0.0021161 0.806982 0.553751 1.84075
1   0.990539  -0.135144  0.0238278 -0.0791008  -0.704177  -0.705605   0.112137   0.697045  -0.708205   -0.11716  -0.733055     1.0398 0.00212868 0.907598 0.0479547 0.612234
1   0.984048  -0.173222  0.0405421 -0.0990781  -0.722894  -0.683819    0.14776   0.668894  -0.728525  -0.163163  -0.693875    1.06159 0.00223307 0.919918 0.109173 1.04643
1   0.990335  -0.137064  0.0211978 -0.0815342  -0.698992  -0.710466   0.112196   0.701871  -0.703412  -0.116644  -0.740274    1.03442 0.00212055 0.901437 0.229236 0.902326
1   0.986302   -0.16193  0.0314049 -0.0925252  -0.700752  -0.707379   0.136553   0.694784  -0.706136  -0.147653  -0.731189    1.03742 0.00215878 0.909651 0.0234674 0.874738
1   0.987967  -0.151029  0.0333374 -0.0866802  -0.719193  -0.689382   0.128093   0.678197   -0.72363  -0.137997  -0.706473     1.0563 0.0021748 0.915811 0.0100832 0.638506
1  0.981723 -0.186404 0.0383973 -0.100877 -0.680738 -0.725548  0.161384  0.708413   -0.6871 -0.180309 -0.752695   1.01638 0.0019673 0.882957 0.128956 1.01607
0   0.993272  -0.112465  0.0276104 -0.0611063  -0.711532  -0.699991  0.0983699   0.693595  -0.713618   -0.10274  -0.727476    1.04541 0.00237905 0.909651 0.239329 1.6724
1  0.981334 -0.187783 0.0414899  -0.10378  -0.69873 -0.707818  0.161906    0.6903 -0.705176 -0.180524 -0.726129   1.03622 0.00204369 0.901437 0.136954 1.06253
1   0.982934   -0.17831   0.045233 -0.0970226  -0.711408   -0.69605   0.156292   0.679782  -0.716568   -0.17453  -0.709692    1.04867 0.00222216 0.926078 0.101506 0.747838
1  0.981004 -0.189513 0.0414361 -0.105656 -0.701107 -0.705185  0.162693  0.687411 -0.707812 -0.181299 -0.721796   1.03915 0.00213195 0.913758 0.0616797 0.945445
1  0.981786 -0.186124 0.0381211 -0.103413 -0.691852 -0.714595  0.159378  0.697638 -0.698499 -0.177168 -0.736953   1.02886 0.00193488 0.887064 0.253594 0.996144
1  0.981063 -0.189729 0.0389753 -0.104379  -0.68738 -0.718758   0.16316  0.701078 -0.694167 -0.182332  -0.74232   1.02411 0.00206918 0.89117 0.198054 0.996315
1  0.981574 -0.186583  0.041232 -0.102292 -0.695337 -0.711366  0.161399  0.694041 -0.701611 -0.180105 -0.731622   1.03238 0.00204099 0.897331 0.219726 0.970536
1   0.988287  -0.147935  0.0374778 -0.0794798  -0.708592  -0.701128   0.130278   0.689936   -0.71205  -0.142321  -0.723251    1.04381 0.00211814 0.915811 0.19062 0.930296
1  0.981813 -0.184249 0.0457846 -0.100878  -0.71059 -0.696337  0.160833  0.679054 -0.716253 -0.179664 -0.709509   1.04832 0.00218804 0.915811 0.0109509 1.16039
1  0.979644 -0.197353 0.0367398 -0.112279  -0.69039 -0.714671  0.166407  0.695998 -0.698495 -0.184977 -0.734874   1.02895 0.00213302 0.905544 0.057908 1.07039
1  0.984953 -0.171046 0.0247195  -0.10026  -0.68203 -0.724419  0.140768   0.71104 -0.688917 -0.151543 -0.755869   1.01834 0.00196181 0.876797 0.214107 1.72951
1  0.968236 -0.241351 0.0653289 -0.129491  -0.70753 -0.694719  0.213893  0.664193 -0.716309 -0.246597 -0.691131   1.04799 0.0025982 0.819302 0.223889 0.912688
1  0.977257 -0.204514 0.0560556 -0.108515 -0.709405 -0.696397  0.182189  0.674476 -0.715464 -0.207433 -0.703746    1.0473 0.00225919 0.915811 0.0182202 0.578714
1   0.988334  -0.148354   0.034453 -0.0809111  -0.703097  -0.706476   0.129032   0.695446  -0.706898  -0.140466  -0.731269    1.03819 0.00207819 0.911704 0.0805614 1.26597
1  0.981968 -0.186785 0.0291532 -0.111454  -0.69656 -0.708789  0.152698  0.692759 -0.704818 -0.166849  -0.72964   1.03591 0.00201723 0.89117 0.154824 0.833038
1  0.970651 -0.227794 0.0771089 -0.120439 -0.737968 -0.664001  0.208159  0.635227 -0.743745 -0.241171 -0.648544    1.0775 0.00283627 0.833676 0.383915 1.27308
0  0.992397 -0.120711 0.0240323 -0.066954 -0.693299 -0.717533  0.103276  0.710468  -0.69611 -0.107684 -0.752202    1.0264 0.00223099 0.899384 0.161611 1.04664
1  0.978355 -0.203325 0.0384799 -0.117398 -0.698492 -0.705923   0.17041  0.686126 -0.707243 -0.188844 -0.720968   1.03843 0.00213988 0.901437 0.257872 1.86228
0  -0.974835  -0.215907 -0.0555101   0.117558  -0.709442    0.69489  -0.189413   0.670878    0.71697   0.218501  -0.699811   -1.04877 0.00282951 0.856263 0.107599 2.17937
0  -0.975112  -0.216867 -0.0460933   0.122647  -0.700819   0.702717  -0.184699   0.679575   0.709975   0.211543  -0.712431   -1.04128 0.00297873 0.858316 0.0487862 2.54027
1   0.987192  -0.155643  0.0350243 -0.0852793  -0.700369  -0.708668   0.134829   0.696605  -0.704672  -0.147054  -0.733465    1.03589 0.0021928 0.913758 0.11248 0.915772
1   0.987454  -0.154398   0.033098 -0.0857421  -0.700285  -0.708696   0.132599   0.696966  -0.704738  -0.144028  -0.733893    1.03587 0.00211462 0.909651 0.0768204 0.761437
1   0.987979  -0.150571  0.0350254 -0.0824555  -0.704913  -0.704485   0.130765   0.693128  -0.708854  -0.142291  -0.727919    1.04045 0.00209674 0.915811 0.188922 2.13831
1   0.986041  -0.163764   0.030077 -0.0941555  -0.697404  -0.710467   0.137325   0.697717  -0.703088  -0.148554  -0.735751    1.03396 0.00210616 0.899384 0.175327 0.900608
0   0.991337  -0.128077  0.0290902 -0.0710796  -0.709428  -0.701184   0.110443   0.693042  -0.712387  -0.116855  -0.727027    1.04423 0.00217443 0.909651 0.194389 0.773085
0  -0.968334  -0.241986 -0.0614125   0.131396  -0.703142   0.698803  -0.212282   0.668606   0.712673   0.246873  -0.697731   -1.04409 0.00299928 0.864476 0.037235 3.46083
1   0.987845  -0.150789  0.0377366 -0.0795022   -0.69875  -0.710934    0.13357   0.699293  -0.702245  -0.146558  -0.736878     1.0333 0.00216825 0.913758 0.0907246 0.851229
1  0.981478 -0.186165 0.0452061 -0.104236 -0.716927 -0.689311  0.160735  0.671832 -0.723053 -0.178914 -0.698672    1.0558 0.00217947 0.926078 0.14473 1.05835
1  0.981212 -0.187903 0.0437654 -0.103631 -0.704646  -0.70195  0.162738  0.684226  -0.71088  -0.18169 -0.716665   1.04263 0.00215157 0.921971 0.141948 1.71398
0   0.991506  -0.128198  0.0219127 -0.0761343  -0.708719  -0.701371   0.105444   0.693745   -0.71246  -0.108781  -0.728207    1.04425 0.00220352 0.901437 0.219387 2.04964
1  0.987955 -0.150656 0.0353221 -0.082753 -0.707275 -0.702078  0.130755  0.690699 -0.711223 -0.142313 -0.724349   1.04298 0.00210451 0.917865 0.16302 1.09239
1   0.988347  -0.147974  0.0356848 -0.0804716  -0.706941  -0.702679   0.129205    0.69162  -0.710611  -0.140744  -0.725723    1.04228 0.00211934 0.915811 0.206391 0.825945
1  0.980759 -0.188706 0.0500252  -0.10665 -0.732521 -0.672338  0.163519  0.654066 -0.738552 -0.182182 -0.672428   1.07249 0.002305 0.934292 0.182599 0.691928
1   0.990043  -0.136813  0.0331152 -0.0732827  -0.701816  -0.708579   0.120184   0.699097  -0.704854  -0.129991  -0.736213    1.03595 0.00215062 0.909651 0.0332363 0.599514
1  0.990541 -0.133367 0.0322735 -0.071216 -0.700719 -0.709874  0.117288  0.700861 -0.703588 -0.126585 -0.738667   1.03459 0.00218899 0.909651 0.0286637 0.805795
1   0.986334  -0.161756  0.0313135 -0.0936126  -0.706599  -0.701395   0.135581   0.688878  -0.712085  -0.146363  -0.722678    1.04379 0.00214553 0.907598 0.266193 1.51941
1   0.987886  -0.150542  0.0376549 -0.0831902  -0.718604  -0.690425   0.130997   0.678929  -0.722423  -0.142497   -0.70713     1.0552 0.00218385 0.811088 0.572084 2.69417
1   0.988222  -0.149206  0.0339847 -0.0818708  -0.703131  -0.706332   0.129284    0.69523  -0.707065  -0.140324  -0.730931    1.03857 0.00232265 0.809035 0.234549 0.874872
1   0.982402  -0.180229  0.0490301 -0.0939839  -0.703841  -0.704113   0.161411   0.687114  -0.708393  -0.181724  -0.720776    1.03979 0.00230075 0.815195 0.285875 2.11283
1   0.990716  -0.133834  0.0238751 -0.0776729  -0.701379  -0.708544   0.111573   0.700111  -0.705263  -0.116602   -0.73745    1.03641 0.00213317 0.905544 0.154898 1.47996
0  -0.974507  -0.215725 -0.0616321   0.117879  -0.726051   0.677462  -0.190893   0.652926   0.732971   0.220535  -0.673643     -1.066 0.00278146 0.864476 0.18519 1.66437
1  0.981822 -0.184982 0.0425145 -0.101531 -0.701104 -0.705794  0.160366  0.688647  -0.70714 -0.179112 -0.723496   1.03847 0.00217982 0.913758 0.00135314 0.65177
0   0.994091   -0.10716  0.0173411 -0.0636089   -0.70447  -0.706878  0.0879653   0.701598  -0.707123 -0.0876953  -0.738959    1.03833 0.00230927 0.895277 0.201528 1.02402
1  0.981735 -0.186085 0.0396048 -0.103753  -0.69814 -0.708403  0.159473  0.691355 -0.704696 -0.177385 -0.727592   1.03571 0.00202795 0.899384 0.132071 1.1542
1   0.988037  -0.150653  0.0329758 -0.0830161  -0.699758   -0.70954   0.129969   0.698314  -0.703893  -0.141291  -0.735378    1.03497 0.00208537 0.913758 0.153718 1.39262
1   0.986616  -0.161281  0.0240262 -0.0980626  -0.704583  -0.702813   0.130279    0.69105  -0.710969  -0.138589  -0.725624    1.04261 0.00213837 0.905544 0.124862 0.964657
1   0.988115  -0.149661  0.0350694 -0.0820084  -0.706228  -0.703218   0.130012   0.691985  -0.710108  -0.141493  -0.726229    1.04177 0.00208725 0.915811 0.101299 1.20521
0   0.982054  -0.178993  0.0594173 -0.0972245   -0.75044  -0.653748   0.161606    0.63624  -0.754376  -0.181991  -0.645987    1.08951 0.00306053 0.868583 0.100345 1.16013
1  0.981375 -0.188154 0.0387321 -0.104962 -0.694075  -0.71221  0.160888   0.69488 -0.700897 -0.179019 -0.732673   1.03164 0.00206262 0.903491 0.0867938 1.39855
1   0.989425  -0.140616   0.035572 -0.0747747  -0.704644   -0.70561   0.124285   0.695489  -0.707707  -0.135667  -0.731317    1.03909 0.00210882 0.905544 0.045879 0.8285
1  0.981196 -0.187735 0.0448419 -0.104103 -0.710363 -0.696094  0.162535  0.678336 -0.716549 -0.181256 -0.708229   1.04871 0.00214733 0.921971 0.0688761 0.840883
