1  0.590732  0.797653 -0.121596   0.19599 -0.288039 -0.937348 -0.782703   0.52989 -0.326486  0.944579 -0.604539  0.623933 0.00155585 0.999074 0.118867 21.5543 0.0122228
1  0.593917  0.794761 -0.124972  0.191734 -0.290685 -0.937411 -0.781345  0.532783 -0.325026  0.944022 -0.607324  0.622087 0.00156759 0.993519 0.0831173 6.43212 0.00884063
1  0.592923  0.795598 -0.124366  0.192157 -0.289771 -0.937608 -0.781996  0.532032 -0.324691   0.94463 -0.606764  0.621657 0.00155474 0.992593 0.0527014 6.32911 0.00816604
0  0.953422 -0.109606 -0.281023  -0.23784 -0.846175 -0.476886 -0.185525  0.521512  -0.83283 0.0767439 -0.168308  0.224632 0.00257319 0.939054 0.357217 19.2822 1.56058
0  0.954394 -0.110085 -0.277512 -0.236475 -0.846152 -0.477605  -0.18224  0.521448 -0.833595 0.0756629 -0.168249  0.225018 0.00257007 0.939054 0.310187 60.3813 1.56199
1  0.952933 -0.109865 -0.282573 -0.238728 -0.846438 -0.475975 -0.186887   0.52103 -0.832827 0.0771729 -0.168052   0.22458 0.00257645 0.939542 0.468676 12.482 0.0171373
1  0.954166 -0.108573 -0.278889  -0.23586 -0.846419 -0.477435 -0.184221  0.521332 -0.833232 0.0764298 -0.168158  0.224695 0.00254313 0.937104 0.432307 31.3385 0.0164442
1  0.954637  -0.10857 -0.277275 -0.235058 -0.846396 -0.477872 -0.182801   0.52137 -0.833521 0.0758441 -0.168073  0.224995 0.00258525 0.940517 0.495604 14.0461 0.0161765
1   0.59241  0.796223   -0.1228  0.195063  -0.28965 -0.937045 -0.781666  0.531161 -0.326906  0.943571 -0.605747  0.624116 0.00157707 0.999074 0.146376 9.2218 0.0118957
1  0.594052  0.795328 -0.120648  0.198011 -0.289938 -0.936337 -0.779675  0.532344 -0.329722  0.940106 -0.607046  0.627933 0.00159552 0.993519 0.0799816 6.3659 0.0180877
1  0.953583 -0.107886 -0.281139 -0.236429  -0.84644 -0.477117 -0.186493  0.521441 -0.832658  0.077065 -0.168188  0.224581 0.00257527 0.939542 0.516949 44.4909 0.0169304
1  0.593278   0.79532  -0.12445  0.192345 -0.290171 -0.937446 -0.781681  0.532229 -0.325128  0.944264 -0.606758  0.622245 0.00156628 0.993519 0.0893499 5.82126 0.00888773
1  0.593514  0.795206  -0.12405  0.193259 -0.290438 -0.937175 -0.781276  0.532253 -0.326059  0.943542 -0.606723  0.623386 0.00156408 0.993519 0.102188 5.25327 0.0105461
1  0.953233 -0.209409 -0.217932 -0.255618 -0.173848 -0.951019  0.161265   0.96225 -0.219247 -0.201039 -0.702466 0.0727693 0.00165779 0.820809 0.0804557 17.174 0.029504
1  0.951769 -0.207639 -0.225878 -0.262558 -0.170309 -0.949767   0.15874  0.963266 -0.216612 -0.199794 -0.702928 0.0716282 0.00167857 0.822254 0.00428346 26.9879 0.0314465
1  0.952104 -0.208024 -0.224106 -0.261159 -0.172024 -0.949844  0.159039  0.962878 -0.218112 -0.199927 -0.702789 0.0725127 0.00167921 0.822254 0.0938396 5.3822 0.0317481
1  0.951579 -0.207217 -0.227067 -0.263453 -0.169116 -0.949733    0.1584  0.963567 -0.215519 -0.199608 -0.703042 0.0709223 0.00167849 0.822254 -0.00366576 5.62019 0.0312557
1  0.952862  -0.20226 -0.226154 -0.261548 -0.169785  -0.95014  0.153778  0.964502 -0.214682 -0.195929 -0.704138   0.07015 0.00157351 0.822254 0.0839444 7.26222 0.0306641
1  0.952109 -0.208351  -0.22378 -0.260909 -0.172028 -0.949912  0.159418  0.962806  -0.21815 -0.200177 -0.702714  0.072523 0.00168221 0.822254 0.0670459 7.39632 0.0315762
1  0.952924 -0.208737 -0.219919 -0.256982 -0.171063 -0.951156  0.160921  0.962895 -0.216651 -0.200899 -0.702667 0.0711206 0.00169182 0.822254 0.010257 8.4662 0.0276295
1  0.951398 -0.208531 -0.226621 -0.263504 -0.170337   -0.9495  0.159398  0.963068 -0.217007 -0.200373 -0.702739 0.0719625 0.00168952 0.822254 0.0562218 6.06848 0.0323411
1  0.952952 -0.202531 -0.225528 -0.261075 -0.170356 -0.950168  0.154019  0.964344 -0.215217 -0.196088 -0.704067 0.0704611 0.00157575 0.822254 0.0335416 4.5893 0.0306465
1  0.952952 -0.202531 -0.225528 -0.261075 -0.170356 -0.950168  0.154019  0.964344 -0.215217 -0.196088 -0.704067 0.0704611 0.00157575 0.822254 0.0766724 5.09202 0.0306465
0            0            0            0            0            0            0            0            0            0   2.122e-314 2.20006e-316 1.13974e-316 inf 0 -inf 0.000165229 1.62124
0            0            0            0            0            0            0            0            0            0   2.122e-314 2.34603e-316 2.34425e-316 inf 0 -inf 0.000704623 1.62124
0            0            0            0            0            0            0            0            0            0   2.122e-314 4.79244e-322 3.52608e-316 inf 0 -inf 0.0471668 1.62124
1  0.952759 -0.202153  -0.22668 -0.262098   -0.1701 -0.949932  0.153473  0.964469 -0.215048 -0.195768 -0.704156 0.0704558 0.0015728 0.822254 0.199378 2.02474 0.0314372
1  0.952081 -0.208369 -0.223884 -0.261027  -0.17209 -0.949868  0.159395  0.962791 -0.218234 -0.200169 -0.702709 0.0725879 0.00168154 0.822254 0.140837 2.31007 0.0317284
1   0.95293 -0.202229 -0.225892 -0.261265 -0.169689 -0.950235  0.153833  0.964525 -0.214537 -0.195953 -0.704143 0.0700224 0.00157589 0.822254 0.19806 2.15861 0.0303401
1  0.953224 -0.208041 -0.219279 -0.256606 -0.173583 -0.950801  0.159742  0.962594 -0.218848 -0.200025 -0.702765 0.0725634 0.00166999 0.822254 0.0776539 2.6055 0.0297049
1  0.953239 -0.209458  -0.21786 -0.255552 -0.173816 -0.951042  0.161336  0.962245 -0.219216 -0.201084 -0.702456 0.0727419 0.00165865 0.820809 0.0620919 2.05761 0.0294364
1  0.952948 -0.201656  -0.22633   -0.2618 -0.171112 -0.949833  0.152811  0.964394 -0.215854 -0.195268 -0.704245 0.0709785 0.00156346 0.822254 0.114576 2.28857 0.0321403
1  0.951409 -0.208534 -0.226569 -0.263462 -0.170392 -0.949502  0.159398  0.963058 -0.217053 -0.200369 -0.702737 0.0719943 0.00168918 0.822254 0.146783 2.02079 0.0323511
1  0.953051 -0.209144 -0.218982 -0.256518 -0.173334  -0.95087  0.160911    0.9624 -0.218845  -0.20088 -0.702534 0.0725613 0.00168519 0.822254 -0.028704 2.17955 0.0295484
1  0.952891   -0.2017  -0.22653 -0.261881 -0.170303 -0.949955  0.153027  0.964528 -0.215101 -0.195414  -0.70425 0.0704842 0.001568 0.822254 0.145324 2.55336 0.0315365
1  0.951605 -0.207132 -0.227035 -0.263399 -0.169091 -0.949752  0.158334  0.963589 -0.215466 -0.199557 -0.703058 0.0708827 0.00167858 0.822254 0.0975141 2.13206 0.0311866
0     0.964216    0.0778126    -0.253442    -0.247716   -0.0762073    -0.965831   -0.0944679     0.994051   -0.0542049 -0.000923354    -0.254554   0.00450001 0.00399752 0.879566 0.33432 20.8123 0.99834
1   0.958352   0.118517  -0.259838  -0.249888 -0.0925046  -0.963846  -0.138269   0.988634 -0.0590358 0.00918122  -0.254296 0.00531895 0.00396106 0.878578 0.235681 27.0321 0.0457381
0    0.973051   0.0600385   -0.222636   -0.225022   0.0363646   -0.973675  -0.0503619    0.997533   0.0488946   0.0218114   -0.247628 -0.00474902 0.00202851 0.969044 0.340641 10.3592 0.119398
1    0.974051   0.0553618   -0.219454   -0.221889   0.0424806   -0.974146   -0.044608    0.997562   0.0536625   0.0204599   -0.247574 -0.00565751 0.00203055 0.969044 0.353857 7.22416 0.00841433
1    0.973232   0.0597894   -0.221911   -0.224366   0.0379852   -0.973764  -0.0497915    0.997488   0.0503831   0.0217053   -0.247627 -0.00505263 0.00202755 0.969044 0.33147 20.1276 0.00179413
1    0.973041   0.0600126   -0.222687   -0.225093   0.0367776   -0.973643   -0.050241     0.99752   0.0492945    0.021787   -0.247626 -0.00483625 0.00202849 0.969044 0.246631 7.6953 0.000430758
1     0.97259   0.0556787   -0.225761   -0.228083   0.0395693   -0.972837  -0.0452331    0.997664   0.0511841   0.0205929   -0.247633 -0.00517579 0.00203533 0.969044 0.106282 16.1544 0.00648898
1    0.973051   0.0600384   -0.222636   -0.225022   0.0363643   -0.973675  -0.0503619    0.997533   0.0488943   0.0218114   -0.247628 -0.00474896 0.00202851 0.969044 0.270214 7.20921 6.45718e-07
1   0.974344  0.0582704  -0.217391  -0.220189  0.0468287  -0.974332 -0.0465946   0.997202  0.0584577  0.0211267  -0.247551 -0.0067178 0.00201329 0.967699 0.321216 19.6677 0.0118336
1    0.974051   0.0553619   -0.219454    -0.22189   0.0424808   -0.974146   -0.044608    0.997562   0.0536627   0.0204599   -0.247574 -0.00565753 0.00203055 0.969044 0.349992 6.70205 0.00841437
1    0.974051   0.0553619   -0.219454    -0.22189   0.0424809   -0.974146   -0.044608    0.997562   0.0536628   0.0204599   -0.247574 -0.00565756 0.00203055 0.969044 0.35795 33.364 0.00841448
1    0.973067   0.0569294   -0.223381   -0.225365   0.0311326   -0.973777  -0.0484821    0.997893    0.043124   0.0215864   -0.247749 -0.00368599 0.00207329 0.971736 0.290796 9.5556 0.00620765
0    0.973967   0.0554364   -0.219807   -0.222077   0.0387294    -0.97426  -0.0454965    0.997711   0.0500324   0.0205593   -0.247632 -0.00486132 0.00204555 0.97039 0.21938 8.29839 0.0521964
1    0.972837    0.057324    -0.22428   -0.226616   0.0380721    -0.97324  -0.0472512    0.997629   0.0500285   0.0210986   -0.247669 -0.00499826 0.00203171 0.969044 0.362912 8.59256 0.00503111
1    0.974051   0.0553619   -0.219454   -0.221889   0.0424808   -0.974146   -0.044608    0.997562   0.0536626   0.0204599   -0.247574 -0.00565753 0.00203055 0.969044 0.188285 11.1236 0.00384416
1    0.973521   0.0561504   -0.221595   -0.223958   0.0399419    -0.97378  -0.0458272    0.997623   0.0514595   0.0205971    -0.24755 -0.00516429 0.00205117 0.97039 0.274724 17.5085 0.00239832
1    0.974051   0.0553619   -0.219454    -0.22189   0.0424809   -0.974146   -0.044608    0.997562   0.0536628   0.0204599   -0.247574 -0.00565756 0.00203056 0.969044 0.224923 20.53 0.00384432
1    0.974051   0.0553619   -0.219454    -0.22189   0.0424808   -0.974146   -0.044608    0.997562   0.0536627   0.0204599   -0.247574 -0.00565753 0.00203055 0.969044 0.196087 12.9905 0.00384418
1    0.974051   0.0553619   -0.219454    -0.22189   0.0424808   -0.974146   -0.044608    0.997562   0.0536627   0.0204599   -0.247574 -0.00565754 0.00203056 0.969044 0.250299 8.30182 0.00384425
0   0.996122 -0.0533826 -0.0699398 -0.0779539  -0.166878  -0.982891  0.0407978   0.984531  -0.170392  0.0331883  -0.220153  0.0437689 0.00245175 0.890909 0.13397 15.556 0.284343
0    0.99627 -0.0530491 -0.0680593 -0.0760012  -0.165908  -0.983208  0.0408668   0.984713   -0.16932  0.0332054  -0.220182  0.0436213 0.0024928 0.893281 0.0995211 12.7625 0.284504
0  0.591275  0.797119  -0.12245  0.195653 -0.289081 -0.937098 -0.782377  0.530125 -0.326885  0.944278 -0.604579  0.624342 0.00155448 0.999074 0.0592435 12.6712 0.0121965
0  0.591885  0.796594 -0.122919  0.195227 -0.289644 -0.937013 -0.782022  0.530607 -0.326953  0.943964 -0.604999  0.624396 0.0015539 0.999074 0.214724 6.25989 0.0120074
1  0.592486  0.796128 -0.123049  0.194367 -0.289508 -0.937233 -0.781781  0.531381 -0.326271  0.943861  -0.60594   0.62362 0.00155739 0.999074 0.142509 10.725 0.0110272
1  0.593037   0.79569 -0.123223     0.194 -0.289734  -0.93724 -0.781454  0.531913 -0.326187  0.943552 -0.606584  0.623481 0.00155635 0.999074 0.104879 9.87699 0.0109516
0  0.953378 -0.109118 -0.281359 -0.237584 -0.846272 -0.476841 -0.186074  0.521456 -0.832742 0.0769254 -0.168217  0.224594 0.00256884 0.939054 0.301212 13.0627 0.016891
1  0.954414 -0.109672 -0.277606 -0.236187 -0.846165 -0.477725 -0.182507  0.521515 -0.833495 0.0757638   -0.1682  0.224975 0.00255869 0.938567 0.506175 11.613 0.00415247
1  0.953433 -0.108911 -0.281254 -0.237319 -0.846403 -0.476741 -0.186132  0.521287 -0.832835 0.0769469 -0.168106  0.224623 0.0025588 0.938567 0.429798 14.9902 0.000331157
1  0.954242 -0.109684 -0.278193 -0.236526 -0.846063 -0.477738 -0.182968  0.521677 -0.833292 0.0759008 -0.168316  0.224892 0.00257027 0.939054 0.476553 9.75987 0.00356055
0   0.996122 -0.0533826 -0.0699399 -0.0779539  -0.166878  -0.982891  0.0407979   0.984531  -0.170392  0.0331883  -0.220153  0.0437688 0.00245175 0.890909 0.197705 14.4144 0.284343
0    0.99627 -0.0530492 -0.0680593 -0.0760012  -0.165908  -0.983208  0.0408669   0.984713  -0.169321  0.0332054  -0.220182  0.0436214 0.0024928 0.893281 0.188219 9.28585 0.284504
0   0.996122 -0.0533825 -0.0699398 -0.0779539  -0.166878  -0.982891  0.0407978   0.984531  -0.170392  0.0331883  -0.220153  0.0437688 0.00245175 0.890909 0.21546 11.9201 0.0340157
0   0.996122 -0.0533826 -0.0699399 -0.0779539  -0.166878  -0.982891  0.0407979   0.984531  -0.170392  0.0331883  -0.220153  0.0437689 0.00245175 0.890909 0.221918 8.37575 0.0248606
0   0.996122 -0.0533826 -0.0699399  -0.077954  -0.166878  -0.982891  0.0407979   0.984531  -0.170392  0.0331883  -0.220153  0.0437688 0.00245175 0.890909 0.197359 30.4018 0.0248605
0   0.996122 -0.0533825 -0.0699399  -0.077954  -0.166878  -0.982891  0.0407978   0.984531  -0.170392  0.0331883  -0.220153  0.0437688 0.00245175 0.890909 0.201077 9.29162 0.0248605
0    0.99627 -0.0530491 -0.0680593 -0.0760012  -0.165908  -0.983208  0.0408668   0.984713  -0.169321  0.0332054  -0.220182  0.0436213 0.0024928 0.893281 0.150461 16.3676 0.0258325
0    0.99627 -0.0530492 -0.0680593 -0.0760012  -0.165908  -0.983208  0.0408669   0.984713  -0.169321  0.0332054  -0.220182  0.0436214 0.0024928 0.893281 0.115728 7.24536 0.0258325
0   0.996122 -0.0533826 -0.0699399  -0.077954  -0.166878  -0.982891  0.0407979   0.984531  -0.170392  0.0331883  -0.220153  0.0437689 0.00245175 0.890909 0.0762232 14.3802 0.0248605
1   0.996122 -0.0533826 -0.0699399  -0.077954  -0.166878  -0.982891  0.0407979   0.984531  -0.170392  0.0331883  -0.220153  0.0437689 0.00245175 0.890909 0.139148 8.60206 0.0248605
1   0.996122 -0.0533825 -0.0699399 -0.0779539  -0.166877  -0.982891  0.0407978   0.984531  -0.170392  0.0331883  -0.220153  0.0437688 0.00245175 0.890909 0.0383349 9.72098 0.0248605
1   0.996122 -0.0533826 -0.0699398 -0.0779539  -0.166878  -0.982891  0.0407979   0.984531  -0.170392  0.0331883  -0.220153  0.0437689 0.00245175 0.890909 0.16732 11.829 0.0248605
1   0.996122 -0.0533826 -0.0699399  -0.077954  -0.166878  -0.982891  0.0407979   0.984531  -0.170392  0.0331883  -0.220153  0.0437689 0.00245175 0.890909 0.143571 21.2327 0.0248605
1  0.591017   0.79719 -0.123232  0.194287 -0.288949 -0.937422 -0.782912   0.53009 -0.325658  0.945272 -0.604543  0.622772 0.00204851 0.935185 0.485016 20.2437 0.00997083
0  0.953956 -0.107814 -0.279899 -0.235809 -0.846278 -0.477711 -0.185368  0.521718 -0.832736 0.0766692 -0.168386  0.224658 0.00258201 0.939542 0.394561 14.3921 0.931281
1   0.95408 -0.108336 -0.279274  -0.23592 -0.846258 -0.477691 -0.184587  0.521643 -0.832957 0.0764393 -0.168334  0.224742 0.00255915 0.938079 0.354762 16.2804 0.00187275
1  0.954146 -0.105801  -0.28002 -0.234276 -0.846237 -0.478538 -0.186333  0.522197  -0.83222 0.0770208 -0.168465  0.224463 0.00255829 0.938079 0.4305 15.8381 0.00263534
1  0.953973 -0.107884 -0.279816 -0.235834 -0.846249 -0.477751 -0.185252  0.521751 -0.832741 0.0766305 -0.168377  0.224663 0.00257445 0.939054 0.503299 27.4837 0.00133475
1  0.954523 -0.106757 -0.278369 -0.234258 -0.846106 -0.478778 -0.184416  0.522215 -0.832636 0.0763655  -0.16852  0.224654 0.00258088 0.939542 0.460411 18.1883 0.00313831
1   0.95422  -0.10693  -0.27934  -0.23486 -0.846171 -0.478367 -0.185217  0.522073 -0.832547 0.0766401 -0.168462  0.224596 0.00257969 0.939542 0.468139 30.3952 0.0021501
1  0.953568 -0.109377 -0.280615 -0.237452 -0.846177 -0.477075 -0.185269  0.521556 -0.832859 0.0766741 -0.168327  0.224652 0.00257298 0.939054 0.441937 19.3963 0.00142469
1  0.954426 -0.109958 -0.277455  -0.23633 -0.846192 -0.477606 -0.182263   0.52141 -0.833614 0.0756541 -0.168248  0.225028 0.00257126 0.939054 0.435499 24.2656 0.00380962
1  0.953901 -0.111829 -0.278508 -0.238406 -0.846041 -0.476841 -0.182305  0.521257   -0.8337 0.0756819 -0.168241  0.225012 0.00256565 0.938567 0.463708 133.359 0.00361926
1  0.954024 -0.107185  -0.27991 -0.235293  -0.84633 -0.477874 -0.185676  0.521764 -0.832639 0.0767968 -0.168285  0.224612 0.00256854 0.939054 0.469074 14.5859 0.00250358
1  0.590807  0.797373 -0.123058  0.194661 -0.288895 -0.937362 -0.782978  0.529846 -0.325898   0.94531  -0.60417  0.623058 0.00203736 0.935185 0.245528 10.3334 0.0104676
1  0.592964  0.795582 -0.124272   0.19255 -0.289948 -0.937472 -0.781868  0.531959 -0.325118  0.944378 -0.606633   0.62215 0.00155639 0.999074 0.166149 3.48892 0.00881033
1  0.592963  0.795534 -0.124579  0.192136 -0.290027 -0.937533 -0.781971  0.531986 -0.324827  0.944595 -0.606658  0.621792 0.00155745 0.999074 0.086587 4.18369 0.0082307
1  0.953742 -0.109494 -0.279978 -0.237108 -0.846513  -0.47665 -0.184814  0.520986 -0.833317 0.0766307 -0.168012  0.224682 0.00253487 0.936616 0.58371 21.5926 0.00119635
1  0.954024 -0.107185  -0.27991 -0.235293  -0.84633 -0.477874 -0.185676  0.521764 -0.832639 0.0767968 -0.168285  0.224612 0.00256854 0.939054 0.463827 18.9326 0.00250359
1  0.954136 -0.108652 -0.278961  -0.23604 -0.846192 -0.477749 -0.184146  0.521683 -0.833029 0.0763009 -0.168345  0.224771 0.00256606 0.938567 0.339173 19.2804 0.00225709
1  0.592987  0.795527 -0.124512  0.192201 -0.290004 -0.937527 -0.781937   0.53201 -0.324869  0.944536 -0.606693  0.621847 0.00155737 0.999074 0.149195 3.21685 0.00834183
1  0.592903  0.795589 -0.124515  0.192204 -0.289969 -0.937537    -0.782  0.531936 -0.324839  0.944608 -0.606612  0.621813 0.00155712 0.999074 0.122385 3.68407 0.00826265
0  0.0331516   0.997534 -0.0618668   0.816036 0.00872359   0.577935   0.577049  -0.069645  -0.813735  -0.134564  0.0090591   0.164803 0.00290148 0.90096 0.478965 17.3593 2.48421
0  0.0353135   0.997415 -0.0625836   0.816132 0.00736053   0.577818   0.576785 -0.0714813  -0.813762  -0.134581  0.0093655   0.164739 0.00291587 0.901561 0.365663 34.5433 2.48365
0  0.0311912   0.997605 -0.0617315   0.820382 0.00972852   0.571733   0.570964 -0.0684764  -0.818114  -0.133458 0.00883619   0.165606 0.00291379 0.90036 0.429948 15.9784 2.47987
0  0.0330418   0.997532 -0.0619594    0.81585 0.00888939   0.578195   0.577318 -0.0696542  -0.813543  -0.134612 0.00904984   0.164762 0.00289237 0.90036 0.330669 19.2748 2.48453
0  0.0320523   0.997578 -0.0617392   0.818483 0.00925469   0.574457   0.573637 -0.0689451  -0.816203  -0.133962 0.00894107   0.165237 0.00291262 0.90096 0.48231 32.8071 2.48174
0  0.0214118  -0.997832  0.0622269   0.840008 -0.0157964  -0.542343   0.542151  0.0638837   0.837849   -0.12627 -0.0109224   -0.11204 0.00417857 0.603842 0.0806444 18.3388 1.88989
0  0.0320579   0.997577  -0.061737   0.818435 0.00925457   0.574525   0.573704 -0.0689458  -0.816156  -0.133973 0.00894117   0.165227 0.00291244 0.90096 0.426449 14.3582 2.48179
1  0.0320632   0.997578 -0.0617206   0.818385 0.00924676   0.574596   0.573775 -0.0689346  -0.816106  -0.133985 0.00893924   0.165217 0.00291232 0.90096 0.490583 17.359 2.48183
1  0.0320632   0.997578 -0.0617206   0.818385 0.00924675   0.574596   0.573775 -0.0689346  -0.816106  -0.133985 0.00893924   0.165217 0.00291232 0.90096 0.451706 26.2062 2.48183
1  0.0322253   0.997572 -0.0617312   0.818357 0.00912334   0.574637   0.573805  -0.069036  -0.816077  -0.133989 0.00895552   0.165211 0.00291182 0.90096 0.418382 35.1444 2.4818
1  0.0350002   0.996861 -0.0710081   0.807607  0.0136402   0.589563   0.588682 -0.0779814  -0.804595  -0.136575  0.0160997   0.163134 0.0035843 0.872749 0.394473 37.8706 2.50023
1  0.0330418   0.997532 -0.0619594    0.81585 0.00888939   0.578195   0.577319 -0.0696542  -0.813543  -0.134612 0.00904983   0.164762 0.00289236 0.90036 0.486732 15.9004 2.48453
1  0.0321742   0.997575 -0.0617204   0.818363 0.00915843   0.574629   0.573801 -0.0689979  -0.816083  -0.133987 0.00894938   0.165212 0.00291195 0.90096 0.466083 26.3774 2.48181
1  0.0322144   0.997572 -0.0617498   0.818455 0.00913126   0.574498   0.573667 -0.0690465  -0.816173  -0.133966 0.00895734   0.165232 0.00291213 0.90096 0.415925 13.7303 2.48171
1  0.0322253   0.997572 -0.0617312   0.818357 0.00912333   0.574637   0.573805  -0.069036  -0.816077  -0.133989 0.00895552   0.165211 0.00291182 0.90096 0.406351 20.7285 2.4818
1  0.0328042   0.997496  -0.062657    0.81749 0.00928828   0.575868   0.575008 -0.0701124  -0.815138  -0.134175  0.0091267   0.164987 0.0029017 0.90036 0.449725 14.0024 2.48318
1 -0.00968299   -0.997947    0.063306    0.835758  -0.0428358   -0.547424    0.549012   0.0476078    0.834457   -0.128186  -0.0108438   -0.111405 0.00418782 0.613445 0.197379 14.3025 1.90885
1  0.0320579   0.997577  -0.061737   0.818435 0.00925457   0.574525   0.573704 -0.0689458  -0.816156  -0.133973 0.00894117   0.165227 0.00291244 0.90096 0.432167 20.8647 2.48179
1  0.0331579   0.997536 -0.0618205   0.815927 0.00870478   0.578089   0.577203 -0.0696092  -0.813628   -0.13459 0.00905294    0.16478 0.0029014 0.90096 0.46021 10.9793 2.4843
1  0.0364257   0.996933 -0.0692725   0.815466  0.0104168   0.578711   0.577657 -0.0775693  -0.812585  -0.134743  0.0131328   0.164566 0.0032456 0.89916 0.471856 15.2951 0.00917319
1  0.0362321   0.997487 -0.0608808   0.809751 0.00639822   0.586739   0.585655  -0.070557  -0.807484  -0.136091 0.00916745   0.163588 0.00289568 0.90096 0.428512 13.6104 0.0110966
1  0.0330418   0.997532 -0.0619594    0.81585 0.00888938   0.578195   0.577318 -0.0696542  -0.813543  -0.134612 0.00904984   0.164762 0.00289236 0.90036 0.535416 15.3443 0.000235242
1  0.0321742   0.997575 -0.0617204   0.818363 0.00915844   0.574629   0.573801 -0.0689979  -0.816083  -0.133987 0.00894938   0.165212 0.00291195 0.90096 0.296349 11.8695 0.00436507
1  -0.218854   0.165399 -0.0847694    1.85841    1.83492   0.517428 0.00291182 0.90096 0.323804 12.7154 0.00434649
1  -0.218858   0.165395 -0.0847681    1.85838    1.83498   0.517449 0.00291195 0.90096 0.396197 29.3258 0.00436502
1  -0.218858   0.165395 -0.0847681    1.85838    1.83498   0.517449 0.00291195 0.90096 0.364013 51.5277 0.00436504
1    -0.2186   0.165184 -0.0851006    1.85599    1.83121   0.520644 0.0028919 0.90036 0.525521 11.7143 0.000461902
1  -0.218854   0.165399 -0.0847694    1.85841    1.83492   0.517428 0.00291182 0.90096 0.348149 8.96046 0.00434644
0 -0.0750566 -0.0651691   -0.14301   -0.49538   0.350085   -1.43857 0.00461214 0.588235 0.0387481 12.2537 3.17108
1  -0.218858   0.165395 -0.0847681    1.85838    1.83498   0.517449 0.00291195 0.90096 0.514995 10.4028 0.00436501
1  -0.217931   0.164775 -0.0857634     1.8525    1.82217   0.529109 0.00289568 0.90096 0.443346 6.28345 0.0110967
1  -0.218623   0.165189 -0.0850737    1.85607    1.83152   0.520514 0.00289237 0.90036 0.506391 13.5138 0.000235306
1  -0.218607   0.165234 -0.0850878    1.85625    1.83011   0.522708 0.00288634 0.89976 0.452551 9.23375 0.00196675
1  0.715719  -1.21861 -0.603301  -1.80227 -0.808337  0.737724 0.00157555 0.999074 0.0511 28.2702 0.0120862
1   0.71586  -1.21845 -0.603445  -1.80199 -0.808612  0.737794 0.00157696 0.999074 0.2086 4.86266 0.011924
1  -0.219428   0.166634 -0.0832806    1.86844    1.84302   0.505863 0.00295219 0.89976 0.437072 21.9743 0.0190383
