1  0.585448  0.801484 -0.121956  0.194313 -0.284771 -0.938695 -0.787079   0.52586 -0.322457  0.950516 -0.600171  0.619159 0.00159202 0.999074 0.0983818 21.3434 0.0129225
1  0.594628  0.794092 -0.125838  0.191125  -0.29164 -0.937239 -0.780954  0.533258 -0.325188  0.943679 -0.607686  0.622249 0.00158151 0.994444 0.0749727 6.33132 0.00921499
1  0.592689  0.795804 -0.124163  0.192181 -0.289434 -0.937707 -0.782168  0.531907 -0.324483  0.944692 -0.606634  0.621457 0.00157948 0.993519 0.0376253 6.14722 0.00797713
0  0.953211  -0.11072   -0.2813 -0.238917 -0.846038 -0.476591 -0.185222  0.521499 -0.832906 0.0766245 -0.168367  0.224787 0.00262217 0.941004 0.344984 19.0974 1.5613
0  0.955904 -0.111103 -0.271853 -0.234302 -0.846608 -0.477868 -0.177061  0.520492 -0.835307 0.0743154 -0.168097  0.225863 0.00263677 0.941004 0.292285 59.9791 1.56446
1  0.951487 -0.113228 -0.286097  -0.24292 -0.847119  -0.47263 -0.188843    0.5192 -0.833529 0.0780236  -0.16746  0.224772 0.00268112 0.942467 0.447091 12.076 0.0187387
1  0.953594 -0.108464  -0.28088 -0.236305 -0.847716 -0.474907 -0.186596  0.519242 -0.834008 0.0771319  -0.16777  0.225043 0.00258779 0.939054 0.422337 31.124 0.0164862
1  0.954331 -0.109449 -0.277981 -0.235989 -0.846751 -0.476782 -0.183197  0.520608  -0.83391 0.0758865 -0.167165  0.225358 0.00267641 0.942467 0.47782 13.095 0.015312
1  0.587817  0.799887 -0.121048  0.196453 -0.286286 -0.937788 -0.784779  0.527467 -0.325423   0.94705 -0.601965  0.622517 0.00158335 0.999074 0.142977 9.01921 0.0127702
1  0.593477  0.795579  -0.12182  0.196488 -0.289993 -0.936641 -0.780499  0.531938 -0.328426  0.941032 -0.606562  0.626512 0.00163858 0.991667 0.0551534 6.14006 0.015602
1    0.95173 -0.0823624  -0.295679  -0.222031   -0.84987  -0.477937  -0.211925   0.520517  -0.827134  0.0848659  -0.167931    0.22219 0.00293829 0.940517 0.448857 43.0248 0.0387058
1  0.592957  0.795414 -0.125371  0.191185 -0.290311  -0.93764 -0.782209  0.532011 -0.324213  0.945134 -0.606434  0.621113 0.00156854 0.993519 0.0880359 5.8035 0.00694907
1  0.594276  0.794507 -0.124878  0.191473 -0.290571   -0.9375 -0.781136  0.533223 -0.324806  0.943709 -0.607901   0.62191 0.00156513 0.993519 0.101585 5.22507 0.00900542
1  0.955595 -0.203797 -0.212849 -0.247594 -0.163584 -0.954954  0.159798   0.96525 -0.206779 -0.199543 -0.703865 0.0638493 0.00179533 0.820809 0.00416421 17.1416 0.0133811
1  0.949486 -0.203085 -0.239235 -0.274386  -0.16733 -0.946949   0.15228  0.964758 -0.214601 -0.196837 -0.704054 0.0713528 0.00189452 0.823699 -0.123815 26.9411 0.041043
1  0.952017 -0.200017 -0.231638 -0.267006  -0.17293 -0.948052  0.149569  0.964411 -0.218039 -0.194391 -0.704244 0.0731912 0.00183066 0.820809 0.0121077 5.35682 0.0386125
1  0.950918 -0.200649 -0.235572 -0.270281 -0.167882 -0.948032  0.150673  0.965171 -0.213873 -0.195348 -0.704397 0.0705141 0.00184415 0.822254 -0.102728 5.59457 0.0378742
1  0.951625 -0.197099 -0.235717  -0.26992 -0.169703  -0.94781  0.146811  0.965584 -0.214694  -0.19233 -0.705422 0.0710011 0.00177494 0.823699 -0.0333237 7.23347 0.0400343
1   0.95303 -0.200207  -0.22727 -0.261866  -0.16763 -0.950435  0.152186  0.965307 -0.212184 -0.195768 -0.704334 0.0688749 0.00186815 0.820809 -0.0360754 7.36683 0.0298899
1  0.954967 -0.200915 -0.218337 -0.251783 -0.159411 -0.954565  0.156981  0.966551 -0.202819 -0.198015 -0.704378  0.061665 0.0018604 0.820809 -0.088368 8.43526 0.0148287
1   0.94909 -0.205694 -0.238574 -0.274401 -0.167915 -0.946841    0.1547  0.964103  -0.21581 -0.198424 -0.703197 0.0722029 0.00181309 0.819364 -0.012807 6.0355 0.0410427
1  0.953217 -0.195142 -0.230861 -0.264747 -0.170323 -0.949157    0.1459  0.965872 -0.214018  -0.19153 -0.705364 0.0702687 0.00180804 0.820809 -0.10893 4.54411 0.0366193
1  0.950433 -0.204644  -0.23409 -0.270923 -0.175628 -0.946444  0.152571  0.962951 -0.222365 -0.196329 -0.703412 0.0763186 0.0017126 0.823699 -0.00351856 5.04305 0.0433681
1  0.950598  -0.19837 -0.238772 -0.272358 -0.163914 -0.948132  0.148942  0.966324 -0.209844  -0.19401 -0.704685 0.0680256 0.0018958 0.823699 0.0349599 1.986 0.0386172
1  0.950017 -0.204022 -0.236309 -0.273572 -0.179345 -0.944983  0.150417  0.962398 -0.226196 -0.195528  -0.70336 0.0793057 0.00177229 0.819364 0.0944707 2.26132 0.0489059
1  0.948487 -0.202283 -0.243834 -0.279845  -0.17411 -0.944125  0.148527  0.963726 -0.221749 -0.194725 -0.704437 0.0767264 0.00199602 0.825145 -0.015739 2.07908 0.050929
1   0.95214 -0.200199 -0.230977 -0.267431 -0.179674 -0.946677  0.148023   0.96314 -0.224614 -0.193414 -0.704471 0.0776974 0.00179061 0.820809 0.0110341 2.53372 0.0447206
1  0.956292  -0.20024 -0.213095 -0.247217 -0.164428 -0.954907  0.156172  0.965851 -0.206744 -0.197213 -0.704283 0.0638323 0.00188961 0.820809 -0.0685089 2.00733 0.0150749
1  0.950357 -0.199174 -0.239065 -0.275492 -0.181399 -0.944033  0.144661  0.963029 -0.227264 -0.191129 -0.704402 0.0799485 0.00168413 0.825145 0.0462332 2.26065 0.0532764
1  0.950717 -0.203847 -0.233631 -0.269753 -0.172279 -0.947393  0.152874  0.963725 -0.218777 -0.196736 -0.703492 0.0739154 0.00176021 0.819364 0.110906 1.98324 0.0397863
1  0.954803 -0.201683 -0.218345 -0.252777  -0.16448 -0.953441  0.156379  0.965542 -0.208026 -0.197717  -0.70416 0.0652018 0.00181174 0.820809 -0.105957 2.14107 0.0188684
1  0.949834 -0.198766 -0.241469 -0.277159 -0.177231 -0.944337  0.144906  0.963889  -0.22343 -0.191065 -0.704669 0.0774362 0.00168271 0.82659 0.0827999 2.50907 0.0515936
1  0.951336 -0.199108 -0.235191 -0.269539 -0.167736 -0.948269  0.149358  0.965516 -0.213241 -0.194411 -0.704602 0.0701083 0.00187401 0.822254 -0.00755704 2.11054 0.0375767
0     0.960209    0.0686183     -0.27072    -0.263344     -0.10031    -0.959473   -0.0929933     0.992587   -0.0782481 -0.000776566    -0.254759   0.00927629 0.00407355 0.878578 0.321659 20.6778 0.972104
0   0.94384 0.0991477 -0.315176  -0.29364  -0.18558 -0.937729 -0.151464  0.977614 -0.146045 0.0117828 -0.253609 0.0232443 0.00426706 0.872655 0.176638 26.7641 0.127604
1   0.967782  0.0785861   -0.23921  -0.239024 -0.0119083  -0.970941  -0.079151   0.996836 0.00725934  0.0274293  -0.247299 0.00301018 0.00226694 0.966353 0.26314 10.2802 0.0713902
0   0.956917  0.0774474  -0.279842   -0.27344 -0.0838447  -0.958228 -0.0976755   0.993465 -0.0590552  0.0317202  -0.246872  0.0146018 0.00261389 0.958277 0.168234 6.98765 0.133745
1    0.971927   0.0659639   -0.225846   -0.228229   0.0310526   -0.973112  -0.0571772    0.997339   0.0452357   0.0233206   -0.247695 -0.00418503 0.00208855 0.97039 0.311356 20.0804 0.00867632
1   0.971157  0.0694689  -0.228098  -0.230372  0.0265993  -0.972739 -0.0615079   0.997229  0.0418357  0.0240204  -0.247608 -0.0035343 0.00211505 0.97039 0.214482 7.65139 0.0147321
1    0.971323   0.0520594   -0.231993   -0.234003   0.0364994    -0.97155  -0.0421108    0.997977   0.0476348   0.0200163   -0.247897 -0.00473129 0.00208141 0.97039 0.0860495 16.1154 0.0125663
0    0.964097   0.0700556   -0.256142   -0.254733  -0.0285116   -0.966591  -0.0750182    0.997136 -0.00964246   0.0272096   -0.247668   0.0056289 0.00241595 0.973082 0.130823 7.106 0.0733414
1     0.97316   0.0647321   -0.220836   -0.223782   0.0423916   -0.973717  -0.0536692    0.997002   0.0557397   0.0226316   -0.247536 -0.00630115 0.00200658 0.966353 0.323476 19.6097 0.00798168
0   0.970562   0.079256  -0.227438  -0.229221   0.014056  -0.973273 -0.0739409   0.996755  0.0318094  0.0266604  -0.247329 -0.0016729 0.00221185 0.97039 0.291956 6.57527 0.0302387
0    0.960201   0.0688158     -0.2707   -0.269665  -0.0240922   -0.962653  -0.0727675    0.997338 -0.00457619   0.0263332   -0.247717  0.00448539 0.00247943 0.973082 0.216018 33.2034 0.0771366
0   0.962689  0.0772486  -0.259352  -0.261107   0.013384  -0.965217 -0.0710905   0.996922  0.0330548  0.0268398  -0.247492 -0.0025728 0.00230492 0.966353 0.211563 9.4252 0.0468782
0      0.9758   0.0478143   -0.213372   -0.215766   0.0522045   -0.975049  -0.0354823    0.997491   0.0612579   0.0187598   -0.247604 -0.00677255 0.00203971 0.967699 0.221608 8.2639 0.0672496
1    0.970502   0.0728895   -0.229812   -0.232341   0.0282456   -0.972224  -0.0643738     0.99694   0.0443477   0.0242353   -0.247472 -0.00386724 0.0021514 0.969044 0.325383 8.51623 0.0229616
1     0.97202   0.0592147    -0.22731   -0.228739   0.0184946   -0.973312  -0.0534303    0.998074   0.0315219   0.0224985   -0.247905 -0.00188165 0.00210768 0.967699 0.157455 11.008 0.0219112
1    0.970807   0.0684619   -0.229886   -0.231784   0.0211012   -0.972538  -0.0617309    0.997431   0.0363536   0.0234736   -0.247463 -0.00235765 0.00210832 0.966353 0.254517 17.4644 0.0241818
1    0.972505   0.0675113   -0.222882   -0.224949   0.0246445   -0.974059  -0.0602671    0.997414   0.0391535   0.0235642   -0.247514 -0.00291387 0.00208424 0.969044 0.204432 20.4199 0.019057
0    0.972378   0.0725805   -0.221839   -0.223971   0.0225842   -0.974334  -0.0657076    0.997107   0.0382163   0.0249079   -0.247428 -0.00270652 0.00211155 0.97039 0.164022 12.8534 0.0240885
0     0.971253    0.0651749    -0.228952    -0.230269    0.0133666    -0.973035   -0.0603571     0.997784      0.02799    0.0237502    -0.247688 -0.000938939 0.00213611 0.971736 0.211327 8.18279 0.0287714
0   0.994462  -0.071109 -0.0773869 -0.0884686   -0.16892  -0.981651  0.0567321   0.983061  -0.174275  0.0294587  -0.220665  0.0445351 0.00263815 0.8917 0.0681288 15.2544 0.288356
0   0.998008 -0.0419978 -0.0470854 -0.0532418  -0.160143  -0.985657  0.0338551     0.9862   -0.16206  0.0332694  -0.219944  0.0436046 0.00270676 0.895652 0.0222296 12.4495 0.289094
0  0.589901  0.798274 -0.121556  0.197777 -0.288793  -0.93674  -0.78288  0.528543  -0.32824  0.944355 -0.602319  0.626094 0.00158085 0.999074 0.0432875 12.5546 0.0152027
0  0.592168  0.796593 -0.121563  0.196186 -0.288839 -0.937061 -0.781568  0.531048 -0.327321  0.943229 -0.605711  0.624904 0.0015577 0.999074 0.2128 6.23137 0.0133301
1  0.593031  0.795768  -0.12275  0.194549 -0.289547 -0.937184 -0.781323  0.531898 -0.326526  0.943275 -0.606558  0.623924 0.00156003 0.999074 0.141055 10.6828 0.0117129
1  0.590411  0.797796 -0.122216  0.195343 -0.288172 -0.937442 -0.783107  0.529602 -0.325984  0.945174 -0.603927  0.623374 0.00156408 0.999074 0.100432 9.79553 0.0113282
0  0.951952 -0.092517 -0.291937  -0.22925 -0.847345 -0.479011 -0.203055  0.522922 -0.827841 0.0820157 -0.168478  0.222703 0.00273482 0.941004 0.256062 12.6126 0.0293532
0    0.9577   -0.1096  -0.26608 -0.230464 -0.845828 -0.481104 -0.172329  0.522075 -0.835308 0.0720563 -0.168524  0.226446 0.00286875 0.941004 0.446334 11.1789 0.0169083
0  0.931498 -0.158053 -0.327613 -0.300225 -0.842575 -0.447137 -0.205367  0.514865 -0.832309 0.0802603 -0.167871  0.222933 0.00392548 0.915163 0.125248 14.6031 0.0716959
1  0.954319 -0.109455 -0.278021 -0.236148 -0.846372 -0.477377 -0.183058  0.521223 -0.833556 0.0759235 -0.168265  0.225081 0.00260404 0.940517 0.469676 9.65247 0.00365988
0   0.997486  -0.035938  -0.061083 -0.0662769   -0.16777  -0.983596  0.0251005   0.985171   -0.16973    0.03495  -0.219262  0.0445102 0.00274006 0.894862 0.103358 14.1521 0.285013
0   0.998448 -0.0329024 -0.0449366 -0.0495936  -0.158075  -0.986181  0.0253443   0.986879  -0.159461  0.0349461  -0.219489  0.0432297 0.00274602 0.894862 0.105757 8.96368 0.286627
0   0.996357 -0.0335888 -0.0783931  -0.083154  -0.178356  -0.980446  0.0189501   0.983393  -0.180499  0.0361869  -0.219221  0.0456832 0.00267244 0.890119 0.14484 11.6559 0.0400356
0    0.99774 -0.0412722 -0.0530304 -0.0595577  -0.177647   -0.98229  0.0311206   0.983228  -0.179703  0.0336108  -0.218892  0.0465251 0.00284923 0.894071 0.095775 8.07455 0.0267271
0   0.996332 -0.0511681 -0.0685892 -0.0762678  -0.167498  -0.982918  0.0388055   0.984544  -0.170786  0.0329434  -0.219824  0.0442648 0.00252051 0.8917 0.17485 30.1182 0.0233715
0   0.996861 -0.0422236 -0.0669754 -0.0734815   -0.17844  -0.981203  0.0294788   0.983044  -0.180983  0.0345347  -0.219066  0.0460826 0.00260615 0.89249 0.150765 9.03394 0.0144283
0   0.998052 -0.0381892 -0.0493417 -0.0547279  -0.156034  -0.986234  0.0299645   0.987013   -0.15782  0.0344783  -0.219756  0.0426582 0.00263261 0.894071 0.102813 16.0596 0.0379598
0   0.998181 -0.0304291 -0.0520484 -0.0563736  -0.164961  -0.984688  0.0213772   0.985831  -0.166377  0.0356951  -0.219254  0.0441034 0.00275502 0.894071 0.0227085 6.94055 0.0303232
0   0.997109 -0.0528403 -0.0546034 -0.0627284  -0.166889  -0.983978   0.042881   0.984559  -0.169721  0.0314851  -0.219776  0.0447756 0.00266808 0.890909 -0.00528511 14.0055 0.0334315
1   0.997682 -0.0292235 -0.0614547 -0.0655441  -0.169901  -0.983279  0.0182936   0.985028  -0.171423   0.036061  -0.218904  0.0448751 0.00282154 0.894071 0.00930888 8.33625 0.0198052
1   0.996977 -0.0333788 -0.0701593 -0.0750487  -0.180073  -0.980786  0.0201036   0.983087  -0.182034  0.0359496   -0.21906  0.0462119 0.00266927 0.890119 -0.0469819 9.46039 0.00841041
0   0.995113 -0.0714628 -0.0681455 -0.0810034  -0.196094  -0.977234   0.056473   0.977978  -0.200924  0.0285788  -0.219133  0.0499955 0.00298142 0.8917 -0.0125704 11.4525 0.0440364
1   0.997144 -0.0358292 -0.0664812 -0.0717754  -0.175802  -0.981805  0.0234898   0.983773  -0.177872  0.0354544  -0.219019  0.0457316 0.00264589 0.89249 0.0757574 20.9597 0.0125344
1  0.576606  0.809209 -0.112719  0.204374 -0.276433  -0.93905 -0.791048  0.518426 -0.324775  0.953246 -0.592925  0.622101 0.00222154 0.936111 0.441516 19.9875 0.0302837
0  0.953603 -0.108188 -0.280955 -0.236756 -0.845943 -0.477837 -0.185976  0.522184 -0.832308 0.0768125 -0.168607  0.224597 0.0026229 0.941004 0.384973 14.2676 0.931136
1  0.953944 -0.108508 -0.279672 -0.236239 -0.846311 -0.477441 -0.184884  0.521521 -0.832967 0.0764995 -0.168363  0.224861 0.00261971 0.941004 0.339494 16.1876 0.00157389
1   0.954205 -0.0986163  -0.282431    -0.2298   -0.84609  -0.480961  -0.191531   0.523839  -0.830005  0.0786161  -0.168863   0.223964 0.00272362 0.942467 0.393698 15.5723 0.0099657
1  0.954152  -0.10769 -0.279278 -0.235554 -0.845839 -0.478613 -0.184682  0.522455 -0.832426 0.0764545 -0.168606  0.224734 0.00262572 0.941004 0.493407 27.3729 0.00193323
1  0.954667  -0.10558 -0.278323 -0.233693 -0.844974 -0.481047 -0.184386  0.524282 -0.831342 0.0763674 -0.169122  0.224419 0.00262991 0.940517 0.450159 18.0645 0.00470739
1   0.955843 -0.0959546  -0.277771  -0.225361  -0.845977  -0.483255  -0.188618   0.524515  -0.830245   0.077311  -0.169264   0.224239 0.00275301 0.94198 0.432404 29.9075 0.0130818
1  0.953476 -0.109388 -0.280924 -0.237617 -0.846173 -0.477001 -0.185532  0.521561 -0.832798 0.0766993 -0.168376  0.224754 0.00261157 0.940517 0.433567 19.2897 0.00140801
1   0.95499 -0.109611 -0.275645 -0.234931 -0.846814 -0.477194 -0.181115  0.520473 -0.834449 0.0748625 -0.168313  0.225501 0.00274242 0.94393 0.397922 23.9778 0.00587981
1  0.953638 -0.112845    -0.279 -0.239161 -0.846903 -0.474928 -0.182693  0.519635 -0.834627 0.0757866 -0.167889  0.225443 0.00263733 0.941492 0.448725 133.28 0.00453093
1  0.953937 -0.104316 -0.281286 -0.233893 -0.845767 -0.479554 -0.187877  0.523255 -0.831208 0.0775601 -0.168914  0.224169 0.00262162 0.940517 0.458103 13.9953 0.00549049
1  0.590727  0.797428  -0.12309    0.1946 -0.288852 -0.937388 -0.783054  0.529787 -0.325812  0.945423   -0.6041  0.622967 0.00203526 0.935185 0.246305 10.3118 0.0103605
1  0.595312  0.793968 -0.123365  0.194425 -0.291315 -0.936662 -0.779617  0.533621  -0.32779  0.941192 -0.608378  0.625303 0.00156907 0.999074 0.159354 3.43699 0.0144083
1  0.593074  0.795405 -0.124879  0.191872 -0.290255 -0.937516 -0.781952  0.532056 -0.324759  0.944632 -0.606696  0.621697 0.00155846 0.999074 0.0859914 4.17029 0.00801641
1   0.95288 -0.109738 -0.282801 -0.238482 -0.847155  -0.47482 -0.187471   0.51989 -0.833408 0.0773448 -0.167897  0.224782 0.00258808 0.939542 0.574972 21.4235 0.00305423
1  0.953195 -0.105265  -0.28344 -0.235862  -0.84541 -0.479219 -0.189178  0.523642 -0.830669 0.0778388 -0.169201  0.223942 0.0026399 0.940517 0.44893 18.2515 0.00545327
1   0.95588  -0.10504 -0.274335 -0.231053 -0.845546 -0.481318 -0.181405  0.523468  -0.83251 0.0754659 -0.168843   0.22508 0.00272209 0.943442 0.298992 18.5364 0.0087952
1  0.595285  0.793831 -0.124376  0.194316  -0.29242  -0.93634 -0.779665   0.53322 -0.328327  0.941087 -0.607598  0.626087 0.00156239 0.998148 0.146454 3.13613 0.0148294
1  0.587811  0.799954 -0.120634  0.196343 -0.285723 -0.937983 -0.784811  0.527671 -0.325016  0.947096 -0.602297  0.622238 0.00156938 0.999074 0.115477 3.58179 0.0126324
0   0.0472564    0.996744  -0.0653327    0.846387 -0.00522184    0.532542    0.530467  -0.0804628   -0.843878   -0.125626   0.0104579     0.17026 0.00326797 0.893758 0.413153 17.0274 2.44336
0    0.0457007     0.997018    -0.062187     0.806388 -7.61424e-05     0.591387     0.589618   -0.0771736    -0.803987    -0.136966    0.0102895     0.162676 0.0029684 0.90036 0.354235 34.3468 2.49019
0  -0.0668603    0.995408  -0.0685045    0.826255   0.0937245    0.555445    0.559315  -0.0194649   -0.828727   -0.130371 -0.00109821    0.167367 0.00426301 0.844538 0.165987 15.6749 2.51557
0  0.0299171   0.997686 -0.0610604   0.816616  0.0108309   0.577079   0.576405 -0.0671275  -0.814402  -0.134508 0.00862171   0.164709 0.00291562 0.89916 0.325288 19.1951 2.48435
0  0.0305464   0.997682 -0.0608073   0.821355 0.00961339   0.570336   0.569598 -0.0673661  -0.819158  -0.133069  0.0087166   0.165557 0.00295336 0.898559 0.475069 32.6749 2.47836
0    0.018577   -0.997982   0.0607177    0.933375 -0.00445969   -0.358874    0.358421   0.0633392    0.931409  -0.0951213  -0.0110636   -0.133968 0.00604197 0.422569 -0.329336 18.1518 2.00179
0 -0.00588314    0.998003  -0.0628985    0.809018   0.0417203    0.586301    0.587754  -0.0474368   -0.807648   -0.136322  0.00485792    0.163315 0.00325988 0.891957 0.358028 14.1792 2.50873
1  0.0287929   0.997425  -0.065684   0.794651  0.0170224   0.606828   0.606384 -0.0696682  -0.792114  -0.139655 0.00908107   0.160378 0.00305952 0.901561 0.464836 17.2155 2.51284
1   0.034205   0.997473 -0.0622705   0.808564 0.00900202    0.58834   0.587414 -0.0704739  -0.806213  -0.136428 0.00912474   0.163091 0.00296695 0.902761 0.441422 26.1159 2.49262
1  0.0342706   0.997592   -0.06029   0.816531 0.00683651   0.577261   0.576284 -0.0690117  -0.814331  -0.134505 0.00887422   0.164615 0.0029381 0.89916 0.413132 35.0514 2.48206
1  0.0446669   0.996348 -0.0727667   0.692383  0.0216322   0.721206   0.720147 -0.0825965  -0.688888  -0.160803  0.0167761   0.140874 0.00467594 0.82593 0.210052 37.3797 2.61794
1  0.0478499   0.997784 -0.0462376   0.748569 -0.0051732   0.663037   0.661328 -0.0663382  -0.747157  -0.149511 0.00804471   0.151873 0.00366875 0.883553 0.348958 15.6522 2.5412
1  0.0362188   0.997339 -0.0632682   0.814321 0.00724454    0.58037   0.579284 -0.0725408  -0.811891  -0.135041  0.0094926   0.164092 0.00296123 0.89976 0.457047 26.2843 2.4858
0  0.0360367   0.997591 -0.0592786   0.820492 0.00432867   0.571641    0.57052 -0.0692378   -0.81836  -0.133323 0.00899917   0.165334 0.00293863 0.896158 0.410609 13.6602 2.47598
0  0.0905288     0.9944 -0.0545318   0.832151 -0.0454493   0.552684    0.54711 -0.0954126  -0.831605  -0.129325  0.0130262   0.168022 0.00360556 0.891357 0.264913 20.5244 2.43328
1  -0.046402   0.996361 -0.0714989   0.836942  0.0778519   0.541727   0.545322 -0.0347032  -0.837508  -0.127748 0.00252965   0.169209 0.00405863 0.866146 0.230328 13.6204 2.49788
1 0.00701452  -0.998093  0.0613298   0.942532 -0.0138887  -0.333828   0.334043   0.060147   0.940637 -0.0914024 -0.0133711  -0.135878 0.00584953 0.433373 -0.121099 13.9874 2.02333
1  0.0112274   0.997881 -0.0640837   0.799198  0.0295618   0.600341   0.600963 -0.0579558  -0.797173   -0.13834  0.0067082    0.16149 0.00309912 0.896158 0.395772 20.7083 2.51368
1    0.0449744     0.997042   -0.0623248     0.812094 -0.000155708     0.583527     0.581791   -0.0768574    -0.809699    -0.135463    0.0102801     0.163759 0.00295238 0.89916 0.450726 10.8183 2.484
1  0.0236075   0.996341 -0.0821359   0.834044  0.0256693   0.551101   0.551193 -0.0815151  -0.830386  -0.129458  0.0136585   0.167865 0.00345563 0.890156 0.437678 15.0503 0.0391342
0  0.0416359   0.997257 -0.0611886   0.799797 0.00343822   0.600261   0.598825 -0.0739308   -0.79746  -0.138575 0.00976278   0.161444 0.00298666 0.902761 0.410557 13.4565 0.0287669
0   0.053914   0.997361 -0.0486155   0.805058 -0.0146127   0.593015    0.59074 -0.0711101  -0.803722  -0.137281 0.00905286   0.162564 0.00312529 0.894958 0.498003 15.14 0.0299855
1  0.0382377   0.997352 -0.0618691   0.810429 0.00526875   0.585813   0.584588 -0.0725406  -0.808081  -0.136021 0.00956596   0.163426 0.00293226 0.89976 0.291442 11.7527 0.0107218
1   -0.21816   0.164392 -0.0855464    1.85231    1.82901   0.522675 0.00298004 0.90096 0.307961 12.6288 0.00485802
1  -0.217825    0.16473 -0.0855919    1.85425    1.82483   0.524273 0.0029405 0.90036 0.390278 29.2333 0.00697135
0  -0.216792   0.167112 -0.0844405    1.88027    1.80608   0.516901 0.00324975 0.90096 0.290236 51.3507 0.0256705
0  -0.217622   0.163768 -0.0864408    1.84474    1.82246   0.529034 0.00296523 0.901561 0.513489 11.5718 0.0154125
0  -0.217395   0.164329 -0.0861693    1.84953    1.81924   0.528597 0.00295117 0.902161 0.339339 8.86977 0.014491
0 -0.0539143  -0.052428  -0.148462  -0.338085   0.170234   -1.47684 0.00638497 0.421969 -0.330742 12.1203 3.16465
1  -0.217879   0.164642 -0.0856987    1.85336     1.8248   0.526541 0.00294064 0.90096 0.510217 10.3428 0.00804215
0  -0.216481   0.164393 -0.0869066    1.85071     1.8056   0.537583 0.00297448 0.90096 0.428198 6.18529 0.0266374
0  -0.216237   0.164146 -0.0872079    1.84654     1.8023   0.543317 0.00297787 0.902161 0.4918 13.3986 0.0323969
1  -0.217211   0.163092 -0.0867786    1.83673    1.81825   0.536104 0.00297967 0.90096 0.434848 9.15306 0.0250831
1  0.715816  -1.21838 -0.603424  -1.80188 -0.808657   0.73758 0.00157726 0.999074 0.0500718 28.2505 0.0120216
1  0.715819  -1.21836 -0.603587  -1.80187 -0.808183   0.73857 0.00157337 0.999074 0.210399 4.84316 0.0110175
1  -0.219083   0.167584 -0.0822861    1.88009    1.84482    0.49513 0.00297925 0.896158 0.431913 21.8774 0.0312286
