1  0.590732  0.797653 -0.121596   0.19599 -0.288039 -0.937348 -0.782703   0.52989 -0.326486  0.944579 -0.604539  0.623933 0.00155585 0.999074 0.118866 1.03135 0.0122228
1  0.593915  0.794762 -0.124975  0.191737 -0.290688  -0.93741 -0.781346  0.532779  -0.32503  0.944024 -0.607323   0.62209 0.00156783 0.993519 0.0829741 0.815073 0.00884184
1  0.591604  0.796785 -0.123036  0.193781 -0.288662 -0.937616 -0.782594  0.530855 -0.325175  0.944962 -0.605595  0.622285 0.00156256 0.992593 0.0479369 0.898871 0.00938751
0  0.952509 -0.099512 -0.287792 -0.233099 -0.846398 -0.478827 -0.195937  0.523171 -0.829398 0.0801179 -0.168743  0.223225 0.00263711 0.939054 0.34125 3.10055 1.55059
0  0.953354 -0.109189 -0.281413 -0.237586 -0.846499 -0.476437 -0.186194  0.521073 -0.832955 0.0769562    -0.168  0.224672 0.0025663 0.939054 0.311201 2.73289 1.56036
1  0.953585 -0.107715 -0.281198 -0.236344 -0.846379 -0.477268 -0.186591  0.521575 -0.832552 0.0771063 -0.168252  0.224539 0.00258301 0.940029 0.467324 12.621 0.0170299
1  0.954616 -0.106853 -0.278013 -0.234009 -0.846525 -0.478158 -0.184252  0.521514 -0.833111 0.0763933 -0.168281  0.224704 0.00253264 0.936129 0.434648 15.1569 0.0167111
1  0.954502 -0.109035 -0.277555 -0.235637 -0.846206 -0.477923 -0.182759  0.521581 -0.833398   0.07582 -0.168297  0.224952 0.00257123 0.939054 0.498341 2.97952 0.0163147
1  0.954035 -0.106709 -0.280054 -0.235028 -0.846209 -0.478217 -0.185954  0.522056 -0.832393 0.0768952  -0.16844   0.22452 0.00257183 0.939054 0.451295 5.48457 0.0171154
1  0.592468  0.796183 -0.122776  0.195101 -0.289677 -0.937029 -0.781612  0.531206 -0.326961   0.94349 -0.605798  0.624184 0.00157689 0.999074 0.146474 8.20247 0.0120032
1  0.591604  0.796785 -0.123036  0.193781 -0.288662 -0.937616 -0.782594  0.530855 -0.325175  0.944962 -0.605595  0.622285 0.00156256 0.992593 0.0989887 1.0307 0.0093875
1  0.953583 -0.107886 -0.281139 -0.236429  -0.84644 -0.477117 -0.186493  0.521441 -0.832658  0.077065 -0.168188  0.224581 0.00257527 0.939542 0.51695 27.7571 0.0169304
1   0.59323  0.795308 -0.124755  0.191721 -0.290083 -0.937601 -0.781871  0.532294 -0.324563  0.944693 -0.606894  0.621544 0.00156955 0.993519 0.0874504 0.706962 0.00789721
1   0.59351  0.795207 -0.124064  0.193212 -0.290421  -0.93719 -0.781291  0.532261 -0.326011   0.94357 -0.606735  0.623331 0.0015641 0.993519 0.102172 1.08704 0.0104697
1  0.954396  -0.20284 -0.219053 -0.255412 -0.174869 -0.950887  0.154572  0.963471 -0.218702 -0.196043  -0.70389 0.0723404 0.00158131 0.822254 0.122875 0.926095 0.0303807
1  0.952994 -0.201764 -0.226037 -0.261508 -0.170959  -0.94994   0.15302  0.964398 -0.215686 -0.195375 -0.704227 0.0708313 0.00156199 0.822254 0.0734406 0.781372 0.0317305
1  0.954712 -0.199878 -0.220395 -0.256018 -0.174471 -0.950797  0.151591  0.964162 -0.217743 -0.193704 -0.704578 0.0716857 0.00151451 0.822254 0.0698706 1.28155 0.0311925
1  0.952891   -0.2017  -0.22653 -0.261881 -0.170303 -0.949955  0.153027  0.964528 -0.215102 -0.195414  -0.70425 0.0704842 0.00156801 0.822254 0.0317425 2.72962 0.0315365
1  0.954566 -0.200457 -0.220501 -0.256436 -0.175622 -0.950472  0.151804  0.963833 -0.219047 -0.193948 -0.704398 0.0726662 0.00152114 0.822254 0.179138 1.77665 0.0324659
1  0.954203 -0.202201  -0.22048 -0.256645 -0.174591 -0.950606  0.153719  0.963656 -0.218489 -0.195408 -0.704088 0.0722667 0.00153935 0.822254 0.123296 0.653089 0.0310987
1  0.954768 -0.199648  -0.22036  -0.25595 -0.174584 -0.950794  0.151353  0.964189 -0.217788  -0.19353 -0.704614 0.0717176 0.00151408 0.822254 0.0946413 0.841676 0.0313374
1  0.953008 -0.199133 -0.228303 -0.262652 -0.167574 -0.950228  0.150965  0.965539 -0.212002  -0.19364 -0.704895 0.0683757 0.00158413 0.825145 0.077757 0.733258 0.0310934
1  0.954396  -0.20284 -0.219053 -0.255412 -0.174869 -0.950887  0.154572  0.963471 -0.218702 -0.196043  -0.70389 0.0723404 0.00158131 0.822254 0.0484639 0.717381 0.0303807
1  0.952764 -0.207769 -0.221526 -0.258893 -0.174236 -0.950061  0.158796  0.962535 -0.219795 -0.199568 -0.702812 0.0734218 0.00166403 0.822254 0.171691 0.733318 0.0319955
1  0.953929  -0.20265 -0.221251 -0.257452 -0.174199 -0.950459  0.154069  0.963633 -0.218346 -0.195737 -0.704002 0.0722205 0.00154238 0.822254 0.144597 0.714 0.0311948
1  0.954768 -0.199648  -0.22036  -0.25595 -0.174584 -0.950794  0.151353  0.964189 -0.217788  -0.19353 -0.704614 0.0717176 0.00151408 0.822254 0.114234 0.733409 0.0313374
1  0.954396  -0.20284 -0.219053 -0.255412 -0.174869 -0.950887  0.154572  0.963471 -0.218702 -0.196043  -0.70389 0.0723404 0.00158131 0.822254 0.147915 0.661273 0.0303807
1  0.954768 -0.199648  -0.22036  -0.25595 -0.174584 -0.950794  0.151353  0.964189 -0.217788  -0.19353 -0.704614 0.0717176 0.00151408 0.822254 0.162941 1.1017 0.0313374
1  0.953977 -0.200889 -0.222647 -0.258109 -0.172068 -0.950669  0.152668  0.964384    -0.216 -0.194699 -0.704381 0.0707422 0.00154244 0.822254 0.16598 2.16535 0.0301575
1  0.953977 -0.200889 -0.222647 -0.258109 -0.172068 -0.950669  0.152668  0.964384    -0.216 -0.194699 -0.704381 0.0707422 0.00154243 0.822254 0.114679 0.837438 0.0301575
1  0.954781 -0.199634 -0.220319 -0.255907 -0.174591 -0.950805  0.151347  0.964191 -0.217783  -0.19351 -0.704623 0.0717107 0.00151199 0.822254 0.291907 0.629715 0.0313213
1  0.953977 -0.200889 -0.222647 -0.258109 -0.172068 -0.950669  0.152668  0.964384    -0.216 -0.194699 -0.704381 0.0707422 0.00154243 0.822254 0.115713 0.592928 0.0301575
1  0.954203  -0.20224 -0.220443 -0.256612 -0.174559  -0.95062  0.153773  0.963654 -0.218462 -0.195444 -0.704081 0.0722447 0.00154003 0.822254 0.177417 0.662395 0.0310337
1  0.953304 -0.209569 -0.217468 -0.255164 -0.173693 -0.951169  0.161563  0.962243 -0.219056 -0.201217 -0.702438 0.0725965 0.00166236 0.820809 0.0582015 0.541169 0.0290746
1  0.952862  -0.20226 -0.226154 -0.261548 -0.169785  -0.95014  0.153778  0.964502 -0.214682 -0.195929 -0.704139   0.07015 0.0015735 0.822254 0.0894542 0.701259 0.0306642
1  0.953929  -0.20265 -0.221251 -0.257452 -0.174199 -0.950459  0.154069  0.963633 -0.218346 -0.195737 -0.704002 0.0722205 0.00154238 0.822254 0.176108 0.738098 0.0311947
1  0.953977 -0.200889 -0.222647 -0.258109 -0.172068 -0.950669  0.152668  0.964384    -0.216 -0.194699 -0.704381 0.0707422 0.00154243 0.822254 0.153058 0.219753 0.0301575
1  0.952759 -0.202153  -0.22668 -0.262098   -0.1701 -0.949932  0.153473  0.964469 -0.215048 -0.195768 -0.704156 0.0704558 0.0015728 0.822254 0.0900312 0.806057 0.0314372
1  0.952975 -0.202116 -0.225805 -0.261119 -0.169478 -0.950313  0.153804  0.964586 -0.214284 -0.195909 -0.704187 0.0698276 0.0015739 0.822254 0.120808 0.652703 0.0300659
1  0.954699 -0.199823 -0.220502 -0.256226 -0.175192 -0.950608  0.151323  0.964043 -0.218456 -0.193571 -0.704543 0.0722295 0.00151686 0.822254 0.0696599 0.670182 0.0320824
1  0.953163  -0.20979 -0.217875 -0.255629 -0.173745 -0.951034  0.161663  0.962186 -0.219235 -0.201325 -0.702394 0.0727562 0.00166154 0.820809 0.18925 0.228569 0.0294789
1  0.953977 -0.200889 -0.222647 -0.258109 -0.172068 -0.950669  0.152668  0.964384    -0.216 -0.194699 -0.704381 0.0707422 0.00154243 0.822254 0.187766 0.746723 0.0301575
1  0.954813 -0.199707 -0.220112 -0.255692 -0.174438 -0.950891  0.151504  0.964204 -0.217619 -0.193599 -0.704614 0.0715754 0.00151311 0.822254 0.124981 0.543205 0.0309923
1  0.954222 -0.202139 -0.220454 -0.256615 -0.174653 -0.950602  0.153651  0.963658 -0.218529 -0.195356 -0.704097 0.0722948 0.00153891 0.822254 0.0982589 0.630874 0.0311536
1  0.952759 -0.202153  -0.22668 -0.262098   -0.1701 -0.949932  0.153473  0.964469 -0.215048 -0.195768 -0.704156 0.0704558 0.0015728 0.822254 0.138175 0.559785 0.0314372
1  0.952913 -0.202293 -0.225909 -0.261291 -0.169663 -0.950232  0.153897  0.964516 -0.214531 -0.195996 -0.704134 0.0700189 0.00157508 0.822254 0.0704522 0.246481 0.0303266
1   0.95293 -0.202229 -0.225892 -0.261265 -0.169689 -0.950235  0.153833  0.964525 -0.214537 -0.195953 -0.704143 0.0700224 0.00157589 0.822254 0.145051 0.839717 0.0303402
1  0.954203 -0.202201  -0.22048 -0.256645 -0.174591 -0.950606  0.153719  0.963656 -0.218489 -0.195408 -0.704088 0.0722667 0.00153935 0.822254 0.254983 1.57548 0.0310987
1  0.954571 -0.200455 -0.220481 -0.256406  -0.17556 -0.950492  0.151824  0.963845 -0.218982 -0.193959 -0.704403 0.0726192 0.00152111 0.822254 0.173977 0.792466 0.0323829
1  0.954203  -0.20224 -0.220443 -0.256612 -0.174559  -0.95062  0.153773  0.963654 -0.218462 -0.195444 -0.704081 0.0722447 0.00154003 0.822254 0.130983 0.911557 0.0310337
1  0.953304 -0.209569 -0.217468 -0.255164 -0.173693 -0.951169  0.161563  0.962243 -0.219056 -0.201217 -0.702438 0.0725965 0.00166236 0.820809 0.104193 0.256647 0.0290746
1  0.953977 -0.200889 -0.222647 -0.258109 -0.172068 -0.950669  0.152668  0.964384    -0.216 -0.194699 -0.704381 0.0707422 0.00154243 0.822254 0.17968 0.449694 0.0301575
1  0.951483 -0.208597 -0.226201 -0.263061 -0.170103 -0.949665   0.15962  0.963095 -0.216724 -0.200479 -0.702728 0.0717231 0.00168931 0.822254 0.137091 0.638953 0.0317661
1  0.954203 -0.202201  -0.22048 -0.256645 -0.174591 -0.950606  0.153719  0.963656 -0.218489 -0.195408 -0.704088 0.0722668 0.00153936 0.822254 0.200519 0.0554573 0.0310987
1  0.953012 -0.199177 -0.228248 -0.262603 -0.167552 -0.950245  0.151024  0.965533 -0.211984 -0.193679 -0.704886 0.0683594 0.00158463 0.825145 0.165945 0.0772095 0.0310151
1  0.953216 -0.208461 -0.218914 -0.256384 -0.173865 -0.950809  0.160146  0.962453 -0.219177 -0.200283 -0.702674 0.0727591 0.00166921 0.822254 0.0584006 0.0752564 0.029876
1  0.952745 -0.210325 -0.219181 -0.257169 -0.174427 -0.950494  0.161682  0.961945 -0.220274 -0.201492 -0.702251 0.0736171 0.00169152 0.822254 0.159023 0.0500095 0.0313273
1  0.954203   -0.2022  -0.22048 -0.256645 -0.174591 -0.950606  0.153719  0.963656 -0.218489 -0.195408 -0.704088 0.0722667 0.00153936 0.822254 0.135857 0.153315 0.0310986
1  0.953521 -0.202002 -0.223592 -0.259277  -0.17192 -0.950378  0.153538  0.964178 -0.216303 -0.195491 -0.704161 0.0710401 0.00155035 0.822254 0.168923 0.178285 0.0306351
1  0.953521 -0.202002 -0.223593 -0.259277  -0.17192 -0.950378  0.153538  0.964178 -0.216303 -0.195491 -0.704161 0.0710401 0.00155035 0.822254 0.210807 0.131117 0.0306351
1  0.954699 -0.199823 -0.220502 -0.256226 -0.175192 -0.950608  0.151323  0.964043 -0.218456 -0.193571 -0.704543 0.0722295 0.00151686 0.822254 0.210317 0.0780149 0.0320825
1  0.951518 -0.208508 -0.226138 -0.263306 -0.172082 -0.949241   0.15901  0.962763  -0.21864 -0.200106 -0.702711 0.0730379 0.00168069 0.822254 0.0849948 0.0366652 0.0336115
1  0.954773 -0.199756 -0.220239 -0.255834 -0.174459 -0.950849  0.151515   0.96419 -0.217673 -0.193628 -0.704603 0.0716243 0.0015141 0.822254 0.226391 0.0663676 0.0310936
1  0.953012 -0.199177 -0.228248 -0.262603 -0.167552 -0.950245  0.151024  0.965533 -0.211984 -0.193679 -0.704886 0.0683593 0.00158464 0.825145 0.193609 0.0766632 0.031015
1  0.954222 -0.202139 -0.220454 -0.256615 -0.174653 -0.950602  0.153651  0.963658 -0.218529 -0.195356 -0.704097 0.0722947 0.00153891 0.822254 0.175387 0.0628001 0.0311536
1  0.953521 -0.202002 -0.223592 -0.259277  -0.17192 -0.950378  0.153538  0.964178 -0.216304 -0.195492 -0.704161 0.0710401 0.00155035 0.822254 0.214989 0.167357 0.0306351
1  0.953163  -0.20979 -0.217875 -0.255629 -0.173745 -0.951034  0.161663  0.962186 -0.219235 -0.201325 -0.702394 0.0727563 0.00166154 0.820809 0.0823175 0.048988 0.029479
1  0.953521 -0.202002 -0.223592 -0.259276  -0.17192 -0.950378  0.153538  0.964178 -0.216303 -0.195491 -0.704161   0.07104 0.00155035 0.822254 0.123331 0.171152 0.030635
1  0.953506  -0.20192 -0.223727 -0.259129 -0.170265 -0.950717  0.153876  0.964488 -0.214672 -0.195736 -0.704216 0.0698811 0.00156318 0.822254 0.114732 0.0519949 0.0290478
1  0.953521 -0.202002 -0.223593 -0.259277  -0.17192 -0.950378  0.153538  0.964178 -0.216303 -0.195492 -0.704161   0.07104 0.00155035 0.822254 0.216904 0.154383 0.030635
1   0.95506 -0.199696  -0.21905 -0.254908 -0.176188 -0.950779  0.151273  0.963888 -0.219174 -0.193447 -0.704502 0.0726578 0.00152435 0.822254 0.0694748 0.0325602 0.0322566
1  0.954119 -0.200877 -0.222047 -0.257779 -0.173782 -0.950447  0.152335  0.964079 -0.217591  -0.19445 -0.704364 0.0717742 0.00153136 0.822254 0.165298 0.0422392 0.0315021
1  0.954203   -0.2022  -0.22048 -0.256645 -0.174591 -0.950606  0.153719  0.963656 -0.218489 -0.195408 -0.704088 0.0722667 0.00153936 0.822254 0.172366 0.061406 0.0310987
0   0.957997   0.127264  -0.256993  -0.245719  -0.097782  -0.964397  -0.147863   0.987037 -0.0624035   0.011277  -0.254382  0.0058053 0.00399713 0.88154 0.334384 4.61216 0.98538
1    0.967547   0.0667383   -0.243718    -0.23928  -0.0680584   -0.968563  -0.0812273    0.995447  -0.0498806 -0.00403875   -0.254397  0.00365507 0.00400141 0.873643 0.227896 2.55623 0.0171788
0    0.972748   0.0560403    -0.22499   -0.227237   0.0375302   -0.973116  -0.0460898    0.997723   0.0492418   0.0207858   -0.247668 -0.00478851 0.00203288 0.969044 0.339219 0.888911 0.120548
1    0.975281   0.0530027   -0.214516   -0.216738   0.0404313   -0.975392  -0.0430253    0.997776   0.0509196   0.0199285   -0.247621 -0.00487371 0.0020619 0.97039 0.343882 2.0008 0.0116972
1    0.973058   0.0600303    -0.22261   -0.224989    0.036223   -0.973688  -0.0503872    0.997539   0.0487532   0.0218181   -0.247632 -0.00472065 0.00202845 0.969044 0.331172 0.748126 0.000149188
1    0.975464   0.0541182   -0.213403   -0.215863   0.0445679   -0.975406  -0.0432763    0.997539   0.0551565    0.019987    -0.24754 -0.00568723 0.0020587 0.97039 0.185231 2.17996 0.0137511
1    0.979639   0.0419476   -0.196335   -0.198689   0.0622511   -0.978084  -0.0288061    0.997179   0.0693182   0.0163412   -0.247613 -0.00787382 0.00205773 0.966353 0.235773 0.871558 0.0412749
1    0.974096   0.0557652   -0.219153   -0.221486   0.0397522   -0.974353  -0.0456232    0.997652   0.0510737   0.0205769   -0.247607 -0.00502305 0.00204378 0.97039 0.102572 0.848145 0.00657073
1     0.97446   0.0566719   -0.217292   -0.220015   0.0472191   -0.974353  -0.0449581    0.997276   0.0584818   0.0206015    -0.24763 -0.00663279 0.00199509 0.966353 0.0496103 0.632301 0.0125789
1   0.974096  0.0557651  -0.219153  -0.221486   0.039752  -0.974353 -0.0456231   0.997652  0.0510734  0.0205768  -0.247607  -0.005023 0.00204378 0.97039 0.264719 0.691769 0.0065707
1    0.979142   0.0422197    -0.19874   -0.201052   0.0602966   -0.977723  -0.0292959    0.997287   0.0675273    0.016525   -0.247632 -0.00762712 0.00203581 0.965007 0.31362 2.49131 0.0384268
0    0.979354   0.0413772   -0.197873    -0.20009   0.0589431   -0.978003  -0.0288037    0.997403   0.0660053   0.0163816   -0.247594 -0.00723616 0.00206096 0.966353 0.34026 1.86134 0.0386044
1    0.975162   0.0529301   -0.215075   -0.217401   0.0429613   -0.975136  -0.0423742    0.997674   0.0534013   0.0197999   -0.247622 -0.00539924 0.00206114 0.97039 0.132515 4.04308 0.0124294
1    0.973814   0.0595075   -0.219418   -0.221999   0.0408533   -0.974191  -0.0490077    0.997392   0.0529942    0.021606   -0.247558 -0.00562741 0.00201088 0.967699 0.364172 2.74415 0.00552635
1    0.973067   0.0569295   -0.223381   -0.225365   0.0311329   -0.973777  -0.0484822    0.997893   0.0431243   0.0215865   -0.247749 -0.00368603 0.00207329 0.971736 0.290796 0.388521 0.00620738
0   0.981992     0.0427  -0.184034  -0.187208  0.0889828  -0.978282 -0.0253968   0.995117  0.0953742  0.0158411  -0.247406 -0.0131837 0.00205973 0.963661 0.213967 1.13571 0.111924
1    0.979876   0.0412119   -0.195309   -0.197466   0.0571347   -0.978643  -0.0291729    0.997516   0.0641229   0.0163677   -0.247662 -0.00671838 0.00201957 0.963661 0.366721 0.696377 0.0339738
1    0.974072   0.0553639   -0.219358   -0.221814   0.0429143   -0.974144  -0.0445188    0.997544   0.0540821   0.0204374   -0.247564 -0.00572263 0.00202999 0.969044 0.18851 0.756468 0.0042857
1    0.979853   0.0410582   -0.195456   -0.197612   0.0574272   -0.978597  -0.0289549    0.997505   0.0643838   0.0163229   -0.247666 -0.00677534 0.00202036 0.963661 0.421043 2.52129 0.0340909
1    0.974262   0.0555673   -0.218461   -0.220994   0.0444121   -0.974263  -0.0444348    0.997467   0.0555491   0.0204005   -0.247545 -0.00597717 0.00202994 0.969044 0.225156 0.547385 0.00589821
0   0.981871  0.0422164  -0.184788  -0.187871  0.0872905  -0.978307 -0.0251704   0.995288  0.0936393  0.0158141  -0.247399 -0.0128764 0.00208221 0.965007 0.270653 0.535305 0.0612569
0    0.973814   0.0595073   -0.219418   -0.221999   0.0408532   -0.974191  -0.0490075    0.997392    0.052994   0.0216059   -0.247558 -0.00562737 0.00201087 0.967699 0.203879 6.47885 0.00478817
0   0.981425  0.0416022  -0.187282  -0.190227   0.084415  -0.978104 -0.0248818   0.995562  0.0907609  0.0156793  -0.247418 -0.0123215 0.00208958 0.965007 0.228505 0.624303 0.057752
0   0.996018 -0.0547975 -0.0703205 -0.0785747  -0.166957  -0.982828   0.042116    0.98444  -0.170598  0.0329797  -0.220191  0.0437868 0.0024472 0.890909 0.135579 0.87499 0.28466
0   0.996274 -0.0529186 -0.0681079 -0.0760315  -0.166017  -0.983187  0.0407218   0.984702  -0.169422  0.0332366  -0.220176  0.0436384 0.0024923 0.893281 0.0996999 1.37507 0.28452
0  0.591255  0.797148 -0.122361  0.195701 -0.288999 -0.937113  -0.78238  0.530127 -0.326875  0.944269 -0.604599  0.624339 0.00155461 0.999074 0.0591683 0.689106 0.0122358
0  0.590791  0.797617 -0.121541   0.19612 -0.288092 -0.937305 -0.782625  0.529915 -0.326631   0.94445 -0.604556  0.624109 0.00155594 0.999074 0.213689 0.794971 0.0124474
1  0.591954  0.796478 -0.123339  0.193772 -0.289184 -0.937457 -0.782331  0.531032 -0.325519  0.944678 -0.605658  0.622703 0.0015551 0.999074 0.143771 0.56379 0.00969661
1   0.59251  0.796119 -0.122988  0.194595 -0.289603 -0.937157 -0.781706  0.531342 -0.326514  0.943718  -0.60587  0.623911 0.00155732 0.999074 0.0846105 0.774175 0.0114167
1  0.593465   0.79522 -0.124193  0.192331 -0.289951 -0.937517 -0.781542  0.532498 -0.325021  0.944036 -0.607301  0.622056 0.00155957 0.999074 0.103025 0.83647 0.00900945
0  0.953991 -0.108223 -0.279622 -0.236015 -0.846227   -0.4777 -0.184926  0.521716 -0.832835 0.0765403 -0.168351   0.22469 0.0025591 0.938079 0.303861 2.40074 0.0166684
1  0.954414 -0.109672 -0.277606 -0.236187 -0.846165 -0.477725 -0.182507  0.521515 -0.833495 0.0757638   -0.1682  0.224975 0.0025587 0.938567 0.506174 1.2847 0.00415243
1  0.954012 -0.110682 -0.278585 -0.237534 -0.846023 -0.477307  -0.18286  0.521531 -0.833407 0.0758744 -0.168305  0.224907 0.00255718 0.938079 0.430161 6.32013 0.00346555
1  0.953378 -0.109118 -0.281359 -0.237584 -0.846272 -0.476841 -0.186074  0.521456 -0.832742 0.0769253 -0.168217  0.224594 0.00256884 0.939054 0.476846 1.5461 3.86056e-06
0    0.99627 -0.0530492 -0.0680592 -0.0760011  -0.165908  -0.983208  0.0408669   0.984713  -0.169321  0.0332054  -0.220182  0.0436214 0.0024928 0.893281 0.184273 2.96544 0.284504
0    0.99627 -0.0530492 -0.0680593 -0.0760012  -0.165908  -0.983208  0.0408669   0.984713  -0.169321  0.0332054  -0.220182  0.0436213 0.00249279 0.893281 0.18822 1.058 0.284504
0    0.99627 -0.0530492 -0.0680592 -0.0760012  -0.165908  -0.983208  0.0408668   0.984713  -0.169321  0.0332054  -0.220182  0.0436214 0.0024928 0.893281 0.202326 1.12997 0.0321174
0   0.996122 -0.0533826 -0.0699398 -0.0779539  -0.166878  -0.982891  0.0407979   0.984531  -0.170392  0.0331883  -0.220153  0.0437689 0.00245175 0.890909 0.221917 0.510529 0.0248605
0   0.996018 -0.0547975 -0.0703205 -0.0785747  -0.166957  -0.982828   0.042116    0.98444  -0.170598  0.0329797  -0.220191  0.0437869 0.0024472 0.890909 0.19885 0.762562 0.0258583
0    0.99627 -0.0530492 -0.0680593 -0.0760012  -0.165908  -0.983208  0.0408669   0.984713  -0.169321  0.0332054  -0.220182  0.0436214 0.0024928 0.893281 0.187702 0.836122 0.0258325
0   0.996271 -0.0529354 -0.0681341   -0.07606  -0.166012  -0.983186  0.0407342   0.984702  -0.169419  0.0332356  -0.220177  0.0436366 0.00249214 0.893281 0.150685 0.641819 0.0256573
0    0.99627 -0.0530492 -0.0680592 -0.0760012  -0.165908  -0.983208  0.0408668   0.984713  -0.169321  0.0332054  -0.220182  0.0436214 0.0024928 0.893281 0.115727 1.09763 0.0258325
0    0.99627 -0.0530491 -0.0680593 -0.0760012  -0.165907  -0.983208  0.0408668   0.984713   -0.16932  0.0332054  -0.220182  0.0436213 0.0024928 0.893281 0.0607571 0.913621 0.0258326
0   0.996023 -0.0548672 -0.0702013 -0.0784693  -0.166966  -0.982835  0.0422042   0.984435  -0.170607  0.0329675  -0.220195  0.0437941 0.0024468 0.890909 0.140887 0.730405 0.0259521
1   0.996122 -0.0533825 -0.0699398 -0.0779539  -0.166878  -0.982891  0.0407978   0.984531  -0.170392  0.0331883  -0.220153  0.0437689 0.00245175 0.890909 0.0383356 1.00896 0.0248605
0   0.996271 -0.0529354 -0.0681341   -0.07606  -0.166012  -0.983186  0.0407342   0.984702   -0.16942  0.0332356  -0.220177  0.0436366 0.00249214 0.893281 0.153602 0.594682 0.0256572
0    0.99627 -0.0530492 -0.0680593 -0.0760012  -0.165908  -0.983208  0.0408669   0.984713  -0.169321  0.0332054  -0.220182  0.0436214 0.0024928 0.893281 0.285747 2.43949 0.0258325
1  0.590666  0.797436 -0.123328  0.193906 -0.288633 -0.937599 -0.783272  0.529893 -0.325114  0.945844 -0.604337  0.622111 0.00204395 0.935185 0.486162 0.937069 0.00924328
0  0.954024 -0.106769 -0.280069  -0.23506 -0.846276 -0.478084 -0.185971  0.521936 -0.832465 0.0769007 -0.168365  0.224544 0.00256984 0.939054 0.397414 2.68053 0.930941
1  0.954521  -0.10697 -0.278292 -0.234386 -0.846115 -0.478699 -0.184261  0.522156 -0.832707 0.0763222 -0.168506   0.22468 0.00258106 0.939542 0.34924 0.600424 0.00311695
1  0.953585 -0.107715 -0.281198 -0.236344 -0.846379 -0.477268 -0.186591  0.521575 -0.832552 0.0771063 -0.168252  0.224539 0.002583 0.940029 0.425 2.50065 0.00105148
1  0.954035 -0.106709 -0.280054 -0.235028 -0.846209 -0.478217 -0.185954  0.522056 -0.832393 0.0768952  -0.16844   0.22452 0.00257183 0.939054 0.503804 4.85183 0.00180163
1  0.953585 -0.107715 -0.281198 -0.236344 -0.846379 -0.477268 -0.186591  0.521575 -0.832552 0.0771063 -0.168252  0.224539 0.002583 0.940029 0.459966 2.74891 0.00105148
1  0.953583 -0.107886 -0.281139 -0.236429  -0.84644 -0.477117 -0.186493  0.521441 -0.832658  0.077065 -0.168188  0.224581 0.00257527 0.939542 0.469048 5.05639 0.00110136
1  0.954374 -0.106581 -0.278947  -0.23439 -0.846154 -0.478628 -0.185019  0.522172 -0.832529 0.0765749 -0.168491  0.224604 0.00257275 0.939054 0.441986 1.67217 0.0026998
1  0.953585 -0.107715 -0.281198 -0.236344 -0.846379 -0.477268 -0.186591  0.521575 -0.832552 0.0771063 -0.168252  0.224539 0.002583 0.940029 0.426233 5.35703 0.00176852
1  0.953585 -0.107715 -0.281198 -0.236344 -0.846379 -0.477268 -0.186591  0.521575 -0.832552 0.0771063 -0.168252  0.224539 0.002583 0.940029 0.460081 2.78919 0.00176853
1  0.953492 -0.107966 -0.281419 -0.236661 -0.846363 -0.477139 -0.186668  0.521549 -0.832551 0.0771193 -0.168268  0.224529 0.0025838 0.940029 0.465921 1.90848 0.00159113
1  0.591711  0.796804 -0.122401  0.195911 -0.289412 -0.936942 -0.781983  0.530419 -0.327351  0.943736 -0.604784  0.624824 0.00203965 0.935185 0.244679 1.04097 0.0128389
1  0.592989   0.79556 -0.124294  0.192481 -0.289939  -0.93749 -0.781867  0.531996 -0.325061  0.944396 -0.606687  0.622081 0.00155676 0.999074 0.165949 0.13174 0.00872853
1  0.592989   0.79556 -0.124294  0.192481 -0.289939  -0.93749 -0.781867  0.531996  -0.32506  0.944396 -0.606687   0.62208 0.00155676 0.999074 0.08699 0.103713 0.00872828
0   0.961403 -0.0264309  -0.273872  -0.155432  -0.873509  -0.461327  -0.227037    0.48609  -0.843902  0.0911823  -0.144518   0.228343 0.0044711 0.663579 0.265734 0.596252 0.0985988
1  0.954035 -0.106709 -0.280054 -0.235028 -0.846209 -0.478217 -0.185954  0.522056 -0.832393 0.0768952  -0.16844   0.22452 0.00257183 0.939054 0.463141 2.69262 0.00293444
1  0.953965 -0.107678 -0.279924 -0.235699 -0.846317 -0.477697 -0.185467  0.521683 -0.832736 0.0767065 -0.168306  0.224654 0.00256482 0.938567 0.339491 0.828516 0.00204994
1  0.592903  0.795589 -0.124515  0.192204 -0.289969 -0.937537    -0.782  0.531936 -0.324839  0.944608 -0.606612  0.621813 0.00155712 0.999074 0.149332 0.187321 0.00826269
1  0.592978  0.795529 -0.124541  0.192181 -0.290021 -0.937526 -0.781948  0.531998 -0.324862  0.944554  -0.60668  0.621836 0.00155747 0.999074 0.12219 0.0972388 0.00831028
0  0.0169719   0.998239 -0.0568427   0.840441  0.0165541    0.54165   0.541637 -0.0569658   -0.83868  -0.127708  0.0516229   0.169602 0.00412295 0.590036 0.259621 1.06432 2.4664
0  0.0989452   0.993193 -0.0614576   0.830523 -0.0484043   0.554877   0.548126  -0.105944  -0.829659  -0.127903  0.0617834   0.167591 0.00422785 0.57563 0.080246 2.84911 2.44407
0  0.0236944   0.998172 -0.0555922   0.820475  0.0123556   0.571548   0.571191 -0.0591545  -0.818683   -0.13336 0.00454058   0.165573 0.00312315 0.886555 0.38899 5.49471 2.4784
0   0.0399778    0.997867  -0.0516032    0.811892 -0.00233653    0.583803    0.582437  -0.0652353   -0.810254   -0.135634 -0.00647075    0.163815 0.00350592 0.747899 0.188685 1.57188 2.47685
0  0.0322253   0.997572 -0.0617312   0.818357 0.00912334   0.574637   0.573805  -0.069036  -0.816077  -0.133989 0.00895551   0.165211 0.00291182 0.90096 0.482453 4.65484 2.4818
0 -0.0148659  -0.997893   0.063149   0.854464 -0.0454787  -0.517516   0.519297  0.0462652    0.85334  -0.122563 0.00431913  -0.114948 0.00433191 0.582233 0.0469052 1.91165 1.93213
0   0.0423996    0.997806  -0.0508522     0.81574 -0.00518583    0.578395    0.576862  -0.0660059    -0.81417   -0.134653 -0.00332035    0.164571 0.00359554 0.779112 0.291926 5.3031 2.47128
1  0.0320632   0.997578 -0.0617206   0.818385 0.00924675   0.574596   0.573775 -0.0689346  -0.816107  -0.133985 0.00893924   0.165217 0.00291232 0.90096 0.490583 2.94056 2.48183
0    0.0392184     0.997987   -0.0498393     0.820772  -0.00372651     0.571244     0.569908     -0.06331    -0.819266    -0.133397 -0.000782899      0.16552 0.00364094 0.808523 0.248795 2.43028 2.46657
0   0.0423997    0.997806  -0.0508522     0.81574 -0.00518586    0.578395    0.576862  -0.0660059    -0.81417   -0.134653 -0.00332035    0.164571 0.00359554 0.779112 0.281813 2.97464 2.47128
1   0.0574326    0.995937  -0.0693683    0.802725 -0.00475549     0.59633    0.593577  -0.0899325   -0.799737   -0.137849   0.0180283    0.162216 0.00366237 0.87515 0.381284 9.46252 2.4952
1   0.025353   0.998168 -0.0549366   0.815901  0.0110929   0.578085   0.577636  -0.059479  -0.814125  -0.134551 0.00459896    0.16471 0.00309383 0.885954 0.450981 0.58806 2.48257
0  0.0311912   0.997605 -0.0617315   0.820382 0.00972851   0.571733   0.570964 -0.0684764  -0.818114  -0.133458  0.0088362   0.165606 0.00291379 0.90036 0.499196 2.83217 2.47987
1  0.0320627   0.997158 -0.0681736   0.795642  0.0158177    0.60556   0.604918 -0.0736577  -0.792874  -0.140033  0.0244392   0.160979 0.00370895 0.780912 0.256108 1.20273 2.51462
0    0.0392184     0.997987   -0.0498393     0.820772  -0.00372646     0.571244     0.569908     -0.06331    -0.819266    -0.133397 -0.000782895      0.16552 0.00364094 0.808523 0.257701 3.43044 2.46657
1  0.0320542   0.997021 -0.0701495   0.803398  0.0160504   0.595227    0.59458 -0.0754375   -0.80049  -0.137954  0.0216903   0.162248 0.0036805 0.810324 0.302036 1.64251 2.50669
1   0.0930636   -0.993405   0.0669821    0.859808   0.0462604   -0.508517    0.502064    0.104916    0.858443   -0.119047 -0.00290178   -0.115892 0.00442671 0.562425 0.151594 0.954697 1.85925
1  0.0146335   0.997747 -0.0654686   0.780256   0.029551   0.624762   0.625289 -0.0602247  -0.778066  -0.143808  0.0281507   0.158232 0.00376406 0.731092 0.26613 2.35921 2.53754
0  0.0298187   0.998316 -0.0497631   0.818306 0.00420851   0.574768   0.574009 -0.0578603  -0.816802  -0.133876 0.00140923   0.165105 0.00349694 0.852941 0.349413 0.479888 2.47395
1  0.0279401   0.997425 -0.0660572   0.784676  0.0190551   0.619614   0.619277 -0.0691455  -0.782122   -0.14273  0.0267138   0.158919 0.00362927 0.7503 0.409423 2.20854 0.0567605
0 0.00730138   0.998135 -0.0605993    0.80053  0.0304816   0.598517   0.599248 -0.0528816  -0.798815  -0.138848  0.0358763   0.161932 0.00380119 0.663866 0.249803 2.28725 0.04624
0   0.025353   0.998168 -0.0549366   0.815901  0.0110929   0.578085   0.577636  -0.059479  -0.814125  -0.134551 0.00459897    0.16471 0.00309383 0.885954 0.503056 1.19067 0.0113364
0  0.0144763   0.998103  -0.059832   0.839737  0.0203478   0.542611     0.5428 -0.0580982   -0.83785  -0.128224  0.0428174   0.169378 0.00385786 0.632653 0.0677782 0.747463 0.0575351
1  -0.218858   0.165395 -0.0847681    1.85838    1.83498   0.517449 0.00291195 0.90096 0.323773 1.23744 0.00436491
0  -0.230773    0.15378 -0.0685727    1.86116    1.85344   0.520705 0.00342292 0.712485 0.290247 1.0346 0.0290644
0  -0.224097   0.161031 -0.0764566     1.8753    1.83515   0.523617 0.00366011 0.809124 0.200611 3.21975 0.0209226
0  -0.214761    0.17135 -0.0903161     1.8588    1.85447   0.489187 0.00366089 0.833733 0.399352 1.06364 0.0314265
0 -0.222527  0.162101 -0.079499   1.86627   1.83807  0.528918 0.00350475 0.852941 0.215412 0.824069 0.0158699
0 -0.0839647 -0.0551053  -0.141059   -0.48078   0.367493   -1.51393 0.00426216 0.567827 0.11169 1.76435 3.1714
1   -0.22291   0.162048 -0.0791298    1.86657    1.84336   0.528111 0.00354729 0.853541 0.409176 0.712549 0.0189914
1  -0.221959    0.16079 -0.0807523     1.8525    1.83002   0.539938 0.00345087 0.852941 0.336619 0.187137 0.0163818
1  -0.220963   0.162939 -0.0825535    1.85446    1.83994   0.530153 0.00309383 0.885954 0.472009 0.71127 0.0113364
1  -0.224076   0.160982 -0.0764627     1.8751    1.83364   0.528107 0.00367045 0.809124 0.303829 1.37299 0.0213602
1  0.715798  -1.21851 -0.603392  -1.80209 -0.808526  0.737717 0.0015771 0.999074 0.0501659 0.23519 0.0120263
1  0.715741  -1.21855 -0.603387  -1.80214 -0.808418  0.737739 0.00157613 0.999074 0.209015 0.527127 0.0119982
1  -0.218642   0.165528 -0.0848374    1.85884    1.83077   0.520652 0.00287623 0.898559 0.451557 2.30032 0.00210477
