1  0.981566 -0.186806 0.0403856 -0.103758 -0.698305 -0.708241  0.160505  0.690995 -0.704815 -0.178735 -0.727091   1.03588 0.00212817 0.909651 0.265891 1.19469 0.0595706
1  0.981547 -0.186905 0.0403972 -0.103794 -0.698184 -0.708355    0.1606   0.69109   -0.7047 -0.178849 -0.727243   1.03576 0.00213065 0.909651 0.198331 1.1798 0.0595532
1  0.981566 -0.186806 0.0403857 -0.103758 -0.698305 -0.708241  0.160505  0.690995 -0.704815 -0.178735 -0.727091   1.03588 0.00212818 0.909651 -0.0347396 1.0455 0.0595706
1   0.986721   -0.15918  0.0323053 -0.0902146  -0.702491  -0.705952   0.135068   0.693663  -0.707523  -0.146393  -0.729399    1.03893 0.00212361 0.907598 0.114234 1.01725 0.0961037
1  0.981547 -0.186905 0.0403972 -0.103794 -0.698184 -0.708355    0.1606  0.691091   -0.7047 -0.178849 -0.727243   1.03576 0.00213062 0.909651 0.153045 1.04254 0.0595532
1   0.987852  -0.151567  0.0342893 -0.0839729  -0.706317  -0.702897   0.130755   0.691479  -0.710464  -0.142143  -0.725629    1.04216 0.00209156 0.913758 0.177151 0.803207 0.102381
1   0.987601  -0.153398  0.0333789 -0.0856701  -0.704794   -0.70422   0.131551   0.692629  -0.709196  -0.142798  -0.727454    1.04077 0.00209949 0.911704 0.156598 0.969927 0.101328
1   0.987815  -0.151961  0.0336182 -0.0845903  -0.705533  -0.703611    0.13064   0.692193   -0.70979  -0.141811  -0.726712    1.04141 0.00211044 0.913758 0.262479 1.75044 0.102678
1  0.981566 -0.186806 0.0403856 -0.103758 -0.698305 -0.708241  0.160505  0.690995 -0.704815 -0.178735 -0.727091   1.03588 0.00212818 0.909651 0.0748228 1.80984 0.0595707
1  0.981547 -0.186905 0.0403972 -0.103794 -0.698184 -0.708355    0.1606  0.691091   -0.7047 -0.178849 -0.727243   1.03576 0.00213063 0.909651 0.0885567 1.072 0.0595532
1   0.987907  -0.151212  0.0342852 -0.0836921   -0.70619  -0.703058   0.130523   0.691686  -0.710305  -0.141869  -0.725914    1.04198 0.0020925 0.913758 0.140875 0.970211 0.102859
1   0.987815  -0.151961  0.0336182 -0.0845903  -0.705533  -0.703611    0.13064   0.692193   -0.70979  -0.141811  -0.726712    1.04141 0.00211044 0.913758 0.134636 1.03663 0.102678
1  0.987318 -0.155244 0.0331987 -0.086922 -0.703618 -0.705242  0.132844  0.693412 -0.708189 -0.144231  -0.72875   1.03968 0.00209976 0.909651 0.194443 1.73543 0.0996222
1  0.987942 -0.151306 0.0328086 -0.084909 -0.706711 -0.702388  0.129462  0.691133 -0.711037 -0.140059 -0.725141   1.04276 0.00206001 0.909651 0.200727 1.27574 0.103995
1   0.991275  -0.129253   0.025833 -0.0731942  -0.702777  -0.707635   0.109619    0.69957  -0.706106  -0.115124  -0.736688    1.03735 0.0021766 0.899384 0.0953843 0.92557 0.138911
1   0.991157  -0.130211  0.0255381 -0.0737471  -0.700565  -0.709768   0.110311   0.701608  -0.703973  -0.115934  -0.739775    1.03501 0.00208307 0.89117 0.192272 1.05557 0.138879
1   0.987815  -0.151961  0.0336182 -0.0845904  -0.705533  -0.703611    0.13064   0.692193   -0.70979  -0.141811  -0.726712    1.04141 0.00211045 0.913758 0.0790447 0.851451 0.102678
1    0.99102   -0.13215  0.0203853 -0.0781626   -0.69623  -0.713551   0.108489    0.70555  -0.700307   -0.11247  -0.745777    1.03098 0.00221242 0.89117 0.13674 1.15389 0.143275
1   0.991144  -0.129861  0.0277515 -0.0719136  -0.700583  -0.709938   0.111635   0.701655  -0.703718  -0.118389  -0.739808    1.03475 0.00216695 0.899384 0.13334 0.934451 0.13721
1   0.986375   -0.16121  0.0328055 -0.0905577  -0.698531  -0.709827   0.137347   0.697184  -0.703612  -0.149544  -0.734854    1.03463 0.00202795 0.895277 0.156493 0.913029 0.0951161
1  0.981566 -0.186806 0.0403857 -0.103758 -0.698305 -0.708241  0.160505  0.690995 -0.704815 -0.178735 -0.727091   1.03588 0.00212817 0.909651 0.0924802 1.34492 0.0595706
1  0.987942 -0.151306 0.0328086 -0.084909 -0.706712 -0.702388  0.129462  0.691133 -0.711037 -0.140059 -0.725141   1.04276 0.00206 0.909651 0.219544 0.883234 0.103995
1    0.98722   -0.15588  0.0331477 -0.0875057  -0.704051  -0.704738   0.133192    0.69283  -0.708693  -0.144529  -0.727946    1.04022 0.00210823 0.909651 0.215296 1.54319 0.09879
1  0.981547 -0.186905 0.0403972 -0.103794 -0.698184 -0.708355    0.1606   0.69109   -0.7047 -0.178849 -0.727243   1.03576 0.00213062 0.909651 0.173547 0.961638 0.0595532
1  0.975171 -0.215583 0.0506595 -0.117857  -0.69889 -0.705452  0.187489  0.681965 -0.706945 -0.212735 -0.715778   1.03807 0.00226843 0.903491 0.120458 1.0019 0.0358713
1   0.986116   -0.16324  0.0304512 -0.0940513   -0.70018  -0.707744   0.136853   0.695054  -0.705812   -0.14793   -0.73166    1.03706 0.00209904 0.903491 0.165083 1.2928 0.0938121
1  0.988214 -0.149027 0.0349789 -0.081503  -0.70566 -0.703848  0.129575  0.692701 -0.709489 -0.141059 -0.727304   1.04109 0.00209649 0.913758 0.230561 0.884382 0.105089
1  0.981547 -0.186905 0.0403972 -0.103794 -0.698184 -0.708355    0.1606  0.691091   -0.7047 -0.178849 -0.727243   1.03576 0.00213062 0.909651 0.261263 1.0839 0.0595532
1   0.986338  -0.161551   0.032223 -0.0921682  -0.703321  -0.704872   0.136536   0.692273  -0.708602  -0.147874  -0.727437     1.0401 0.00211404 0.907598 0.0851606 0.993776 0.0930717
1   0.991135  -0.130363   0.025621 -0.0739892  -0.701785  -0.708536   0.110347   0.700359   -0.70521  -0.115913  -0.737885    1.03638 0.00214931 0.897331 0.148376 0.900663 0.138102
1  0.981566 -0.186806 0.0403857 -0.103758 -0.698305 -0.708241  0.160505  0.690995 -0.704815 -0.178735 -0.727091   1.03588 0.00212822 0.909651 0.150975 1.08959 0.0595707
1    0.99116  -0.130344  0.0247373 -0.0743532  -0.700162  -0.710102   0.109878   0.701986  -0.703664   -0.11516  -0.740305    1.03468 0.00208824 0.89117 0.0807923 0.855406 0.139624
1  0.980414 -0.192626 0.0410232 -0.107843 -0.699373 -0.706574  0.164795  0.688311 -0.706449 -0.183656 -0.723389   1.03766 0.002142 0.911704 0.154883 1.06467 0.0522863
1  0.981547 -0.186905 0.0403972 -0.103794 -0.698184 -0.708355    0.1606  0.691091   -0.7047 -0.178849 -0.727243   1.03576 0.00213066 0.909651 0.167891 1.54174 0.0595533
1   0.991144  -0.129871  0.0277066 -0.0719438  -0.700524  -0.709993   0.111617   0.701712  -0.703664  -0.118332  -0.739892    1.03469 0.00216995 0.899384 0.135536 0.964505 0.137279
1   0.990329  -0.137107  0.0212252 -0.0815737  -0.699166   -0.71029   0.112226   0.701689  -0.703589  -0.116687  -0.740094    1.03461 0.0021406 0.895277 0.204781 1.09629 0.134911
1    0.99034  -0.136626  0.0236723 -0.0797333  -0.700777  -0.708911   0.113445   0.700175  -0.704901  -0.118783  -0.737801    1.03608 0.00210735 0.897331 0.135052 0.87995 0.13251
1  0.981642 -0.186426 0.0403015  -0.10317 -0.696712 -0.709893  0.160421  0.692703 -0.703155 -0.178725 -0.729626   1.03405 0.00216401 0.909651 0.242019 0.946912 0.0613938
1   0.987758   -0.15233  0.0336027 -0.0848368  -0.705355  -0.703759   0.130905   0.692293  -0.709644  -0.142122  -0.726886    1.04126 0.00211419 0.913758 0.159053 0.826345 0.102281
1   0.987907  -0.151212  0.0342852 -0.0836921   -0.70619  -0.703058   0.130523   0.691686  -0.710305  -0.141869  -0.725914    1.04198 0.00209251 0.913758 0.204268 0.910867 0.102859
1  0.981547 -0.186905 0.0403972 -0.103794 -0.698184 -0.708355    0.1606  0.691091   -0.7047 -0.178849 -0.727243   1.03576 0.00213063 0.909651 0.151765 1.01986 0.0595533
1  0.988214 -0.149027  0.034979 -0.081503  -0.70566 -0.703848  0.129576  0.692701 -0.709489 -0.141059 -0.727304   1.04109 0.00209648 0.913758 0.146022 0.850717 0.105089
1   0.991008  -0.131553   0.024428 -0.0755268  -0.700694  -0.709453   0.110447   0.701229  -0.704329  -0.115652  -0.739188    1.03542 0.0021271 0.895277 0.172067 0.998183 0.138163
1  0.980414 -0.192626 0.0410232 -0.107843 -0.699373 -0.706574  0.164795  0.688311 -0.706449 -0.183656 -0.723389   1.03766 0.00214197 0.911704 0.127761 0.888774 0.0522863
1  0.981547 -0.186905 0.0403972 -0.103794 -0.698184 -0.708355    0.1606  0.691091   -0.7047 -0.178849 -0.727243   1.03576 0.00213063 0.909651 0.0843687 0.856503 0.0595532
1   0.987821  -0.151911  0.0336472 -0.0845412  -0.705577  -0.703572   0.130621   0.692159  -0.709827  -0.141796  -0.726657    1.04145 0.00210904 0.913758 0.0181012 0.838079 0.102703
1   0.986338  -0.161551   0.032223 -0.0921682  -0.703321  -0.704872   0.136536   0.692273  -0.708602  -0.147874  -0.727437     1.0401 0.00211404 0.907598 0.091707 0.881928 0.0930717
1  0.980396 -0.192772 0.0407711  -0.10817 -0.699528 -0.706371  0.164689  0.688113 -0.706667 -0.183403 -0.723118   1.03789 0.00215097 0.911704 0.208429 0.929767 0.0522088
1   0.988052  -0.150155  0.0347516 -0.0824983  -0.705715  -0.703677   0.130185   0.692402   -0.70967  -0.141672  -0.726885    1.04129 0.00208544 0.913758 0.121624 1.03594 0.103866
1   0.98644 -0.160765 0.0330187 -0.090201  -0.69914 -0.709272  0.137111  0.696676 -0.704161 -0.149307 -0.734073   1.03524 0.00205299 0.897331 0.0982335 0.847452 0.0951207
1   0.986627  -0.159975  0.0312158 -0.0905019  -0.696969  -0.711368   0.135557    0.69903  -0.702126  -0.147003  -0.737503    1.03299 0.00204535 0.895277 0.180349 1.56048 0.0989659
1  0.981547 -0.186905 0.0403972 -0.103794 -0.698184 -0.708355    0.1606   0.69109   -0.7047 -0.178849 -0.727243   1.03576 0.00213063 0.909651 0.131301 1.03031 0.0595531
1   0.991331  -0.130057  0.0186516 -0.0768126  -0.688858  -0.720815   0.106596   0.713134  -0.692876  -0.110207   -0.75692    1.02277 0.00201416 0.87269 0.247776 0.964534 0.152334
1   0.99087 -0.133095 0.0214974 -0.077564 -0.693192 -0.716567  0.110273  0.708358 -0.697186 -0.115098 -0.749901   1.02752 0.00209507 0.88501 0.178734 0.930394 0.142929
1  0.981566 -0.186806 0.0403857 -0.103758 -0.698305 -0.708241  0.160505  0.690995 -0.704815 -0.178735 -0.727091   1.03588 0.00212816 0.909651 0.169058 1.07874 0.0595705
1   0.990329  -0.137107  0.0212252 -0.0815737  -0.699166   -0.71029   0.112226   0.701689  -0.703589  -0.116687  -0.740094    1.03461 0.00214062 0.895277 0.23337 1.28296 0.134911
1   0.986752   -0.15968  0.0286926 -0.0920727  -0.696789  -0.711342    0.13358   0.699277   -0.70226  -0.143962   -0.73768     1.0331 0.00205676 0.897331 0.210287 0.910512 0.101502
1   0.991163  -0.130327  0.0247153 -0.0743376  -0.700039  -0.710224   0.109863   0.702111  -0.703541  -0.115142  -0.740488    1.03454 0.00208963 0.89117 -0.0106242 1.13781 0.139722
1   0.990255  -0.137658  0.0211096 -0.0820138  -0.698923  -0.710479   0.112557   0.701824  -0.703401  -0.117103  -0.740331     1.0344 0.00213382 0.895277 0.184196 1.1697 0.134411
1   0.987241  -0.155723  0.0332521 -0.0873784  -0.704375   -0.70443   0.133118   0.692536  -0.708994  -0.144487  -0.727515    1.04055 0.00210328 0.909651 0.111987 0.765646 0.0987774
1   0.987907  -0.151212  0.0342853 -0.0836921   -0.70619  -0.703058   0.130523   0.691686  -0.710305  -0.141869  -0.725913    1.04198 0.00209251 0.913758 0.157918 1.00925 0.102859
1  0.988214 -0.149027 0.0349789 -0.081503  -0.70566 -0.703848  0.129575  0.692701 -0.709489 -0.141059 -0.727304   1.04109 0.0020965 0.913758 0.112961 1.05581 0.105089
1   0.987389  -0.154796    0.03319 -0.0866049  -0.703636  -0.705263   0.132526   0.693494  -0.708169  -0.143859  -0.728832    1.03966 0.00209584 0.909651 0.104088 1.18096 0.100174
1   0.991276  -0.129247  0.0258345 -0.0731893  -0.702777  -0.707635   0.109616   0.699571  -0.706106  -0.115128  -0.736688    1.03735 0.00217546 0.899384 0.141205 1.03532 0.138912
1   0.990309  -0.136664  0.0247096 -0.0792001  -0.701895  -0.707863   0.114083   0.699046  -0.705917  -0.119852  -0.736156    1.03719 0.00212271 0.899384 0.106906 0.847181 0.131022
1  0.981566 -0.186806 0.0403857 -0.103758 -0.698305 -0.708241  0.160505  0.690995 -0.704815 -0.178735 -0.727091   1.03588 0.00212818 0.909651 0.0861355 0.964374 0.0595706
1   0.987815  -0.151961  0.0336182 -0.0845903  -0.705533  -0.703611    0.13064   0.692193   -0.70979  -0.141811  -0.726712    1.04141 0.00211043 0.913758 0.168825 1.48646 0.102678
1   0.987533  -0.153886   0.033138 -0.0861073  -0.704317  -0.704644   0.131774   0.693006  -0.708786  -0.142968   -0.72804    1.04032 0.00208125 0.909651 0.13039 0.919246 0.101101
1   0.990916  -0.131263  0.0292487 -0.0714789    -0.6983  -0.712228   0.113914   0.703667  -0.701339  -0.121698  -0.742977     1.0321 0.00214272 0.893224 0.12586 0.934856 0.13533
1  0.991168 -0.130072 0.0258402 -0.073489 -0.700931 -0.709433   0.11039  0.701268 -0.704299 -0.116138 -0.739267   1.03536 0.00207514 0.89117 0.220012 1.0055 0.138602
1  0.981499 -0.187173 0.0403192 -0.103869 -0.697417 -0.709099  0.160843  0.691792 -0.703955 -0.179146 -0.728308   1.03494 0.00214821 0.909651 0.0843629 0.95383 0.0599515
0   0.995355 -0.0941698  0.0200085 -0.0529334  -0.708925  -0.703294  0.0804136   0.698968  -0.710617 -0.0796085  -0.734334    1.04218 0.00226469 0.895277 0.0714569 0.979023 0.18659
1   0.987852  -0.151567  0.0342894 -0.0839729  -0.706317  -0.702897   0.130756   0.691479  -0.710464  -0.142143  -0.725629    1.04216 0.00209156 0.913758 0.218466 0.955195 0.10238
1  0.981566 -0.186806 0.0403857 -0.103758 -0.698305 -0.708241  0.160505  0.690995 -0.704815 -0.178735 -0.727091   1.03588 0.00212818 0.909651 0.0581961 0.97839 0.0595706
1   0.991144  -0.129861  0.0277515 -0.0719135  -0.700583  -0.709938   0.111635   0.701655  -0.703717  -0.118389  -0.739808    1.03475 0.00216695 0.899384 0.194548 1.28095 0.13721
1  0.981547 -0.186905 0.0403972 -0.103794 -0.698184 -0.708355    0.1606  0.691091   -0.7047 -0.178849 -0.727243   1.03576 0.00213064 0.909651 0.149913 1.16923 0.0595533
1   0.988991  -0.144405  0.0323132 -0.0804957  -0.708239  -0.701369   0.124167   0.691046  -0.712066  -0.133824  -0.724668     1.0439 0.00213537 0.913758 0.108852 1.88263 0.112633
1  0.991157 -0.130211 0.0255381 -0.073747 -0.700565 -0.709768   0.11031  0.701608 -0.703973 -0.115934 -0.739775   1.03501 0.00208306 0.89117 0.00212171 0.882502 0.138879
1   0.98183 -0.185441  0.040259 -0.102312 -0.695994 -0.710722  0.159817  0.693689  -0.70232 -0.178105 -0.731053   1.03313 0.0021802 0.909651 0.15089 0.826524 0.063159
1  0.981547 -0.186905 0.0403972 -0.103794 -0.698184 -0.708355    0.1606  0.691091   -0.7047 -0.178849 -0.727243   1.03576 0.00213063 0.909651 0.224969 1.06555 0.0595533
1   0.987835  -0.151923  0.0331775 -0.0851565  -0.707022  -0.702046   0.130114   0.690681  -0.711358  -0.140885  -0.724506    1.04311 0.00205655 0.909651 0.140905 1.06152 0.102875
1  0.981547 -0.186905 0.0403972 -0.103794 -0.698184 -0.708355    0.1606  0.691091   -0.7047 -0.178849 -0.727243   1.03576 0.00213065 0.909651 0.252902 1.34772 0.0595532
1  0.990853 -0.132282 0.0266937 -0.075131  -0.70506 -0.705157    0.1121  0.696701 -0.708549 -0.118186 -0.732534   1.04005 0.0021637 0.903491 0.0934969 0.918712 0.133554
1   0.987815  -0.151961  0.0336182 -0.0845903  -0.705533  -0.703611    0.13064   0.692193   -0.70979  -0.141811  -0.726712    1.04141 0.00211045 0.913758 0.189803 0.992179 0.102678
1   0.988214  -0.149027  0.0349789 -0.0815031   -0.70566  -0.703848   0.129575   0.692701  -0.709489  -0.141059  -0.727304    1.04109 0.00209649 0.913758 0.152623 0.787423 0.105089
1  0.981547 -0.186905 0.0403972 -0.103794 -0.698184 -0.708355    0.1606  0.691091   -0.7047 -0.178849 -0.727243   1.03576 0.00213064 0.909651 0.163885 1.11625 0.0595533
1   0.987389  -0.154796    0.03319 -0.0866049  -0.703636  -0.705263   0.132526   0.693494  -0.708169  -0.143859  -0.728831    1.03966 0.00209583 0.909651 0.107275 1.24682 0.100174
1  0.981926 -0.184908 0.0403855 -0.101677  -0.69533 -0.711462  0.159636  0.694497 -0.701563 -0.178002 -0.732261   1.03229 0.00214211 0.905544 -0.0130473 0.914491 0.0643362
1  0.981566 -0.186806 0.0403857 -0.103758 -0.698305 -0.708241  0.160505  0.690995 -0.704815 -0.178735 -0.727091   1.03588 0.00212818 0.909651 0.131746 0.983633 0.0595706
1   0.987821  -0.151911  0.0336472 -0.0845412  -0.705577  -0.703572   0.130621   0.692159  -0.709827  -0.141796  -0.726657    1.04145 0.00210904 0.913758 0.016135 0.993775 0.102703
1   0.987839  -0.151878  0.0332735 -0.0850204  -0.706834  -0.702252   0.130176   0.690883  -0.711151  -0.140991  -0.724795    1.04289 0.00205579 0.909651 0.0564043 1.06525 0.102879
1   0.987835  -0.151923  0.0331776 -0.0851565  -0.707022  -0.702046   0.130114   0.690681  -0.711358  -0.140885  -0.724506    1.04311 0.00205656 0.909651 0.105611 0.877629 0.102875
1   0.986675  -0.159529  0.0319928 -0.0906062  -0.702048  -0.706342   0.135142   0.694031  -0.707147   -0.14642   -0.72996    1.03852 0.002128 0.907598 0.126775 0.998055 0.0961119
1   0.987907  -0.151212  0.0342852 -0.0836921   -0.70619  -0.703058   0.130523   0.691686  -0.710305  -0.141869  -0.725914    1.04198 0.00209251 0.913758 0.076675 0.829465 0.102859
1   0.987815  -0.151961  0.0336182 -0.0845903  -0.705533  -0.703611    0.13064   0.692193   -0.70979  -0.141811  -0.726712    1.04141 0.00211042 0.913758 0.182685 0.998277 0.102678
1   0.98127 -0.188894 0.0377957 -0.106528 -0.695564 -0.710522  0.160503  0.693188 -0.702659 -0.178109 -0.730506   1.03351 0.00217518 0.907598 0.155455 0.916444 0.0613023
1   0.988167  -0.149357  0.0349012 -0.0818581  -0.705976   -0.70349    0.12971   0.692309  -0.709848  -0.141181  -0.726729    1.04149 0.00208726 0.913758 0.199989 1.5902 0.104654
1  0.988214 -0.149027  0.034979 -0.081503  -0.70566 -0.703848  0.129575  0.692701 -0.709489 -0.141059 -0.727304   1.04109 0.00209649 0.913758 0.189573 0.979919 0.105089
