1  0.981566 -0.186806 0.0403857 -0.103758 -0.698305 -0.708241  0.160505  0.690995 -0.704815 -0.178735 -0.727091   1.03588 0.0021282 0.909651 0.265878 0.126979 0.0595706
1  0.969291 -0.238149  0.061312 -0.128642 -0.703528 -0.698927  0.209584  0.669577  -0.71256 -0.241173 -0.698916   1.04406 0.00250321 0.909651 0.0581533 0.0787275 0.0546985
1   0.991163  -0.130327  0.0247153 -0.0743376  -0.700039  -0.710224   0.109863   0.702111  -0.703541  -0.115142  -0.740488    1.03454 0.00208958 0.89117 -0.0159722 0.119635 0.139721
1  0.980414 -0.192626 0.0410232 -0.107843 -0.699373 -0.706574  0.164795  0.688311 -0.706449 -0.183656 -0.723389   1.03766 0.00214199 0.911704 0.106569 0.0480865 0.0522864
1  0.981547 -0.186905 0.0403972 -0.103794 -0.698184 -0.708355    0.1606   0.69109   -0.7047 -0.178849 -0.727243   1.03576 0.00213066 0.909651 0.15303 0.0745451 0.0595532
1   0.991144  -0.129871  0.0277066 -0.0719438  -0.700524  -0.709993   0.111617   0.701712  -0.703664  -0.118332  -0.739892    1.03469 0.00216996 0.899384 0.14631 0.0878124 0.137279
1   0.990826    -0.1326  0.0260952 -0.0751825  -0.701293  -0.708897     0.1123   0.700432  -0.704829  -0.118398  -0.738127    1.03595 0.00207863 0.893224 0.164979 0.0872141 0.135041
1   0.991275  -0.129253   0.025833 -0.0731943  -0.702777  -0.707635   0.109619    0.69957  -0.706106  -0.115124  -0.736688    1.03735 0.00217659 0.899384 0.239362 0.250729 0.138911
1  0.981558 -0.186849 0.0403858  -0.10367 -0.697793 -0.708758  0.160611    0.6915 -0.704295 -0.178884 -0.727847   1.03531 0.00213858 0.909651 0.0703032 0.208297 0.0599419
1   0.991163  -0.130327  0.0247153 -0.0743376   -0.70004  -0.710224   0.109863   0.702111  -0.703541  -0.115142  -0.740488    1.03454 0.0020896 0.89117 0.106109 0.144092 0.139721
1   0.985542  -0.166854  0.0294343 -0.0949275  -0.687678  -0.719784    0.14034   0.706583  -0.693574  -0.152525   -0.74927    1.02359 0.00194522 0.87885 0.201344 0.0681367 0.100409
1   0.991163  -0.130327  0.0247153 -0.0743376  -0.700039  -0.710224   0.109863   0.702111  -0.703541  -0.115142  -0.740488    1.03454 0.0020896 0.89117 0.143182 0.138358 0.139721
1   0.990795  -0.132815  0.0261638 -0.0752958  -0.701341  -0.708838   0.112494   0.700344  -0.704886  -0.118624  -0.738001    1.03601 0.00207642 0.893224 0.203396 0.178713 0.1347
1   0.990673  -0.134132   0.023986 -0.0778786  -0.701819  -0.708086   0.111811   0.699614  -0.705719   -0.11695   -0.73683    1.03697 0.00213294 0.899384 0.172434 0.0751091 0.134912
1   0.991163  -0.130327  0.0247153 -0.0743376   -0.70004  -0.710224   0.109863   0.702111  -0.703541  -0.115142  -0.740488    1.03454 0.00208962 0.89117 0.131535 0.10879 0.139721
1   0.991211  -0.129801   0.025531 -0.0734741   -0.70067  -0.709692   0.110007   0.701579  -0.704049  -0.115566  -0.739693    1.03509 0.0020795 0.89117 0.197027 0.249264 0.139356
1   0.990916  -0.131263  0.0292487 -0.0714788    -0.6983  -0.712228   0.113914   0.703667  -0.701339  -0.121698  -0.742977     1.0321 0.00214272 0.893224 0.169142 0.0515404 0.13533
0   0.997528 -0.0695579 0.00993963 -0.0419745  -0.703355  -0.709598  0.0563492   0.707427  -0.704536 -0.0486418  -0.745938    1.03544 0.00238864 0.876797 0.0537614 0.203172 0.228577
1   0.991163  -0.130327  0.0247153 -0.0743376  -0.700039  -0.710224   0.109863   0.702111  -0.703541  -0.115142  -0.740488    1.03454 0.00208961 0.89117 0.0881369 0.150553 0.139721
1   0.991313  -0.130217  0.0184688 -0.0773291  -0.690669  -0.719025   0.106385   0.711351  -0.694739  -0.109741   -0.75435    1.02483 0.00202267 0.87269 0.21078 0.0770463 0.150999
1   0.991409  -0.128997  0.0216268 -0.0748739  -0.695288  -0.714821   0.107246    0.70706  -0.698973  -0.111416  -0.747907    1.02951 0.00217495 0.887064 0.130137 0.0382487 0.146691
1  0.981566 -0.186806 0.0403856 -0.103758 -0.698304 -0.708241  0.160505  0.690995 -0.704815 -0.178735 -0.727091   1.03588 0.00212818 0.909651 0.114803 0.0971323 0.0595707
1  0.981547 -0.186905 0.0403972 -0.103794 -0.698184 -0.708355    0.1606   0.69109   -0.7047 -0.178849 -0.727243   1.03576 0.00213065 0.909651 0.0914249 0.0760996 0.0595532
1   0.991163  -0.130327  0.0247153 -0.0743376  -0.700039  -0.710224   0.109863   0.702111  -0.703541  -0.115142  -0.740488    1.03454 0.00208962 0.89117 0.119761 0.264993 0.139721
1  0.975093 -0.217098 0.0454149 -0.120501  -0.69044 -0.713283  0.186209  0.690044 -0.699403 -0.210391  -0.72778    1.0298 0.00223019 0.895277 0.229637 0.290832 0.0446612
1  0.981566 -0.186806 0.0403856 -0.103758 -0.698305 -0.708241  0.160505  0.690995 -0.704815 -0.178735 -0.727091   1.03588 0.00212819 0.909651 0.193711 0.129602 0.0595707
1   0.991163  -0.130327  0.0247153 -0.0743376  -0.700039  -0.710224   0.109863   0.702111  -0.703541  -0.115142  -0.740488    1.03454 0.00208961 0.89117 0.222225 0.274822 0.139722
1  0.981566 -0.186806 0.0403856 -0.103758 -0.698304 -0.708241  0.160505  0.690995 -0.704815 -0.178735 -0.727091   1.03588 0.00212817 0.909651 0.174499 0.139762 0.0595706
1  0.969836 -0.236347 0.0596587 -0.128295 -0.703019 -0.699503  0.207267  0.670749 -0.712135 -0.237974 -0.700437   1.04368 0.00251692 0.913758 0.0241109 0.0738155 0.0512818
0   0.994132  -0.107235  0.0142151 -0.0648438  -0.695945  -0.715161  0.0865829   0.710043  -0.698815 -0.0853215  -0.751194    1.02927 0.00220914 0.880903 0.12129 0.252938 0.18016
0   0.997528 -0.0695579 0.00993959 -0.0419745  -0.703355  -0.709598  0.0563492   0.707427  -0.704537 -0.0486418  -0.745938    1.03544 0.00238865 0.876797 0.123333 0.116613 0.228577
1  0.971237 -0.231518 0.0556606 -0.127312  -0.70244 -0.700264  0.201222  0.673036 -0.711711 -0.229795 -0.703491   1.04325 0.00245215 0.911704 0.149784 0.088791 0.0436016
1   0.990499  -0.134741  0.0275118 -0.0761868  -0.704195  -0.705907   0.114488   0.697104   -0.70777  -0.121234  -0.733223     1.0392 0.00219387 0.905544 0.0506172 0.110471 0.129987
1  0.981612 -0.186795 0.0393093 -0.104107 -0.696495 -0.709969  0.159997  0.692822 -0.703135 -0.177937 -0.729778   1.03403 0.0021591 0.909651 0.178805 0.158261 0.0617608
0   0.997117 -0.0752398 0.00980763 -0.0459722    -0.7019  -0.710791  0.0603637   0.708291  -0.703335  -0.053419  -0.747332    1.03412 0.00245085 0.87885 0.0288954 0.0445116 0.22193
1   0.991163  -0.130327  0.0247152 -0.0743376  -0.700039  -0.710224   0.109863   0.702111  -0.703541  -0.115142  -0.740488    1.03454 0.0020896 0.89117 0.148025 0.218943 0.139721
1   0.987389  -0.154796  0.0331901 -0.0866049  -0.703636  -0.705263   0.132526   0.693494  -0.708169  -0.143859  -0.728831    1.03966 0.00209585 0.909651 0.163889 0.137984 0.100174
1  0.982218 -0.183623   0.03912 -0.102361 -0.698438 -0.708312  0.157386  0.691713 -0.704814 -0.174665  -0.72796   1.03587 0.00214269 0.909651 0.0568201 0.0829822 0.0638502
1  0.981476 -0.187315 0.0402369 -0.104081 -0.697624 -0.708864  0.160851  0.691545 -0.704197 -0.179121 -0.727948   1.03521 0.00214263 0.909651 0.154635 0.0634872 0.0596634
1   0.991237  -0.130652  0.0194845 -0.0772361  -0.692891  -0.716894   0.107164   0.709107   -0.69691  -0.110862   -0.75103    1.02724 0.00208099 0.87885 0.233049 0.164911 0.147994
1   0.990869  -0.131942  0.0277422 -0.0739847  -0.704108  -0.706228   0.112715   0.697727  -0.707441  -0.119349  -0.734047    1.03884 0.00220129 0.905544 0.0962057 0.117628 0.133267
1  0.981566 -0.186806 0.0403856 -0.103758 -0.698305 -0.708241  0.160505  0.690995 -0.704815 -0.178735 -0.727091   1.03588 0.00212821 0.909651 0.168846 0.119618 0.0595707
1  0.991129 -0.130591 0.0246747 -0.074552 -0.700012 -0.710229  0.110022  0.702089 -0.703538 -0.115307 -0.740459   1.03454 0.00208622 0.89117 0.168893 0.0996601 0.139441
0   0.994397  -0.104566  0.0155046 -0.0625168       -0.7  -0.711401  0.0852419   0.706446  -0.702615 -0.0840021  -0.745778    1.03343 0.00226099 0.887064 0.160054 0.170429 0.180442
1   0.991275  -0.129253   0.025833 -0.0731943  -0.702777  -0.707635   0.109619    0.69957  -0.706106  -0.115124  -0.736688    1.03735 0.00217659 0.899384 0.243827 0.184945 0.138911
1   0.990515   -0.13575  0.0212402 -0.0798879  -0.694753  -0.714798    0.11179   0.706322  -0.699008  -0.116571  -0.746902    1.02954 0.00216968 0.893224 0.235182 0.298743 0.138884
1  0.991129 -0.130591 0.0246747 -0.074552 -0.700012 -0.710229  0.110022  0.702089 -0.703538 -0.115307 -0.740459   1.03454 0.00208621 0.89117 0.176489 0.203376 0.139441
1  0.986206 -0.162109  0.033454 -0.091212 -0.700885 -0.707419  0.138126  0.694609 -0.706003 -0.150431 -0.731038   1.03726 0.0021136 0.903491 0.13249 0.115654 0.0922226
1  0.981476 -0.187314 0.0402369 -0.104081 -0.697624 -0.708864  0.160851  0.691545 -0.704197 -0.179121 -0.727948   1.03521 0.0021426 0.909651 0.249519 0.0777946 0.0596633
1   0.991163  -0.130327  0.0247153 -0.0743376   -0.70004  -0.710224   0.109863   0.702111  -0.703541  -0.115142  -0.740488    1.03454 0.0020896 0.89117 0.0334036 0.225781 0.139721
1  0.981476 -0.187315 0.0402369 -0.104081 -0.697624 -0.708864  0.160851  0.691545 -0.704197 -0.179121 -0.727948   1.03521 0.00214261 0.909651 0.147748 0.0801249 0.0596634
1  0.981566 -0.186806 0.0403856 -0.103758 -0.698305 -0.708241  0.160505  0.690995 -0.704815 -0.178735 -0.727091   1.03588 0.00212819 0.909651 0.190696 0.107135 0.0595707
1  0.975069  -0.21716 0.0456267  -0.12144 -0.694316  -0.70935  0.185722  0.686124 -0.703378 -0.209437 -0.721995    1.0342 0.0021689 0.895277 0.398454 0.13262 0.0390996
1  0.981566 -0.186806 0.0403857 -0.103758 -0.698305 -0.708241  0.160506  0.690995 -0.704815 -0.178735 -0.727091   1.03588 0.00212818 0.909651 0.166099 0.310701 0.0595705
1  0.981566 -0.186806 0.0403856 -0.103758 -0.698305 -0.708241  0.160505  0.690995 -0.704815 -0.178735 -0.727091   1.03588 0.00212819 0.909651 0.152734 0.119047 0.0595707
1   0.986374   -0.16132  0.0322674 -0.0919801  -0.703383  -0.704835   0.136401   0.692263  -0.708637  -0.147731  -0.727406    1.04014 0.00211213 0.907598 0.13965 0.0553125 0.0932902
1   0.991409  -0.128997  0.0216268 -0.0748739  -0.695288  -0.714821   0.107246   0.707061  -0.698973  -0.111416  -0.747907    1.02951 0.00217494 0.887064 0.153446 0.0680714 0.146691
1  0.981566 -0.186806 0.0403857 -0.103758 -0.698305 -0.708241  0.160505  0.690995 -0.704815 -0.178735 -0.727091   1.03588 0.00212819 0.909651 0.201425 0.315868 0.0595705
1  0.981566 -0.186806 0.0403856 -0.103758 -0.698305 -0.708241  0.160505  0.690995 -0.704815 -0.178735 -0.727091   1.03588 0.00212817 0.909651 0.133383 0.12346 0.0595705
1  0.981547 -0.186905 0.0403972 -0.103794 -0.698184 -0.708355    0.1606  0.691091   -0.7047 -0.178849 -0.727243   1.03576 0.00213063 0.909651 0.122743 0.206451 0.0595533
1  0.981547 -0.186905 0.0403972 -0.103794 -0.698184 -0.708355    0.1606   0.69109   -0.7047 -0.178849 -0.727243   1.03576 0.00213062 0.909651 0.0843718 0.0931784 0.0595532
0   0.994306  -0.104909  0.0186808 -0.0606189  -0.701056  -0.710525  0.0876367   0.705347  -0.703424 -0.0877631  -0.744155    1.03433 0.00226347 0.89117 -0.0537966 0.0774792 0.176601
1   0.986472  -0.160788  0.0319529 -0.0916266  -0.702419  -0.705841   0.135935   0.693364  -0.707649  -0.147236  -0.729025    1.03906 0.00212356 0.907598 0.0876173 0.0910568 0.0945014
1   0.991163  -0.130327  0.0247153 -0.0743375   -0.70004  -0.710224   0.109863   0.702111  -0.703541  -0.115142  -0.740488    1.03454 0.00208962 0.89117 0.231006 0.132707 0.139722
0   0.994306  -0.104909  0.0186808  -0.060619  -0.701056  -0.710525  0.0876367   0.705347  -0.703424 -0.0877631  -0.744155    1.03433 0.00226347 0.89117 0.119424 0.205581 0.176601
1   0.990271  -0.136906  0.0249042 -0.0793222  -0.702421  -0.707328   0.114331   0.698471  -0.706447   -0.12015  -0.735317    1.03777 0.00211703 0.899384 0.115156 0.200916 0.130362
1  0.981566 -0.186807 0.0403857 -0.103758 -0.698305 -0.708241  0.160505  0.690995 -0.704815 -0.178735 -0.727091   1.03588 0.00212818 0.909651 0.103626 0.189509 0.0595706
1   0.991216  -0.129732  0.0256994 -0.0733381  -0.700888  -0.709491   0.110056   0.701374  -0.704246  -0.115655  -0.739394     1.0353 0.0020799 0.89117 0.0864122 0.0867941 0.139206
1   0.990857  -0.132395  0.0259507 -0.0751181  -0.701169  -0.709027   0.112067   0.700596  -0.704703  -0.118115  -0.738363    1.03582 0.00208026 0.893224 0.166358 0.172639 0.135463
1  0.981547 -0.186905 0.0403972 -0.103794 -0.698184 -0.708355    0.1606  0.691091   -0.7047 -0.178849 -0.727243   1.03576 0.00213064 0.909651 0.131298 0.13536 0.0595533
0   0.997989  -0.063086 0.00610348 -0.0393369  -0.692026    -0.7208  0.0496962   0.719111  -0.693116 -0.0406059   -0.76336    1.02285 0.00250482 0.86653 0.0645277 0.13447 0.24481
1   0.991338  -0.129993  0.0187294 -0.0767414  -0.689065  -0.720625   0.106582   0.712945  -0.693073  -0.110202  -0.756633    1.02299 0.00201055 0.87269 0.211868 0.119661 0.152185
1  0.981547 -0.186905 0.0403972 -0.103794 -0.698184 -0.708355    0.1606  0.691091   -0.7047 -0.178849 -0.727243   1.03576 0.00213064 0.909651 0.168092 0.118561 0.0595532
1   0.991313  -0.130217  0.0184688 -0.0773292  -0.690669  -0.719025   0.106385   0.711351  -0.694739  -0.109741   -0.75435    1.02483 0.00202267 0.87269 0.275613 0.0643112 0.150999
1   0.991391  -0.129576  0.0188003 -0.0766101  -0.690503  -0.719261   0.106181   0.711629  -0.694485  -0.109717  -0.754667    1.02453 0.00199854 0.87269 0.232644 0.115698 0.15154
1   0.991163  -0.130327  0.0247153 -0.0743376  -0.700039  -0.710224   0.109863   0.702111  -0.703541  -0.115142  -0.740488    1.03454 0.0020896 0.89117 -0.0106124 0.132416 0.139721
0   0.994132  -0.107235   0.014215 -0.0648439  -0.695945  -0.715161  0.0865829   0.710043  -0.698815 -0.0853215  -0.751193    1.02927 0.00220913 0.880903 0.155402 0.0877324 0.18016
1  0.991129 -0.130591 0.0246747 -0.074552 -0.700012 -0.710229  0.110022  0.702089 -0.703538 -0.115307 -0.740459   1.03454 0.00208621 0.89117 0.119193 0.0931733 0.139441
1    0.99077  -0.132682  0.0277649 -0.0746355  -0.704924  -0.705345   0.113158   0.696762   -0.70832  -0.119775  -0.732645    1.03981 0.00219098 0.905544 0.11829 0.0745815 0.132104
1   0.991163  -0.130327  0.0247153 -0.0743375  -0.700039  -0.710224   0.109863   0.702111  -0.703541  -0.115142  -0.740488    1.03454 0.00208961 0.89117 0.115876 0.0984825 0.139721
1   0.991163  -0.130327  0.0247153 -0.0743376  -0.700039  -0.710224   0.109863   0.702111  -0.703541  -0.115142  -0.740488    1.03454 0.00208959 0.89117 0.0341588 0.228507 0.139721
1   0.986019  -0.163325  0.0330269 -0.0920314  -0.699014  -0.709161    0.13891   0.696207  -0.704272  -0.151272  -0.733488    1.03537 0.00204785 0.897331 0.124603 0.0716475 0.0921203
1   0.991163  -0.130327  0.0247153 -0.0743376   -0.70004  -0.710224   0.109863   0.702111  -0.703541  -0.115142  -0.740488    1.03454 0.00208962 0.89117 0.175094 0.149243 0.139721
1   0.991163  -0.130327  0.0247153 -0.0743376  -0.700039  -0.710224   0.109863   0.702111  -0.703541  -0.115142  -0.740488    1.03454 0.0020896 0.89117 0.120838 0.128646 0.139721
1  0.980414 -0.192626 0.0410232 -0.107843 -0.699373 -0.706574  0.164795  0.688311 -0.706449 -0.183656 -0.723389   1.03766 0.00214202 0.911704 0.0801956 0.0415807 0.0522864
1  0.990677 -0.133935 0.0249073  -0.07682 -0.700212  -0.70979  0.112506  0.701259 -0.703973 -0.118141 -0.739379   1.03502 0.0021285 0.895277 0.161709 0.0970573 0.135012
0   0.997512 -0.0697995 0.00985958 -0.0421958   -0.70327  -0.709669  0.0564685   0.707488  -0.704466 -0.0487458  -0.746024    1.03537 0.00238663 0.876797 0.00279217 0.0523018 0.228381
1   0.991163  -0.130327  0.0247153 -0.0743376  -0.700039  -0.710224   0.109863   0.702111  -0.703541  -0.115142  -0.740488    1.03454 0.00208961 0.89117 0.147529 0.148145 0.139721
1   0.991163  -0.130327  0.0247152 -0.0743376  -0.700039  -0.710224   0.109863   0.702111  -0.703541  -0.115142  -0.740488    1.03454 0.00208961 0.89117 0.214573 0.0803787 0.139722
1   0.988214  -0.149027  0.0349789 -0.0815031   -0.70566  -0.703848   0.129576   0.692701  -0.709489  -0.141059  -0.727304    1.04109 0.00209649 0.913758 0.106408 0.134487 0.105089
0   0.995355 -0.0941699  0.0200085 -0.0529334  -0.708925  -0.703294  0.0804137   0.698968  -0.710617 -0.0796086  -0.734334    1.04218 0.00226471 0.895277 0.07145 0.0479498 0.18659
1    0.98644  -0.160765  0.0330187 -0.0902011   -0.69914  -0.709272   0.137111   0.696676  -0.704161  -0.149307  -0.734073    1.03524 0.00205299 0.897331 0.232877 0.170438 0.0951207
1  0.981547 -0.186905 0.0403972 -0.103794 -0.698184 -0.708355    0.1606  0.691091   -0.7047 -0.178849 -0.727243   1.03576 0.00213063 0.909651 0.0571139 0.087724 0.0595533
1   0.991144  -0.129861  0.0277514 -0.0719136  -0.700583  -0.709938   0.111635   0.701655  -0.703718  -0.118389  -0.739808    1.03475 0.00216694 0.899384 0.194552 0.0917349 0.13721
1  0.981547 -0.186905 0.0403972 -0.103794 -0.698184 -0.708355    0.1606  0.691091   -0.7047 -0.178849 -0.727243   1.03576 0.00213063 0.909651 0.149917 0.0802273 0.0595533
0   0.993989   -0.10797  0.0181038 -0.0625928  -0.696153   -0.71516   0.089819   0.709728  -0.698726 -0.0902319  -0.750794    1.02917 0.0021849 0.880903 0.0881816 0.195268 0.175612
1  0.991129 -0.130591 0.0246747 -0.074552 -0.700012 -0.710229  0.110022  0.702089 -0.703538 -0.115307 -0.740459   1.03454 0.00208621 0.89117 0.00061195 0.0804702 0.139441
1   0.991163  -0.130327  0.0247153 -0.0743376   -0.70004  -0.710224   0.109863   0.702111  -0.703541  -0.115142  -0.740488    1.03454 0.00208959 0.89117 0.186178 0.0639232 0.139721
1  0.981566 -0.186806 0.0403856 -0.103758 -0.698305 -0.708241  0.160505  0.690995 -0.704815 -0.178735 -0.727091   1.03588 0.00212821 0.909651 0.225848 0.131442 0.0595707
1   0.985606  -0.166535  0.0291111 -0.0950307  -0.688159   -0.71931   0.139823   0.706189  -0.694079    -0.1517  -0.748679    1.02414 0.00201502 0.882957 0.158255 0.0573057 0.100557
1  0.980414 -0.192626 0.0410232 -0.107843 -0.699373 -0.706574  0.164795  0.688311 -0.706449 -0.183656 -0.723389   1.03766 0.00214199 0.911704 0.248927 0.0548355 0.0522863
1   0.991163  -0.130327  0.0247153 -0.0743375  -0.700039  -0.710224   0.109863   0.702111  -0.703541  -0.115142  -0.740488    1.03454 0.00208961 0.89117 0.124537 0.156295 0.139721
1   0.991163  -0.130327  0.0247153 -0.0743376  -0.700039  -0.710224   0.109863   0.702111  -0.703541  -0.115142  -0.740488    1.03454 0.00208961 0.89117 0.197806 0.132288 0.139722
1   0.991163  -0.130327  0.0247153 -0.0743376   -0.70004  -0.710224   0.109863   0.702111  -0.703542  -0.115142  -0.740488    1.03454 0.0020896 0.89117 0.155404 0.0959661 0.139721
1   0.990673  -0.134132   0.023986 -0.0778786  -0.701819  -0.708086   0.111811   0.699614  -0.705719   -0.11695   -0.73683    1.03697 0.00213295 0.899384 0.178067 0.287871 0.134912
1   0.991163  -0.130327  0.0247153 -0.0743376  -0.700039  -0.710224   0.109863   0.702111  -0.703541  -0.115142  -0.740488    1.03454 0.00208961 0.89117 0.154068 0.247708 0.139721
1  0.980414 -0.192626 0.0410232 -0.107843 -0.699373 -0.706574  0.164795  0.688311 -0.706449 -0.183656 -0.723389   1.03766 0.00214199 0.911704 0.159429 0.0545173 0.0522863
1   0.985606  -0.166535   0.029111 -0.0950307  -0.688159   -0.71931   0.139823   0.706189  -0.694079    -0.1517  -0.748679    1.02414 0.00201504 0.882957 0.141691 0.070177 0.100557
1  0.981612 -0.186794 0.0393093 -0.104107 -0.696495 -0.709969  0.159997  0.692822 -0.703135 -0.177937 -0.729779   1.03403 0.0021591 0.909651 0.284268 0.19198 0.0617609
1  0.981476 -0.187315 0.0402369 -0.104081 -0.697624 -0.708864  0.160851  0.691545 -0.704197 -0.179121 -0.727948   1.03521 0.00214261 0.909651 -0.013286 0.0652161 0.0596634
1  0.981566 -0.186806 0.0403856 -0.103758 -0.698305 -0.708241  0.160505  0.690995 -0.704815 -0.178735 -0.727091   1.03588 0.00212819 0.909651 0.131744 0.110328 0.0595707
1   0.98644 -0.160765 0.0330188 -0.090201  -0.69914 -0.709272  0.137111  0.696676 -0.704161 -0.149307 -0.734073   1.03524 0.00205301 0.897331 0.0422721 0.102562 0.0951207
1   0.987815  -0.151961  0.0336182 -0.0845903  -0.705533  -0.703611    0.13064   0.692193   -0.70979  -0.141811  -0.726712    1.04141 0.00211043 0.913758 0.031325 0.176663 0.102678
1   0.991163  -0.130327  0.0247153 -0.0743376  -0.700039  -0.710224   0.109863   0.702111  -0.703541  -0.115142  -0.740488    1.03454 0.00208962 0.89117 0.0908168 0.302791 0.139722
1    0.99131   -0.12904  0.0255667 -0.0728919  -0.700607  -0.709815   0.109506   0.701783  -0.703924  -0.115048  -0.739997    1.03495 0.0020917 0.89117 0.0903305 0.0480053 0.140288
1   0.986472  -0.160788   0.031953 -0.0916266  -0.702419  -0.705841   0.135935   0.693364  -0.707649  -0.147236  -0.729025    1.03906 0.00212356 0.907598 0.128598 0.0830914 0.0945013
1   0.991409  -0.128997  0.0216267 -0.0748739  -0.695288  -0.714821   0.107246    0.70706  -0.698973  -0.111416  -0.747907    1.02951 0.00217495 0.887064 0.23312 0.120896 0.146691
1  0.982218 -0.183623 0.0391201  -0.10236 -0.698438 -0.708312  0.157386  0.691713 -0.704814 -0.174665  -0.72796   1.03587 0.00214269 0.909651 0.0545328 0.0448117 0.0638503
0   0.994639  -0.101506  0.0197273 -0.0578775  -0.704585  -0.707256  0.0856902   0.702323  -0.706683 -0.0856273  -0.739586    1.03788 0.00224192 0.89117 0.13176 0.102723 0.178763
0   0.994136  -0.107067  0.0152048 -0.0640222  -0.696019  -0.715164  0.0871533   0.709996  -0.698791 -0.0862261  -0.751117    1.02926 0.00220417 0.880903 0.144197 0.102267 0.179455
0    0.99436  -0.104383   0.018752 -0.0604567   -0.70318  -0.708437  0.0871351   0.703308  -0.705525 -0.0871003  -0.741107    1.03662 0.00223444 0.89117 0.143577 0.220889 0.176437
1   0.991163  -0.130327  0.0247153 -0.0743375  -0.700039  -0.710224   0.109863   0.702111  -0.703541  -0.115142  -0.740488    1.03454 0.00208961 0.89117 0.19223 0.188816 0.139722
