1  0.981557 -0.182375 0.0573175   -0.1019 -0.752814 -0.650298  0.161748  0.632464 -0.757514 -0.180681 -0.641439   1.09275 0.00263613 0.942505 0.0906695 1.08083 0.121329
1   0.982457    -0.1799  0.0491311 -0.0986074  -0.724744  -0.681926   0.158286   0.665118   -0.72977  -0.176683  -0.688792    1.06305 0.00223728 0.926078 0.158211 1.07613 0.0704581
1   0.98164 -0.185706 0.0435513 -0.104004   -0.7125 -0.693921  0.159896  0.676651 -0.718732 -0.177869  -0.70614   1.05103 0.00210852 0.911704 -0.0251797 1.01533 0.0569026
1   0.986633   -0.15963   0.032761 -0.0905122     -0.704  -0.704409   0.135509   0.692028  -0.709038   -0.14695  -0.727146     1.0406 0.00214773 0.907598 0.104175 0.986664 0.0946714
1   0.98109 -0.188765 0.0427708 -0.104826 -0.703986 -0.702435  0.162705  0.684669 -0.710461 -0.181494 -0.717344   1.04213 0.00206407 0.915811 0.179499 0.933409 0.0528373
1   0.987549  -0.152479  0.0386833 -0.0829796  -0.713843  -0.695373   0.133643   0.683505  -0.717608  -0.146376  -0.714107    1.04995 0.00221146 0.921971 0.129981 0.762297 0.0974591
1   0.987318  -0.154266  0.0374885 -0.0850825  -0.713534  -0.695435   0.134032   0.683426   -0.71761  -0.146182  -0.714124    1.04999 0.00216647 0.917865 0.129694 0.933093 0.0964803
1   0.987643  -0.151528  0.0400002 -0.0843313  -0.728987  -0.679313   0.132095   0.667546  -0.732757  -0.143664  -0.690703    1.06634 0.00222339 0.924025 0.223006 1.70148 0.106984
1   0.983653   -0.17545  0.0405465 -0.0974746  -0.708106  -0.699346   0.151412   0.683962  -0.713632  -0.167197  -0.715765    1.04563 0.00222071 0.917865 0.034601 1.68973 0.0688082
1  0.981146 -0.188581 0.0422979 -0.104145 -0.700255 -0.706255  0.162805  0.688534 -0.706693  -0.18154 -0.723379   1.03798 0.00209489 0.911704 0.103846 1.03207 0.0552042
1   0.987659  -0.152049  0.0375497 -0.0820377   -0.70649  -0.702953   0.133412   0.691197  -0.710245  -0.145834  -0.725195    1.04193 0.00213296 0.915811 0.124264 0.953079 0.099277
1    0.98801  -0.150028   0.036429 -0.0826719    -0.7134  -0.695863   0.130388   0.684508   -0.71725  -0.141683  -0.715496    1.04956 0.0021357 0.915811 0.12428 0.99625 0.102415
1   0.987831  -0.152797  0.0290259 -0.0851098  -0.687274  -0.721395   0.130175   0.710146  -0.691916  -0.141152   -0.75317    1.02197 0.00215947 0.901437 0.171536 1.68121 0.117197
1   0.990196  -0.134372  0.0381606 -0.0708509   -0.71858  -0.691826   0.120383   0.682339  -0.721055  -0.130795  -0.711797    1.05374 0.00233565 0.919918 0.093783 1.20715 0.120611
0   0.992276  -0.120743  0.0284556 -0.0663006  -0.710071  -0.701002   0.104846     0.6937  -0.712592  -0.110207  -0.727684    1.04446 0.00225138 0.905544 0.0643086 0.878862 0.145398
1   0.991525  -0.127002  0.0273678 -0.0707104   -0.70427  -0.706402   0.108989    0.69848  -0.707282  -0.114967  -0.735253    1.03869 0.0022179 0.897331 0.13999 0.975901 0.139793
1   0.988763   -0.14551  0.0342829 -0.0795867  -0.706489  -0.703235   0.126548   0.692604  -0.710131   -0.13728  -0.727002    1.04182 0.00212401 0.913758 0.0731255 0.788315 0.109855
0   0.991933  -0.125872  0.0149748 -0.0782363  -0.700885  -0.708971  0.0997353    0.70208  -0.705079   -0.10091  -0.740307    1.03615 0.00221066 0.889117 0.137425 1.08175 0.153755
1   0.990908  -0.132192  0.0250251 -0.0749138  -0.696627  -0.713511   0.111753   0.705149  -0.700197  -0.118109  -0.745162    1.03081 0.00208186 0.889117 0.16737 0.89481 0.138592
1  0.986363 -0.160587 0.0360531 -0.088804 -0.703715 -0.704911   0.13857  0.692096 -0.708379 -0.151423 -0.727587   1.03981 0.00208106 0.895277 0.134402 0.883121 0.0909683
1  0.981929 -0.184769 0.0409374 -0.105871 -0.715605 -0.690435  0.156866  0.673624 -0.722235 -0.173396 -0.701193   1.05509 0.00222401 0.926078 0.0516128 1.23189 0.0619441
1   0.988304  -0.149818  0.0284433 -0.0870878  -0.707618  -0.701208   0.125181    0.69053  -0.712389  -0.134101  -0.724139     1.0443 0.00209762 0.911704 0.205293 0.856441 0.109392
1   0.987535  -0.154961    0.02758 -0.0882188  -0.690053  -0.718362    0.13035   0.706975  -0.695123  -0.140775  -0.748675    1.02541 0.00210839 0.899384 0.215234 1.48992 0.113025
1  0.978032 -0.203942 0.0431346 -0.117027 -0.708428 -0.696013  0.172504  0.675676 -0.716732 -0.191646 -0.705047     1.049 0.00223035 0.919918 0.134865 0.885122 0.0408172
1  0.971393 -0.231453 0.0531442 -0.141849 -0.744994 -0.651815  0.190457  0.625631 -0.756513 -0.212175 -0.634563   1.09171 0.00283432 0.926078 -0.0989563 0.915792 0.117457
1   0.985869  -0.164819  0.0299567 -0.0953953  -0.699359  -0.708376   0.137704   0.695508  -0.705199  -0.148761  -0.732352    1.03641 0.00209567 0.903491 0.166424 1.26923 0.0927438
1   0.988376  -0.147741  0.0358471 -0.0805678  -0.708984  -0.700607   0.128923   0.689575  -0.712646   -0.14032  -0.722724    1.04459 0.00212344 0.915811 0.220667 0.860704 0.105393
1  0.981613 -0.185246 0.0460473 -0.105712  -0.72843 -0.676916  0.158938  0.659602 -0.734619 -0.176337 -0.681147   1.06838 0.00225939 0.926078 0.216617 0.99087 0.0748484
1    0.98581  -0.164814   0.031855 -0.0938487  -0.698466  -0.709463   0.139179   0.696406  -0.704022   -0.15076  -0.733674    1.03508 0.00207195 0.899384 0.103376 0.96318 0.0918608
1  0.991093  -0.13065 0.0257798 -0.074096 -0.701873 -0.708438  0.110651  0.700218 -0.705302 -0.116303 -0.737666   1.03654 0.00219359 0.901437 0.130831 0.883629 0.13755
1  0.981708 -0.184528 0.0469015 -0.101032  -0.71368 -0.693148  0.161378   0.67573 -0.719268 -0.180375 -0.704532   1.05165 0.00210487 0.915811 0.160291 1.01684 0.0565103
1   0.991065   -0.13161  0.0216701 -0.0771961   -0.69846  -0.711474   0.108772   0.703444  -0.702379  -0.113306  -0.742661    1.03331 0.00214068 0.89117 0.057707 0.812058 0.141442
1  0.979681 -0.196171 0.0417417 -0.109374 -0.697007 -0.708674  0.168115  0.689709   -0.7043 -0.187603  -0.72549   1.03535 0.00214269 0.911704 0.154611 1.04444 0.0503285
1  0.981617 -0.186081 0.0424375 -0.103905 -0.707533    -0.699  0.160097  0.681741 -0.713862 -0.178156 -0.713089   1.04594 0.00211961 0.919918 0.172206 1.4574 0.0555553
1   0.991123  -0.129974  0.0279711 -0.0701535  -0.689995  -0.720407   0.112934   0.712049  -0.692988  -0.120333  -0.755128    1.02298 0.00214221 0.889117 0.146588 0.923951 0.143866
1   0.989804  -0.141465  0.0166107 -0.0889256  -0.704832  -0.703778   0.111268   0.695125  -0.710225   -0.11407  -0.730824    1.04189 0.00220281 0.893224 0.181669 1.06915 0.132157
1   0.990363  -0.137259  0.0184512 -0.0836496  -0.699023   -0.71019   0.110378   0.701803  -0.703768  -0.114261  -0.740178    1.03491 0.00211408 0.897331 0.132293 0.859648 0.136981
1   0.98114 -0.188793 0.0414824 -0.105568 -0.703135 -0.703176  0.161922  0.685535 -0.709805 -0.180051 -0.719611   1.04114 0.00224478 0.905544 0.213728 0.905992 0.054386
1   0.987667  -0.153079  0.0328871 -0.0854821  -0.703175  -0.705859   0.131178   0.694343  -0.707588  -0.142325  -0.729925    1.03903 0.00210782 0.911704 0.161589 0.806123 0.102641
1  0.988097 -0.150188 0.0332742 -0.082904 -0.702116  -0.70722  0.129578  0.696044  -0.70621  -0.14078 -0.732158   1.03757 0.00209854 0.913758 0.201973 0.884011 0.106206
1  0.979723 -0.196553 0.0388577 -0.113642 -0.704873 -0.700171   0.16501  0.681558 -0.712917 -0.182589 -0.713764   1.04473 0.00213592 0.909651 0.149658 0.959968 0.0481639
1   0.988214  -0.148531  0.0370278 -0.0802544  -0.708693  -0.700938   0.130352   0.689705  -0.712261  -0.142261   -0.72297    1.04413 0.00213254 0.915811 0.131333 0.836746 0.103536
0  0.992004 -0.124061 0.0231587 -0.071891 -0.706308 -0.704245  0.103727  0.696949 -0.709579 -0.107519 -0.732645    1.0412 0.00221585 0.899384 0.137525 0.941086 0.146709
1  0.980234  -0.19328 0.0422365 -0.107959 -0.701469 -0.704476  0.165789  0.685992  -0.70847 -0.185013 -0.720062   1.03989 0.00209188 0.909651 0.148157 0.868506 0.0496785
1    0.9811 -0.189034  0.041331 -0.106057 -0.703986  -0.70225  0.161846  0.684595 -0.710729 -0.180027 -0.717796   1.04238 0.00210316 0.911704 0.0961759 0.820295 0.0536703
1   0.988139  -0.149993    0.03291 -0.0840062  -0.707406  -0.701798   0.128546   0.690709  -0.711615  -0.139282  -0.724522    1.04343 0.00211244 0.913758 0.0165191 0.820751 0.105215
1  0.986359 -0.162458 0.0265028 -0.096977 -0.703629 -0.703919  0.133005  0.691747 -0.709786 -0.142515 -0.726708   1.04142 0.00209298 0.903491 0.100757 0.861595 0.0968479
1  0.979707 -0.195701 0.0433111 -0.109678 -0.704291 -0.701388  0.167766  0.682404 -0.711463 -0.187078 -0.714943   1.04316 0.00215233 0.913758 0.207927 0.906026 0.0459577
1   0.988117  -0.149529  0.0355891 -0.0811285  -0.704031   -0.70552   0.130552   0.694248  -0.707796  -0.142363  -0.729491    1.03927 0.00208613 0.913758 0.121335 1.02219 0.104499
1   0.987174  -0.156583  0.0311249 -0.0869781  -0.690993   -0.71761   0.133873   0.705699   -0.69575  -0.145756  -0.747699    1.02598 0.00210276 0.882957 0.0763715 0.73417 0.107953
1   0.987261  -0.157581  0.0220108 -0.0939515  -0.688997  -0.718648    0.12841   0.707426  -0.695025  -0.137271   -0.74995    1.02504 0.00210249 0.88501 0.157451 1.51296 0.115375
1  0.980845 -0.190439 0.0409303 -0.109724 -0.713794 -0.691707  0.160944  0.673967 -0.721017  -0.17811 -0.701997   1.05355 0.00213488 0.919918 0.129569 0.954189 0.0557124
0   0.992387  -0.121973  0.0170636 -0.0690365  -0.665641  -0.743072   0.101993   0.736237  -0.668994  -0.105852  -0.791238   0.996246 0.002049 0.843943 0.234765 0.854746 0.187527
1   0.990723  -0.133108  0.0273771 -0.0754249  -0.706185  -0.703998   0.113041   0.695403  -0.709674   -0.11932  -0.730814    1.04125 0.00214363 0.899384 0.159698 0.841116 0.131725
1   0.982318  -0.180112  0.0511027 -0.0981625  -0.727911  -0.678609   0.159424   0.661593   -0.73272  -0.178248  -0.683695    1.06598 0.00225447 0.924025 0.119743 0.972784 0.0739454
1   0.991301  -0.129582  0.0230353 -0.0761822   -0.70766  -0.702434   0.107324   0.694569  -0.711376  -0.111255  -0.729412    1.04315 0.00218566 0.897331 0.217238 1.24276 0.139922
1   0.987328  -0.156535  0.0260598 -0.0928227  -0.702874  -0.705232   0.128711   0.693877  -0.708498  -0.137594  -0.729457    1.04005 0.00214426 0.907598 0.176692 0.857185 0.104517
0   0.993214  -0.115225  0.0158077 -0.0671948  -0.679443  -0.730645  0.0949289   0.724625  -0.682574 -0.0967795  -0.773109    1.01157 0.00220176 0.874743 -0.064856 1.02419 0.180633
1   0.989797  -0.140471  0.0238638 -0.0827532  -0.703088  -0.706272   0.115989   0.697091  -0.707539  -0.121318  -0.733492     1.0389 0.00210607 0.895277 0.194806 1.14256 0.126968
1   0.987716  -0.152666  0.0333206 -0.0838428  -0.697722  -0.711445   0.131862   0.699912  -0.701951  -0.143669  -0.738509    1.03285 0.00210955 0.897331 0.10934 0.70456 0.105614
1   0.988056  -0.149547  0.0371586 -0.0826758  -0.717971  -0.691146   0.130037   0.679819   -0.72176  -0.141397   -0.70857    1.05446 0.00215546 0.919918 0.132587 0.972449 0.103517
1   0.989369  -0.140546  0.0373513 -0.0746852  -0.711444  -0.698763   0.124782   0.688545  -0.714378  -0.136209  -0.721187    1.04635 0.00222455 0.913758 0.0587813 1.01616 0.11272
1   0.988158  -0.151014  0.0271708 -0.0855084  -0.689009  -0.719691   0.127405   0.708845  -0.693763  -0.137264  -0.751377     1.0238 0.00209638 0.893224 0.103856 1.1134 0.119213
0   0.992162  -0.121251  0.0302169 -0.0654591  -0.710292  -0.700857   0.106443   0.693386  -0.712661  -0.112505  -0.727049    1.04458 0.00228295 0.911704 0.0987741 0.989415 0.143183
1   0.990078  -0.138548  0.0234502 -0.0819212  -0.704702  -0.704758   0.114168   0.695844   -0.70906  -0.119486  -0.731697    1.04067 0.00215441 0.899384 0.0935719 0.826834 0.128955
1  0.981929 -0.185072  0.039538 -0.104066 -0.702537 -0.703997  0.158067  0.687161 -0.709101 -0.175463 -0.721315   1.04063 0.00207738 0.909651 0.107951 0.930858 0.0594914
1   0.988499  -0.147901  0.0315493 -0.0826832  -0.703242  -0.706126   0.126623   0.695397  -0.707383  -0.136724  -0.731149    1.03881 0.00207696 0.909651 0.182006 1.40701 0.110129
1   0.987568  -0.154226  0.0303819 -0.0877701  -0.701372  -0.707371   0.130404    0.69591   -0.70619  -0.140921  -0.732248    1.03757 0.00208856 0.909651 0.127336 0.902249 0.103953
1  0.991293 -0.127579 0.0325846 -0.066903 -0.701146 -0.709872  0.113411  0.701512 -0.703576  -0.12194 -0.739961   1.03449 0.00223051 0.89117 0.0900468 0.901286 0.135938
1   0.991534  -0.128129  0.0210516 -0.0757956  -0.702769  -0.707369   0.105429   0.699785  -0.706531  -0.109628  -0.737129    1.03783 0.00213135 0.893224 0.198886 0.958765 0.14419
1   0.98174 -0.186084 0.0394907 -0.103854 -0.698225 -0.708305  0.159378   0.69127 -0.704801 -0.177316 -0.727524   1.03589 0.00214876 0.909651 0.0841296 0.936813 0.0609106
0   0.996565 -0.0796477  0.0227009 -0.0405531  -0.708277  -0.704769  0.0722117   0.701427  -0.709074 -0.0713199  -0.737758    1.04034 0.00236464 0.889117 0.0304751 0.925286 0.202473
1   0.987567  -0.152839  0.0367538 -0.0848016  -0.714859  -0.694108    0.13236   0.682361  -0.718932  -0.144221  -0.712471    1.05135 0.00214997 0.917865 0.196639 0.921528 0.0989414
1   0.98192 -0.184071 0.0441705  -0.10351  -0.71747 -0.688856   0.15849  0.671829 -0.723552 -0.175917 -0.698713   1.05627 0.00211404 0.917865 0.0644561 0.868645 0.0618937
1   0.991183  -0.129368  0.0286224 -0.0699421  -0.694342  -0.716238   0.112532   0.707922  -0.697268  -0.119989  -0.748921    1.02773 0.00214712 0.895277 0.20192 1.2408 0.140681
1  0.978081 -0.203285 0.0450927 -0.117366 -0.717087 -0.687031  0.171999  0.666679 -0.725228   -0.1909 -0.692359   1.05808 0.00221626 0.915811 0.115753 1.09912 0.0495727
1  0.989901 -0.137762 0.0334445  -0.07629 -0.716522  -0.69338  0.119485  0.683826 -0.719796 -0.128316 -0.713962   1.05227 0.00224337 0.915811 0.0637814 1.84212 0.120201
1   0.991378  -0.128663  0.0248232 -0.0724471   -0.69604  -0.714338   0.109187   0.706381   -0.69936  -0.114968  -0.746758    1.02999 0.0020776 0.889117 0.00473545 0.793849 0.143588
1  0.982307 -0.183573 0.0370565 -0.103191 -0.695683 -0.710898  0.156282  0.694497 -0.702318 -0.173302 -0.732222   1.03335 0.00219272 0.907598 0.146014 0.793466 0.0672811
1   0.98143 -0.187207  0.041815 -0.104247 -0.703532 -0.702976   0.16102  0.685563 -0.709983 -0.179241 -0.718526   1.04169 0.0020974 0.917865 0.237056 0.974758 0.0552097
1   0.988227  -0.150338  0.0283808 -0.0870896  -0.705288  -0.703551   0.125787   0.692796  -0.710078  -0.134947  -0.727591    1.04179 0.0021075 0.909651 0.119621 1.02219 0.109185
1  0.978761 -0.201535 0.0375677 -0.116932 -0.699333 -0.705166  0.168388  0.685796 -0.708046 -0.186352 -0.720182   1.03946 0.00221207 0.909651 0.224354 1.28207 0.0461574
1   0.991139   -0.13003  0.0271315 -0.0742868  -0.711945  -0.698295   0.110116   0.690092  -0.715296  -0.115721  -0.722708    1.04752 0.00218543 0.907598 0.0843918 0.877282 0.134973
1   0.988744  -0.145713  0.0339537 -0.0801171  -0.707301  -0.702358   0.126358   0.691732  -0.711014  -0.136946  -0.725866    1.04277 0.00215315 0.913758 0.173411 0.92066 0.109724
1   0.988898  -0.144269  0.0356012 -0.0778879  -0.707275  -0.702635   0.126548   0.692061   -0.71066  -0.137779  -0.726287    1.04236 0.00215009 0.913758 0.130957 0.757429 0.110079
1  0.981178 -0.189582 0.0367321 -0.110467 -0.707054 -0.698478   0.15839  0.681273 -0.714688 -0.174781 -0.712935    1.0467 0.0021005 0.909651 0.175711 1.06971 0.0564035
1   0.988227  -0.150223  0.0289782 -0.0832554  -0.686949  -0.721921   0.128355   0.711009  -0.691369  -0.138894  -0.754618    1.02115 0.00209087 0.889117 0.10939 1.16818 0.120966
1  0.981811 -0.186402  0.036083 -0.106097 -0.696254 -0.709911  0.157452   0.69317 -0.703367 -0.174418 -0.730624   1.03426 0.00212147 0.897331 -0.00328812 0.877624 0.0644343
1  0.983248 -0.176588  0.045156 -0.095009 -0.707968 -0.699824   0.15555  0.683811 -0.712886 -0.173267 -0.715842   1.04471 0.00218531 0.913758 0.108436 0.885016 0.0643522
1   0.987384  -0.153498  0.0388713 -0.0854442  -0.723182  -0.685352   0.133311   0.673384  -0.727174  -0.145006  -0.699347    1.06026 0.00220365 0.921971 -0.0279993 0.954231 0.100859
1   0.987919  -0.151394  0.0330993 -0.0852284  -0.709171  -0.699867   0.129428   0.688591  -0.713506   -0.13997   -0.72139    1.04553 0.00211886 0.915811 0.0274584 1.04827 0.103329
1   0.988312  -0.149486   0.029902 -0.0860272  -0.708808  -0.700136   0.125856    0.68938  -0.713383  -0.135255  -0.722556    1.04536 0.002106 0.911704 0.0841096 0.8377 0.108362
1   0.986767  -0.159986  0.0263659 -0.0942654  -0.698344  -0.709528   0.131927   0.697654  -0.704184  -0.141817  -0.735393    1.03537 0.00208561 0.899384 0.144169 0.964626 0.101859
1    0.98793  -0.151177   0.033763 -0.0842084  -0.707095  -0.702087   0.130013    0.69077   -0.71129  -0.141144   -0.72458    1.04308 0.00211579 0.915811 0.0664034 0.811777 0.10312
1   0.986805  -0.157578  0.0372073 -0.0895818  -0.722789  -0.685238   0.134871   0.672863  -0.727368  -0.146165  -0.698399    1.06067 0.00223854 0.926078 0.133069 0.93987 0.0978451
1  0.981189 -0.189641 0.0361139 -0.108706 -0.697348 -0.708441  0.159534  0.691189 -0.704845 -0.176283 -0.727635   1.03589 0.00213349 0.903491 0.171642 0.88359 0.0601621
1    0.98814  -0.149255  0.0360858 -0.0810771  -0.706699  -0.702853   0.130406   0.691592  -0.710419  -0.142216  -0.725687    1.04213 0.00208648 0.913758 0.200288 1.57979 0.103689
1  0.989149 -0.142209 0.0369023 -0.076366 -0.712239 -0.697771  0.125512  0.687381  -0.71537 -0.136713 -0.719221   1.04751 0.00212359 0.915811 0.179096 0.953371 0.111093
