1  -0.991752  -0.115843  0.0548396 -0.0904541   0.329488  -0.939817  0.0908025  -0.937026  -0.337249 0.00194505   0.335887   0.159244 0.00201737 0.994645 0.396335 2.01467 0.0539423
1  -0.994514 -0.0925962  0.0486605 -0.0765588   0.327338  -0.941801  0.0712787  -0.940359  -0.332632 0.00602546   0.336483   0.157914 0.00191569 0.994645 0.34711 1.654 0.0374809
1  -0.994699 -0.0910316  0.0478336 -0.0754417   0.329889     -0.941  0.0698809   -0.93962  -0.335008 0.00621924   0.336067   0.158712 0.00194968 0.994645 0.377455 1.86256 0.0396025
1  -0.996594 -0.0680356   0.046601 -0.0657323   0.314139  -0.947099  0.0497973  -0.946936  -0.317541 0.00997185   0.338803   0.152955 0.00197891 0.991968 0.409659 3.49416 0.022714
1  -0.994514 -0.0925962  0.0486605 -0.0765588   0.327338  -0.941801  0.0712787  -0.940359  -0.332632 0.00602545   0.336483   0.157914 0.00191569 0.994645 0.370221 2.1116 0.0374809
1  -0.996596 -0.0680717  0.0465049 -0.0656306   0.313723  -0.947244  0.0498909  -0.947071  -0.317123 0.00993526   0.338867   0.152823 0.001979 0.991968 0.207517 2.3294 0.0223284
1  -0.994547 -0.0922747  0.0485883  -0.076375   0.327236  -0.941851  0.0710092  -0.940427  -0.332499 0.00593139   0.336491   0.157885 0.00193498 0.994645 0.434445 3.72708 0.0372584
1  -0.994543 -0.0922804  0.0486671 -0.0764579    0.32732  -0.941815  0.0709814  -0.940397   -0.33259 0.00594404   0.336473   0.157907 0.00193641 0.994645 0.355439 2.03071 0.0373458
1  -0.991714  -0.116362  0.0544334 -0.0903565    0.33062  -0.939429  0.0913169  -0.936563  -0.338395 0.00167217   0.335694   0.159609 0.00200545 0.993307 0.470695 2.99848 0.0552189
1  -0.995073 -0.0877807  0.0460992 -0.0719292    0.31911  -0.944984  0.0682407  -0.943644  -0.323852 0.00663462   0.337943   0.155074 0.00193716 0.997323 0.32697 2.18192 0.027268
1   -0.990263   -0.126823   0.0574019  -0.0971405    0.334175   -0.937492    0.099713    -0.93394    -0.34324 0.000204745    0.335009    0.161002 0.00203744 0.995984 0.326157 1.82741 0.0663783
1  -0.991618  -0.117237   0.054307  -0.090388   0.329112  -0.939955  0.0923247  -0.936985   -0.33695 0.00145603   0.335934   0.159128 0.00202179 0.994645 0.339057 3.03588 0.0546574
1  -0.994547 -0.0922306  0.0486847 -0.0764558   0.327293  -0.941825  0.0709309  -0.940411  -0.332559  0.0059587   0.336479   0.157894 0.00193629 0.994645 0.472205 4.81291 0.0372952
1  -0.994377 -0.0938266  0.0491006 -0.0776521    0.33078  -0.940508  0.0720031  -0.939032  -0.336206 0.00586617   0.335882   0.159066 0.00193193 0.994645 0.20417 2.19165 0.0415702
1  -0.991803  -0.113602  0.0584891 -0.0927361   0.325086  -0.941126  0.0878995  -0.938836  -0.332957 0.00228073   0.336792   0.157533 0.00196255 0.994645 0.482162 2.94537 0.0492778
1  -0.994547 -0.0922306  0.0486847 -0.0764558   0.327293  -0.941825  0.0709309  -0.940411  -0.332559 0.00595871   0.336479   0.157894 0.0019363 0.994645 0.413674 1.98425 0.0372952
1  -0.991362  -0.118743  0.0556959 -0.0928268   0.335239  -0.937549  0.0926561   -0.93462  -0.343366 0.00144549    0.33482   0.161232 0.00205297 0.993307 0.246601 3.27444 0.0609422
1   -0.990263   -0.126823   0.0574019  -0.0971405    0.334174   -0.937492    0.099713    -0.93394    -0.34324 0.000204747    0.335009    0.161002 0.00203744 0.995984 0.334485 2.28958 0.0663782
1  -0.994514 -0.0925962  0.0486605 -0.0765588   0.327338  -0.941801  0.0712787  -0.940359  -0.332632 0.00602545   0.336483   0.157914 0.00191569 0.994645 0.251655 2.84503 0.0374809
1  -0.994401 -0.0936927  0.0488784 -0.0773291     0.3299  -0.940843  0.0720252  -0.939355  -0.335298 0.00583695   0.336023    0.15877 0.00193118 0.994645 0.232854 3.1808 0.0405978
1  -0.995073 -0.0877807  0.0460992 -0.0719292    0.31911  -0.944984  0.0682407  -0.943644  -0.323852 0.00663461   0.337943   0.155074 0.00193716 0.997323 0.241307 1.98716 0.027268
1   -0.990557   -0.124875   0.0566016  -0.0958594    0.335639   -0.937101   0.0980226   -0.933677    -0.34444 0.000404783    0.334773    0.161453 0.00202679 0.994645 0.345699 3.76876 0.0659136
1  -0.994288  -0.094756  0.0491102 -0.0780117   0.331241  -0.940316  0.0728333  -0.938776  -0.336741 0.00566831   0.335809   0.159228 0.00192926 0.994645 0.332823 2.03685 0.042431
1  -0.994517 -0.0926662  0.0484754 -0.0764917   0.328455  -0.941417  0.0713156  -0.939963  -0.333742 0.00600613   0.336299   0.158275 0.00191935 0.994645 0.384212 2.91042 0.0386764
1  -0.994514 -0.0925962  0.0486605 -0.0765588   0.327338  -0.941801  0.0712787  -0.940359  -0.332632 0.00602545   0.336483   0.157914 0.00191569 0.994645 0.333977 1.67122 0.0374809
1  -0.994284 -0.0947644  0.0491834 -0.0781028   0.331486  -0.940222   0.072796  -0.938689  -0.336992 0.00568471   0.335769   0.159306 0.00192988 0.994645 0.38606 2.04406 0.0426878
1  -0.994288  -0.094756  0.0491102 -0.0780117   0.331241  -0.940316  0.0728333  -0.938776  -0.336741 0.00566831   0.335809   0.159228 0.00192925 0.994645 0.370747 1.73789 0.0424309
1  -0.994498 -0.0929246  0.0483635 -0.0765535   0.329517  -0.941041  0.0715093  -0.939566  -0.334818  0.0057699   0.336106   0.158645 0.00194545 0.994645 0.331701 1.78437 0.0399093
1   -0.991432   -0.119067    0.053715    -0.08826    0.307488    -0.94745   0.0962929   -0.944073   -0.315362 0.000640814    0.339744    0.152052 0.00197702 0.998661 0.323301 2.01019 0.0432564
1  -0.994488 -0.0931391  0.0481454 -0.0766177   0.332115  -0.940122  0.0715723  -0.938629  -0.337421 0.00590136   0.335659   0.159481 0.00194392 0.994645 0.264521 1.0424 0.0427167
1  -0.994331 -0.0943304  0.0490593 -0.0778144   0.331179  -0.940354  0.0724565  -0.938841  -0.336642 0.00575598   0.335812   0.159201 0.00193303 0.994645 0.42532 2.6023 0.0421908
1  -0.994985 -0.0883609  0.0468658 -0.0726762    0.31677  -0.945714  0.0687184  -0.944378  -0.321604   0.006454   0.338325   0.154284 0.00193943 0.997323 0.409356 3.722 0.0249903
1  -0.995067 -0.0879117  0.0459697 -0.0718491   0.319113  -0.944989  0.0684061  -0.943631  -0.323855 0.00659135   0.337943   0.155079 0.00193547 0.997323 0.255094 2.0096 0.0273393
1   -0.99263  -0.108163  0.0546511 -0.0883734   0.337496  -0.937169  0.0829228  -0.935092  -0.344568 0.00364711   0.334612   0.161615 0.00203558 0.994645 0.324391 1.86873 0.0558722
1  -0.994558 -0.0924392  0.0480584 -0.0760339   0.328631  -0.941393  0.0712281  -0.939924  -0.333871  0.0058356   0.336262   0.158343 0.00194098 0.994645 0.459607 3.18401 0.0387978
1  -0.994492 -0.0928189  0.0486891 -0.0766879     0.3277  -0.941664  0.0714488  -0.940212  -0.333013 0.00597524   0.336415   0.158034 0.00191856 0.994645 0.181945 1.65537 0.0379479
1  -0.994284 -0.0947644  0.0491834 -0.0781028   0.331486  -0.940222   0.072796  -0.938689  -0.336992 0.00568472   0.335769   0.159306 0.00192988 0.994645 0.14745 1.66946 0.0426878
1  -0.994718  -0.090844  0.0477761 -0.0734766   0.305225  -0.949441  0.0716686  -0.947937  -0.310288 0.00570867   0.340372   0.150637 0.00188132 0.997323 0.27664 2.4007 0.0161314
1  -0.994689 -0.0899513  0.0500214 -0.0747552   0.297336  -0.951842  0.0707463  -0.950526  -0.302481 0.00596403   0.341609   0.147993 0.00190246 0.998661 0.365153 1.90887 0.0114198
1  -0.996588 -0.0680456   0.046707 -0.0658394     0.3142  -0.947071  0.0497687  -0.946915  -0.317608 0.00998849   0.338796   0.152966 0.00197834 0.991968 0.293707 3.70662 0.0227458
1  -0.994547 -0.0922306  0.0486847 -0.0764558   0.327293  -0.941825  0.0709309  -0.940411  -0.332559  0.0059587   0.336479   0.157894 0.0019363 0.994645 0.362782 2.82488 0.0372952
1  -0.991337  -0.118485    0.05668 -0.0937051   0.335618  -0.937326  0.0920366  -0.934517  -0.343813  0.0017685   0.334766   0.161329 0.00205086 0.993307 0.22239 2.28444 0.0611808
1  -0.991609  -0.117258  0.0544228 -0.0904595   0.328652  -0.940109  0.0923493  -0.937144  -0.336501 0.00144971    0.33601   0.158977 0.00202004 0.994645 0.515134 4.75053 0.0543238
1  -0.994498 -0.0929246  0.0483635 -0.0765535   0.329517  -0.941041  0.0715093  -0.939566  -0.334818  0.0057699   0.336106   0.158645 0.00194544 0.994645 0.433737 3.23029 0.0399094
1  -0.991308  -0.119097     0.0559 -0.0931719   0.335532   -0.93741  0.0928863   -0.93447  -0.343712 0.00142058    0.33476   0.161333 0.00205745 0.993307 0.340074 1.9121 0.0614658
1  -0.994514 -0.0925962  0.0486605 -0.0765588   0.327338  -0.941801  0.0712787  -0.940359  -0.332632 0.00602545   0.336483   0.157914 0.0019157 0.994645 0.247909 3.46974 0.0374808
1  -0.994284 -0.0947644  0.0491834 -0.0781028   0.331486  -0.940222   0.072796  -0.938689  -0.336992 0.00568471   0.335769   0.159306 0.00192988 0.994645 0.189256 1.97168 0.0426878
1  -0.994506 -0.0928937  0.0482647 -0.0764446   0.329451  -0.941073  0.0715189  -0.939592  -0.334742  0.0057607   0.336119   0.158619 0.00194524 0.994645 0.46795 2.95966 0.0398298
1   -0.99432 -0.0944272  0.0490952  -0.077887   0.331254  -0.940322  0.0725289  -0.938805  -0.336727 0.00575263     0.3358   0.159223 0.00193248 0.994645 0.448501 1.93204 0.0423068
1  -0.996587  -0.068035  0.0467444 -0.0658256   0.313326  -0.947362  0.0498075  -0.947206  -0.316735 0.00997575   0.338931   0.152685 0.00197628 0.991968 0.378308 3.20206 0.0219349
1  -0.996646 -0.0668828  0.0471551 -0.0657679    0.31173  -0.947892   0.048698  -0.947814  -0.315083  0.0103952    0.33922   0.152134 0.00195122 0.991968 0.216966 1.59213 0.0210737
1  -0.994699 -0.0910316  0.0478336 -0.0754417   0.329889     -0.941  0.0698809   -0.93962  -0.335008 0.00621924   0.336067   0.158712 0.00194968 0.994645 0.373139 2.13953 0.0396025
1  -0.996646 -0.0668827  0.0471551 -0.0657679    0.31173  -0.947892   0.048698  -0.947814  -0.315083  0.0103952    0.33922   0.152134 0.00195122 0.991968 0.413872 1.88305 0.0210738
1  -0.992319  -0.110022  0.0565481 -0.0891326   0.318941  -0.943574  0.0857789  -0.941367  -0.326297 0.00279501     0.3379   0.155384 0.00192987 0.995984 0.29338 1.6324 0.0415142
1  -0.994284 -0.0947644  0.0491834 -0.0781028   0.331486  -0.940222   0.072796  -0.938689  -0.336992 0.00568471   0.335769   0.159306 0.00192988 0.994645 0.271494 1.94038 0.0426879
1  -0.991645  -0.117028  0.0542593 -0.0902345   0.328736  -0.940101  0.0921815  -0.937143  -0.336549 0.00147989   0.335985   0.159022 0.00202313 0.994645 0.270027 3.27124 0.054203
1  -0.995003 -0.0883699  0.0464657  -0.072764   0.323166  -0.943541  0.0683645  -0.942207  -0.327981 0.00659797   0.337261   0.156398 0.00195603 0.997323 0.356744 2.0362 0.0316453
1  -0.993184  -0.104007  0.0526061 -0.0849316   0.336712  -0.937769  0.0798213  -0.935846  -0.343251 0.00408415   0.334802   0.161198 0.00201078 0.994645 0.26289 2.51064 0.0525843
1  -0.994543 -0.0922587  0.0486996 -0.0764797   0.327299  -0.941821  0.0709519  -0.940406  -0.332569 0.00595299   0.336481   0.157895 0.00193554 0.994645 0.52539 3.76668 0.0373115
1  -0.994426  -0.093413  0.0489024  -0.077289   0.330314  -0.940701  0.0717206  -0.939237  -0.335693 0.00590645   0.335963   0.158896 0.00193237 0.994645 0.309948 1.92194 0.0409152
1  -0.996585 -0.0679989  0.0468405 -0.0659273   0.313741  -0.947217  0.0497139  -0.947071  -0.317153  0.0100124   0.338867   0.152817 0.00197625 0.991968 0.395105 2.86494 0.0223193
1  -0.995073 -0.0877807  0.0460992 -0.0719292    0.31911  -0.944984  0.0682407  -0.943644  -0.323852 0.00663461   0.337943   0.155074 0.00193715 0.997323 0.234815 2.19317 0.0272679
1  -0.996657 -0.0668859  0.0469145 -0.0655359   0.311651  -0.947934  0.0487825   -0.94784  -0.314992  0.0103541   0.339236   0.152087 0.00195299 0.991968 0.322106 2.23008 0.0210422
1   -0.990564   -0.124518   0.0572529  -0.0962309    0.334489   -0.937474   0.0975814   -0.934137   -0.343315 0.000638448    0.334976    0.161047 0.00201883 0.994645 0.310619 1.68235 0.0648002
1    -0.990182    -0.127544    0.0572074   -0.0971635     0.333767    -0.937635     0.100495    -0.933987    -0.342883 -6.83329e-05     0.335043     0.160897 0.00204351 0.995984 0.514983 4.40086 0.0666347
1  -0.994498 -0.0929246  0.0483635 -0.0765535   0.329517  -0.941041  0.0715093  -0.939566  -0.334818  0.0057699   0.336106   0.158645 0.00194544 0.994645 0.444177 2.87884 0.0399093
1  -0.996648 -0.0669134  0.0470754 -0.0656833   0.311371  -0.948016   0.048777   -0.94793  -0.314723  0.0103643   0.339272   0.152015 0.001952 0.991968 0.307813 3.76538 0.020762
1   -0.990279   -0.126743   0.0573094  -0.0970222    0.334147   -0.937514   0.0996731    -0.93396   -0.343196 0.000211634    0.335011    0.161002 0.00203757 0.995984 0.348147 2.15032 0.066284
1  -0.996645 -0.0669286  0.0471054 -0.0657478   0.311977  -0.947812  0.0487399  -0.947729  -0.315331  0.0103836   0.339182   0.152199 0.00195259 0.991968 0.172613 1.94177 0.0212668
1  -0.994498 -0.0929246  0.0483635 -0.0765535   0.329517  -0.941041  0.0715093  -0.939566  -0.334818 0.00576991   0.336106   0.158645 0.00194544 0.994645 0.242089 2.20584 0.0399093
1  -0.991103  -0.120452  0.0566299 -0.0943579   0.335774  -0.937205  0.0938729  -0.934209  -0.344152 0.00143148   0.334728   0.161443 0.00204072 0.993307 0.354357 3.72268 0.0627195
1   -0.99432 -0.0944272  0.0490952  -0.077887   0.331254  -0.940322   0.072529  -0.938805  -0.336727 0.00575263     0.3358   0.159223 0.00193248 0.994645 0.319491 1.93178 0.0423068
1  -0.991691  -0.116052  0.0554992 -0.0910832   0.328793      -0.94  0.0908414  -0.937244  -0.336631 0.00197121   0.336009   0.158998 0.00201299 0.994645 0.519638 3.29824 0.0536101
1  -0.994506 -0.0928283  0.0483799 -0.0764608    0.32852  -0.941397  0.0714945  -0.939924  -0.333813 0.00595122   0.336282   0.158299 0.00192089 0.994645 0.336276 1.9223 0.0388132
1  -0.994558 -0.0924392  0.0480584 -0.0760339   0.328631  -0.941393  0.0712282  -0.939924  -0.333871 0.00583559   0.336262   0.158343 0.00194097 0.994645 0.489329 3.35379 0.0387978
1  -0.994633 -0.0908195  0.0495673 -0.0747758   0.299866  -0.951046    0.07151  -0.949648  -0.305048 0.00583604   0.341208   0.148827 0.00189806 0.998661 0.198586 1.77975 0.0129196
1  -0.996585 -0.0679989  0.0468405 -0.0659273   0.313741  -0.947217   0.049714  -0.947071  -0.317153  0.0100123   0.338867   0.152817 0.00197624 0.991968 0.266698 2.47196 0.0223192
1  -0.994517 -0.0926662  0.0484754 -0.0764917   0.328455  -0.941417  0.0713155  -0.939963  -0.333742 0.00600614   0.336299   0.158275 0.00191934 0.994645 0.381098 2.07464 0.0386764
1  -0.996591 -0.0679967  0.0467112 -0.0657768   0.313229  -0.947397  0.0497886   -0.94724  -0.316634 0.00997761   0.338943   0.152658 0.00197697 0.991968 0.409604 2.51225 0.0218728
1  -0.991389  -0.118088  0.0565937 -0.0934562    0.33532  -0.937458  0.0917255  -0.934674  -0.343468 0.00183806   0.334814   0.161228 0.00204971 0.993307 0.293915 2.38551 0.0606349
1  -0.995059 -0.0879601  0.0460551 -0.0719352   0.318964  -0.945033  0.0684353  -0.943676  -0.323715  0.0065996   0.337969   0.155033 0.00193263 0.997323 0.480591 2.01198 0.0271907
1  -0.991708  -0.116316  0.0546434 -0.0904922   0.330132  -0.939587  0.0912493  -0.936741   -0.33792  0.0016984   0.335772    0.15945 0.00200377 0.993307 0.40158 2.66901 0.0548093
1  -0.994377 -0.0938265  0.0491006 -0.0776521    0.33078  -0.940508  0.0720031  -0.939032  -0.336206 0.00586618   0.335882   0.159066 0.00193193 0.994645 0.460847 2.75063 0.0415702
1  -0.995069 -0.0879884  0.0457893 -0.0716393    0.31824  -0.945299  0.0686034  -0.943918  -0.322974 0.00651711    0.33808     0.1548 0.00193442 0.997323 0.284355 2.13232 0.0265105
1   -0.990564   -0.124518   0.0572529  -0.0962309    0.334489   -0.937474   0.0975814   -0.934137   -0.343315 0.000638441    0.334976    0.161047 0.00201883 0.994645 0.175264 1.99388 0.0648002
1  -0.994317 -0.0944916  0.0490348 -0.0778585   0.331341  -0.940293  0.0726025  -0.938767  -0.336815 0.00573312   0.335788   0.159254 0.00193174 0.994645 0.241216 1.99488 0.0424248
1  -0.996594 -0.0680356   0.046601 -0.0657323   0.314139  -0.947099  0.0497973  -0.946936  -0.317541 0.00997185   0.338803   0.152955 0.00197891 0.991968 0.310739 1.61018 0.022714
1   -0.990569   -0.124676   0.0568173  -0.0960559     0.33623   -0.936869   0.0977012   -0.933491   -0.345035 0.000568909    0.334694    0.161619 0.00202161 0.994645 0.469904 3.6843 0.0662429
1   -0.991139   -0.120542   0.0557924  -0.0929296    0.329167   -0.939688   0.0949072   -0.936546   -0.337453 0.000970944    0.335937    0.159215 0.00201163 0.994645 0.413069 1.64252 0.0574255
1   -0.990631   -0.124217   0.0567485   -0.095842    0.336342    -0.93685   0.0972854   -0.933512   -0.345096 0.000650503    0.334668    0.161644 0.00202797 0.994645 0.451454 3.16023 0.0659779
1  -0.994545 -0.0925559  0.0481073 -0.0761347   0.328831  -0.941315   0.071305  -0.939842  -0.334084 0.00581562   0.336223   0.158412 0.00194317 0.994645 0.216519 2.0422 0.0390529
1   -0.990593   -0.124386   0.0570484  -0.0960938    0.335469   -0.937138   0.0974289   -0.933803   -0.344265 0.000637132     0.33482    0.161371 0.00202111 0.994645 0.3279 2.22849 0.0654479
1  -0.991811  -0.115172  0.0551899 -0.0907058   0.331037  -0.939248  0.0899048  -0.936563  -0.338773 0.00217476   0.335641   0.159719 0.00200077 0.993307 0.328967 3.70045 0.0547482
1  -0.996588 -0.0680456   0.046707 -0.0658394     0.3142  -0.947071  0.0497687  -0.946915  -0.317608 0.00998849   0.338796   0.152966 0.00197834 0.991968 0.450534 3.3958 0.0227458
1  -0.995003 -0.0883486   0.046509 -0.0727991    0.32318  -0.943533   0.068329  -0.942204  -0.327997 0.00660437    0.33726   0.156402 0.00195662 0.997323 0.345101 2.02221 0.0316484
1  -0.994514 -0.0925962  0.0486605 -0.0765588   0.327338  -0.941801  0.0712787  -0.940359  -0.332632 0.00602545   0.336483   0.157914 0.00191569 0.994645 0.195221 2.14151 0.0374808
1  -0.994498 -0.0929246  0.0483635 -0.0765535   0.329517  -0.941041  0.0715093  -0.939566  -0.334817  0.0057699   0.336106   0.158645 0.00194544 0.994645 0.389539 2.28262 0.0399093
1  -0.991358  -0.118688  0.0558742 -0.0928513   0.333979  -0.937996  0.0926677  -0.935078  -0.342113 0.00143764   0.335035   0.160818 0.00204608 0.993307 0.361502 4.12477 0.0598718
1  -0.994514 -0.0925962  0.0486605 -0.0765588   0.327338  -0.941801  0.0712787  -0.940359  -0.332632 0.00602545   0.336483   0.157914 0.00191569 0.994645 0.228036 1.92115 0.0374809
1   -0.990527   -0.124798   0.0572886  -0.0963426    0.334301   -0.937529   0.0978505   -0.934167   -0.343158 0.000567163    0.335008    0.160996 0.00201675 0.994645 0.472369 3.68041 0.0648779
1  -0.996587  -0.068035  0.0467444 -0.0658256   0.313326  -0.947362  0.0498075  -0.947206  -0.316735 0.00997575   0.338931   0.152685 0.00197628 0.991968 0.157352 2.01244 0.0219348
1  -0.991389  -0.118088  0.0565937 -0.0934561    0.33532  -0.937458  0.0917255  -0.934674  -0.343468 0.00183806   0.334814   0.161228 0.0020497 0.993307 0.337156 2.12295 0.0606349
1  -0.994501 -0.0927184  0.0486908 -0.0766402   0.327494   -0.94174  0.0713707  -0.940293  -0.332799  0.0059989   0.336453   0.157967 0.00191691 0.994645 0.234267 1.65184 0.0376929
1   -0.990564   -0.124518   0.0572529  -0.0962309    0.334489   -0.937474   0.0975815   -0.934137   -0.343315 0.000638437    0.334976    0.161047 0.00201883 0.994645 0.257716 1.52834 0.0648002
1  -0.991714  -0.116275  0.0546196 -0.0904503   0.330078   -0.93961   0.091224  -0.936765   -0.33786 0.00170556   0.335784   0.159431 0.0020029 0.993307 0.295104 3.40153 0.0547322
1  -0.995032 -0.0882362  0.0461018  -0.072097   0.319342  -0.944893  0.0686515  -0.943523  -0.324117 0.00654302   0.337901   0.155163 0.00193312 0.997323 0.277895 1.87574 0.0276752
1   -0.990576   -0.124649   0.0567572  -0.0959173    0.335539    -0.93713   0.0977679   -0.933743   -0.344333 0.000469076     0.33479    0.161416 0.00202818 0.994645 0.292966 3.3392 0.0656811
1  -0.991759    -0.1158  0.0548122 -0.0904077   0.329428  -0.939843  0.0907774  -0.937053  -0.337182 0.00194873   0.335895   0.159226 0.00201766 0.994645 0.217724 1.93352 0.0538597
1   -0.990564   -0.124518   0.0572529  -0.0962309    0.334489   -0.937474   0.0975814   -0.934137   -0.343315 0.000638446    0.334976    0.161047 0.00201884 0.994645 0.369003 1.50824 0.0648001
1  -0.994498 -0.0929246  0.0483635 -0.0765535   0.329517  -0.941041  0.0715093  -0.939566  -0.334818  0.0057699   0.336106   0.158645 0.00194544 0.994645 0.418043 3.26443 0.0399094
1  -0.990415  -0.125729  0.0571864 -0.0967649   0.336152  -0.936824  0.0985622  -0.933378  -0.345096 0.00041073   0.334683   0.161636 0.00202148 0.994645 0.321415 4.22674 0.0670377
1  -0.994547 -0.0922306  0.0486847 -0.0764558   0.327293  -0.941825  0.0709309  -0.940411  -0.332559  0.0059587   0.336479   0.157894 0.0019363 0.994645 0.573325 4.06569 0.0372952
1  -0.995073 -0.0877807  0.0460992 -0.0719292    0.31911  -0.944984  0.0682406  -0.943644  -0.323852 0.00663462   0.337943   0.155074 0.00193716 0.997323 0.232647 2.24485 0.0272679
1  -0.992079     -0.112  0.0568842  -0.090958   0.328153  -0.940235  0.0866393  -0.937962  -0.335741 0.00267707   0.336253    0.15856 0.00197314 0.994645 0.371258 3.63545 0.0502697
1  -0.994514 -0.0925962  0.0486605 -0.0765588   0.327338  -0.941801  0.0712787  -0.940359  -0.332632 0.00602545   0.336483   0.157914 0.00191569 0.994645 0.432914 3.14819 0.0374809
1  -0.994377 -0.0938265  0.0491006 -0.0776521    0.33078  -0.940508  0.0720031  -0.939032  -0.336206 0.00586618   0.335882   0.159066 0.00193193 0.994645 0.214816 1.89615 0.0415702
1  -0.994488 -0.0931391  0.0481454 -0.0766177   0.332115  -0.940122  0.0715723  -0.938629  -0.337421 0.00590136   0.335659   0.159481 0.00194392 0.994645 0.429857 2.60506 0.0427168
1  -0.996587  -0.068035  0.0467444 -0.0658256   0.313325  -0.947362  0.0498075  -0.947206  -0.316735 0.00997575   0.338931   0.152685 0.00197628 0.991968 0.3558 2.93762 0.0219348
1  -0.994492 -0.0928189  0.0486891 -0.0766879   0.327699  -0.941664  0.0714488  -0.940212  -0.333013 0.00597524   0.336415   0.158034 0.00191855 0.994645 0.38342 5.65994 0.0379479
1  -0.994665 -0.0902041  0.0500527 -0.0749697   0.298776  -0.951374  0.0708632  -0.950051  -0.303945 0.00594055   0.341428   0.148444 0.00190391 0.998661 0.313811 2.07572 0.0119192
