1  -0.991752  -0.115673  0.0552127 -0.0909051   0.331098  -0.939207  0.0903601   -0.93648  -0.338882 0.00212676   0.335602   0.159781 0.00202891 0.994645 0.392883 1.94557 0.0551704
1  -0.994682  -0.090753   0.048702 -0.0752025   0.316854  -0.945488  0.0703745  -0.944122  -0.321994 0.00627136   0.338146   0.154652 0.00191053 0.994645 0.348867 1.61886 0.0260582
1  -0.994568  -0.092922  0.0469085 -0.0755246   0.334077  -0.939515  0.0716306  -0.937954   -0.33928  0.0057104   0.335373   0.160073 0.00195759 0.994645 0.374929 1.78672 0.0447451
1   -0.99658 -0.0682647  0.0465578 -0.0657836   0.314505  -0.946974  0.0500021  -0.946798  -0.317921 0.00989861   0.338759   0.153106 0.00197747 0.991968 0.410088 3.46359 0.0229586
1  -0.994723 -0.0912577  0.0468795 -0.0741094   0.323155   -0.94344  0.0709468  -0.941936  -0.328212 0.00604123   0.337005   0.156575 0.00197363 0.994645 0.351172 2.0708 0.0327512
1  -0.996574 -0.0689183  0.0457251 -0.0650136   0.311028  -0.948174  0.0511248  -0.947899  -0.314443 0.00951007   0.339282   0.152035 0.00197962 0.991968 0.20727 2.29442 0.0196563
1  -0.994671 -0.0912918  0.0479094 -0.0752952   0.325794  -0.942438  0.0704282  -0.941023  -0.330932 0.00608946   0.336785   0.157399 0.00191707 0.994645 0.43968 3.68676 0.0353821
1  -0.994426 -0.0931422  0.0494095 -0.0774227   0.326966  -0.941859  0.0715715  -0.940435  -0.332355 0.00577705   0.336502     0.1578 0.00194687 0.994645 0.351958 1.99533 0.0373296
1  -0.991656  -0.117373  0.0533074 -0.0905678   0.340069  -0.936029   0.091736  -0.933047  -0.347862 0.00152328   0.334116   0.162578 0.00206025 0.993307 0.456231 2.9574 0.0638922
1  -0.995657 -0.0796561  0.0481822  -0.071002   0.315013  -0.946428  0.0602108  -0.945739    -0.3193 0.00834667    0.33864   0.153529 0.00199272 0.995984 0.307664 1.98079 0.020766
1    -0.989457    -0.133521    0.0560993    -0.101774     0.365445    -0.925252      0.10304    -0.921207    -0.375181 -0.000446573     0.329313     0.171193 0.00222318 0.990629 0.264726 1.74572 0.0979777
1  -0.991558  -0.117846  0.0540778 -0.0907239     0.3326  -0.938694  0.0926349  -0.935676  -0.340484 0.00136209   0.335374    0.16023 0.00203388 0.994645 0.335106 3.01021 0.0578896
1  -0.994672 -0.0906057  0.0491655 -0.0751426   0.310769   -0.94751  0.0705707  -0.946157  -0.315922 0.00594193   0.339075   0.152667 0.00197798 0.997323 0.460842 4.74785 0.0202351
1  -0.994315 -0.0946324  0.0488109 -0.0780411   0.335817  -0.938689  0.0724388  -0.937161  -0.341293 0.00574804   0.335014   0.160696 0.00194269 0.993307 0.199739 2.14675 0.0471836
1  -0.992195  -0.111139  0.0565471  -0.090255   0.327154  -0.940651   0.086043  -0.938413  -0.334632 0.00267805   0.336525   0.158056 0.00196999 0.995984 0.480199 2.8806 0.0487394
1   -0.99487  -0.088912  0.0482553 -0.0744901   0.321098  -0.944112  0.0684481  -0.942863  -0.326074 0.00639761   0.337542   0.155777 0.00198924 0.997323 0.397645 1.79715 0.0295476
1   -0.991455   -0.120395    0.050223  -0.0897433     0.35008   -0.932411   0.0946759   -0.928951   -0.357893 0.000645368    0.332177    0.166103 0.00211905 0.98929 0.222353 3.18951 0.0749079
0    -0.988891     -0.13685    0.0580288     -0.10692      0.38367     -0.91726     0.103263    -0.913274     -0.39404 -0.000320002     0.325861     0.177094 0.00240865 0.987952 0.213234 2.19474 0.117926
1  -0.994992 -0.0884774  0.0465059 -0.0728211   0.322938  -0.943614    0.06847  -0.942275  -0.327764 0.00658674   0.337172   0.156417 0.00198672 0.997323 0.223907 2.74614 0.0314792
1   -0.99439 -0.0941384  0.0482278 -0.0767908   0.328952  -0.941219  0.0727402  -0.939643  -0.334336  0.0055859   0.336194   0.158498 0.00192327 0.994645 0.235996 3.14518 0.0398243
1  -0.995191 -0.0866113  0.0457523 -0.0710466   0.316696  -0.945862  0.0674328  -0.944564  -0.321327 0.00681202   0.338346   0.154229 0.0019402 0.997323 0.240116 1.94727 0.0244285
1   -0.990584   -0.124245   0.0575066  -0.0965245    0.335914   -0.936934   0.0970924   -0.933662   -0.344744 0.000772127     0.33471    0.161497 0.00203494 0.994645 0.343067 3.73837 0.0657545
1   -0.99314  -0.102816  0.0557009 -0.0862143   0.322012  -0.942802  0.0789983  -0.941136  -0.328667  0.0041715   0.337415     0.1563 0.00191698 0.994645 0.337067 1.8261 0.0384451
1  -0.994713 -0.0909959  0.0475949 -0.0753855   0.332331  -0.940145  0.0697321  -0.938763  -0.337434 0.00639661   0.335691   0.159464 0.00193827 0.994645 0.378141 2.83128 0.0421825
1  -0.994493 -0.0928795  0.0485512 -0.0762561   0.323482  -0.943157  0.0718946  -0.941665  -0.328783 0.00580275   0.337107   0.156683 0.00190797 0.994645 0.336659 1.6286 0.0336606
1  -0.993822 -0.0997086  0.0487397 -0.0814398   0.356829  -0.930613  0.0753984  -0.928833  -0.362745 0.00510812   0.331535   0.167443 0.00203131 0.993307 0.353791 1.92961 0.0714808
1  -0.994162 -0.0958737  0.0494904 -0.0785876   0.329168  -0.940995  0.0739261  -0.939392  -0.334781 0.00533509   0.336142   0.158588 0.00192327 0.994645 0.372699 1.70282 0.0408025
1  -0.993924 -0.0988673  0.0483861 -0.0805414   0.353605  -0.931921  0.0750269  -0.930155  -0.359419 0.00507306   0.332054   0.166315 0.00203097 0.993307 0.30232 1.6599 0.0676829
1   -0.991576    -0.11726   0.0550113  -0.0876239    0.294524   -0.951618   0.0953848   -0.948423   -0.302318 0.000872458     0.34173    0.147774 0.00200092 0.998661 0.315122 1.95047 0.0392024
1  -0.996043 -0.0823506  0.0334116 -0.0628983   0.387635  -0.919665  0.0627834  -0.918127   -0.39128 0.00800977   0.325857   0.176834 0.00262374 0.985274 0.00731066 0.958173 0.103378
1   -0.99449 -0.0926724  0.0490074 -0.0772346   0.331593  -0.940256  0.0708852   -0.93886  -0.336924 0.00630838   0.335732   0.159298 0.00192516 0.993307 0.427661 2.57195 0.0419699
1  -0.994989 -0.0879246  0.0475968 -0.0730162   0.313811  -0.946674  0.0682994  -0.945406  -0.318659 0.00661157   0.338819   0.153295 0.00192989 0.997323 0.412263 3.69174 0.0217309
1   -0.99522  -0.086797  0.0447611 -0.0704506   0.320681  -0.944564  0.0676313  -0.943202  -0.325263 0.00678241    0.33768   0.155535 0.00195268 0.997323 0.248469 1.98431 0.0287839
1  -0.993054  -0.106857  0.0492485  -0.086008   0.373635   -0.92358  0.0802904    -0.9214   -0.38023 0.00434142   0.328295   0.172832 0.00228652 0.991968 0.241104 1.80906 0.0922467
1  -0.994799 -0.0902915  0.0471495 -0.0746454   0.331249  -0.940586  0.0693087  -0.939213  -0.336266 0.00636104   0.335748   0.159073 0.00199549 0.994645 0.444429 3.14382 0.0408303
1  -0.994482 -0.0931579  0.0482317  -0.076178   0.325211  -0.942568  0.0721222  -0.941042  -0.330513 0.00576038    0.33678   0.157282 0.00192277 0.994645 0.180146 1.62975 0.0355682
1  -0.993617  -0.100525   0.051191   -0.08308   0.345114  -0.934877  0.0763113  -0.933162  -0.351262 0.00489453   0.333398   0.163809 0.00199936 0.993307 0.116757 1.53462 0.0594174
1  -0.995026 -0.0894519  0.0438381 -0.0703275   0.319125    -0.9451  0.0705511  -0.943482  -0.323829 0.00595006   0.338259   0.155074 0.00191079 0.997323 0.265309 2.34103 0.0283283
1  -0.995428 -0.0857324   0.042096 -0.0659606   0.298324  -0.952183  0.0690746  -0.950607  -0.302615 0.00596611    0.34148   0.148305 0.00196716 1 0.343566 1.81526 0.0123999
1  -0.996525 -0.0693909  0.0460688 -0.0662666   0.325439  -0.943238  0.0504596  -0.943014  -0.328906   0.010024   0.336899   0.156744 0.00208983 0.994645 0.253901 3.63646 0.0336858
1  -0.994935 -0.0886067  0.0474703 -0.0736475   0.321134  -0.944166   0.068415  -0.942879  -0.326034 0.00640941    0.33749   0.155756 0.00200199 0.997323 0.341163 2.64634 0.0295299
1  -0.992228  -0.113563  0.0508622 -0.0872802    0.34384  -0.934963  0.0886888  -0.932136   -0.35108   0.002528   0.333246   0.164002 0.00213191 0.991968 0.191662 2.13606 0.0648633
1    -0.9916  -0.115982  0.0572442 -0.0920465    0.32188  -0.942295  0.0908639   -0.93965  -0.329852 0.00207228   0.337083   0.156763 0.00201547 0.994645 0.516232 4.69986 0.0486095
1  -0.993679  -0.101565  0.0478234 -0.0822761   0.369055  -0.925759  0.0763753  -0.923841  -0.375079 0.00497698   0.329154   0.171378 0.00221152 0.991968 0.356287 3.01503 0.0854349
1  -0.991551  -0.118871  0.0519296 -0.0920606   0.362818  -0.927301  0.0913878  -0.924247  -0.370696 0.00197776   0.329919   0.169855 0.00225215 0.990629 0.277625 1.82205 0.086433
1  -0.994501 -0.0923388  0.0494013 -0.0764961   0.318363  -0.944877  0.0715213  -0.943461  -0.323676 0.00591417   0.337835   0.155077 0.00193093 0.994645 0.241928 3.42982 0.0283016
1  -0.993987 -0.0983747  0.0480941 -0.0790152   0.340292  -0.936994  0.0758105   -0.93516  -0.346019 0.00483003   0.334291   0.162151 0.00195495 0.993307 0.178725 1.87835 0.0533607
1  -0.994429 -0.0940895  0.0475232 -0.0768683   0.338792  -0.937716  0.0721287  -0.936145  -0.344137 0.00559039   0.334576   0.161623 0.00197863 0.994645 0.458818 2.90918 0.0501579
1  -0.994158 -0.0954263  0.0504353 -0.0798878   0.336335  -0.938348  0.0725799  -0.936895  -0.341993 0.00582593   0.334825   0.160776 0.00199478 0.993307 0.430724 1.90168 0.0480512
1  -0.996529 -0.0680454  0.0479475 -0.0673428   0.320448  -0.944869  0.0489293  -0.944819  -0.323919     0.0103   0.337771   0.154782 0.00203655 0.991968 0.359349 3.16663 0.0286765
1  -0.997523 -0.0588889  0.0384809 -0.0558699   0.330807  -0.942043  0.0427461  -0.941859  -0.333277  0.0118519   0.335792    0.15863 0.00224666 0.995984 0.0984076 1.48362 0.0445272
1  -0.994625  -0.092347  0.0468347 -0.0766173   0.352123  -0.932812  0.0696509  -0.931387  -0.357306 0.00636991   0.332294    0.16571 0.0020776 0.994645 0.33201 2.0363 0.0641083
1  -0.997468 -0.0609744  0.0365965 -0.0537143   0.308739  -0.949629  0.0466043   -0.94919  -0.311232   0.010774   0.339482   0.151702 0.00215863 0.995984 0.351568 1.79321 0.0270607
1  -0.992526  -0.108454  0.0559363 -0.0875616   0.313685  -0.945481  0.0849953  -0.943313  -0.320837 0.00292401   0.338794   0.153626 0.00190998 0.995984 0.300661 1.58215 0.0365663
1  -0.994125 -0.0963454  0.0493246 -0.0789446   0.333655  -0.939384  0.0740479  -0.937759  -0.339301 0.00533887   0.335403   0.160027 0.0019192 0.993307 0.275524 1.87025 0.0456116
1  -0.991625  -0.117479  0.0536581 -0.0896391    0.32693  -0.940788  0.0929806  -0.937718  -0.334722 0.00119374   0.336209   0.158476 0.00204214 0.994645 0.263169 3.24559 0.0531356
1  -0.995017 -0.0885249  0.0458764 -0.0723547   0.324516  -0.943109   0.068601  -0.941729  -0.329304 0.00649752   0.337048   0.156819 0.00196244 0.997323 0.354636 2.01578 0.0331788
1  -0.993081  -0.104528  0.0535214 -0.0856063   0.332389  -0.939249  0.0803882  -0.937332  -0.339037  0.0039621   0.335419   0.159867 0.00203314 0.994645 0.254694 2.45603 0.0487874
1  -0.994681 -0.0915665  0.0471809 -0.0748166    0.32739  -0.941923  0.0708021  -0.940442  -0.332499 0.00597281   0.336634   0.157814 0.00194152 0.997323 0.523923 3.71638 0.0371518
1  -0.994397 -0.0934873  0.0493497 -0.0780321   0.334186  -0.939271   0.071318  -0.937859  -0.339609 0.00601153   0.335226   0.160104 0.00197149 0.993307 0.295979 1.86739 0.0450283
1  -0.996465 -0.0694847  0.0472208  -0.066874   0.315828  -0.946457  0.0508506  -0.946269  -0.319358 0.00973546   0.338584   0.153454 0.00197485 0.991968 0.395532 2.82011 0.0235718
1   -0.99513 -0.0864742  0.0473084 -0.0713452   0.300734  -0.951036  0.0680128  -0.949779   -0.30544 0.00661361   0.340777   0.149119 0.00193433 0.997323 0.235932 2.12215 0.0101467
0  -0.996873 -0.0624687  0.0483953 -0.0657001   0.314906  -0.946846  0.0439084  -0.947065  -0.318025  0.0118821   0.338665   0.152925 0.00204385 0.994645 0.290568 2.17525 0.0263655
1   -0.990895   -0.122941   0.0548834  -0.0922969    0.323506   -0.941714   0.0980201   -0.938206   -0.331907 0.000367084    0.336922    0.157433 0.00199974 0.997323 0.31714 1.59838 0.0552932
0  -0.989555  -0.132647  0.0564363  -0.104812   0.393278  -0.913426  0.0989678  -0.909801  -0.403073 0.00097813   0.324197   0.179755 0.002584 0.98929 0.3867 4.30662 0.125158
1  -0.994425 -0.0936897    0.04839  -0.077437    0.33735  -0.938189  0.0715742  -0.936705  -0.342724 0.00586978   0.334747   0.161109 0.00198903 0.994645 0.431725 2.8341 0.0484598
1  -0.996706  -0.066124  0.0469551 -0.0652511   0.310021  -0.948488  0.0481608  -0.948428  -0.313314  0.0105323   0.339405   0.151584 0.00197122 0.991968 0.300998 3.72502 0.0201816
1   -0.988566   -0.137612   0.0616536    -0.10559     0.33983   -0.934541    0.107652   -0.930365   -0.350475 -0.00179039    0.333262    0.163588 0.0022628 0.986613 0.276093 2.05507 0.0801486
1  -0.996633 -0.0680523  0.0457392  -0.065475   0.324715  -0.943543   0.049358   -0.94336  -0.328078  0.0101972    0.33719   0.156194 0.00202865 0.993307 0.140381 1.90664 0.0332713
1  -0.994459  -0.093128  0.0487703  -0.076958   0.328874  -0.941233  0.0716159  -0.939771  -0.334218 0.00577011   0.336198   0.158457 0.00194431 0.994645 0.242529 2.17857 0.0393169
1  -0.990975  -0.121125  0.0574169 -0.0948783   0.331238  -0.938765   0.094689   -0.93574  -0.339741 0.00115215   0.335397   0.160068 0.00205383 0.993307 0.350208 3.6822 0.0597254
1  -0.994267 -0.0945483  0.0499354 -0.0788643   0.333092   -0.93959  0.0722036  -0.938142  -0.338639 0.00592199   0.335482   0.159759 0.00192734 0.993307 0.321301 1.90153 0.0442701
1  -0.991688   -0.11588  0.0559124 -0.0911308    0.32584  -0.941023  0.0908277  -0.938296  -0.333692 0.00198174   0.336473   0.158071 0.00200815 0.994645 0.520793 3.2729 0.0512409
1  -0.994532 -0.0929359   0.047631 -0.0756379   0.326557  -0.942146  0.0720049  -0.940597  -0.331801 0.00577226   0.336603   0.157745 0.00191503 0.994645 0.338302 1.89706 0.0368801
1  -0.994591 -0.0917895  0.0486234 -0.0763009    0.32797  -0.941602  0.0704822  -0.940218  -0.333199 0.00609033   0.336348    0.15811 0.0019447 0.994645 0.488348 3.31856 0.0378345
1   -0.99471 -0.0903281   0.048907 -0.0740139   0.300137   -0.95102   0.071225   -0.94961  -0.305235 0.00589217   0.341195   0.148899 0.00189888 0.998661 0.19824 1.72915 0.0126862
1  -0.996496 -0.0687622  0.0476157 -0.0668086   0.311884  -0.947768  0.0503201  -0.947629  -0.315385  0.0100122   0.339163   0.152354 0.00199211 0.994645 0.260811 2.40727 0.0201265
1  -0.994868 -0.0893963  0.0473912 -0.0742906   0.327405  -0.941959  0.0686915  -0.940646  -0.332366 0.00654113   0.336555   0.157886 0.00196988 0.997323 0.364801 1.96456 0.0364189
1    -0.9968 -0.0662235  0.0447761 -0.0631986   0.309825  -0.948691  0.0489529  -0.948484  -0.313019  0.0101624   0.339431   0.151606 0.00200144 0.993307 0.402297 2.47844 0.020523
1  -0.991995  -0.113676  0.0549893 -0.0901586   0.332676  -0.938722  0.0884166  -0.936165  -0.340262 0.00264328   0.335051   0.160391 0.00211621 0.991968 0.271008 2.27711 0.0551128
1  -0.995106 -0.0873093  0.0462641 -0.0716809   0.315616  -0.946176  0.0680083  -0.944862   -0.32033 0.00673242   0.338492   0.153934 0.00193079 0.997323 0.481083 1.97181 0.0235085
1  -0.991849  -0.115047  0.0547754 -0.0903185   0.331537  -0.939109  0.0898813  -0.936401  -0.339225 0.00212437   0.335571   0.159912 0.00199896 0.993307 0.403016 2.60897 0.0550394
1  -0.994255 -0.0951002  0.0491197 -0.0783643   0.334154  -0.939255  0.0729098  -0.937708  -0.339687 0.00561227   0.335344    0.16018 0.00193594 0.994645 0.45973 2.70573 0.0456132
1  -0.995151   -0.08745   0.045012 -0.0704864   0.314936  -0.946492  0.0685947  -0.945075  -0.319574  0.0064614   0.338587   0.153718 0.00193721 0.997323 0.283325 2.09675 0.0231715
1   -0.990709   -0.124089   0.0556568  -0.0940983    0.329975   -0.939288   0.0981898   -0.935798   -0.338586 0.000329189    0.335702    0.159581 0.00201704 0.994645 0.175998 1.93355 0.0608553
1  -0.994322 -0.0940794  0.0497316 -0.0787461   0.336157  -0.938508  0.0715766  -0.937095  -0.341657 0.00613861   0.334947   0.160762 0.00194866 0.993307 0.234573 1.95995 0.0473352
1  -0.997721 -0.0549372  0.0391768  -0.054767   0.320181  -0.945772  0.0394144  -0.945762   -0.32246  0.0128121   0.337511   0.154956 0.00223366 0.995984 0.222008 1.53061 0.0374866
1   -0.990516   -0.125089   0.0568463  -0.0964239    0.338096   -0.936159   0.0978839   -0.932761   -0.346951 0.000541406      0.3344    0.162211 0.00202251 0.994645 0.46967 3.65379 0.0680559
1  -0.990993  -0.120746  0.0579029   -0.09451   0.324314  -0.941216  0.0948692  -0.938212  -0.332805 0.00105168    0.33678   0.157767 0.00199009 0.994645 0.419354 1.61226 0.0543843
1  -0.990794  -0.122551  0.0575122 -0.0966137   0.342533  -0.934525  0.0948272  -0.931479   -0.35122 0.00133848   0.333624   0.163548 0.0020538 0.993307 0.444469 3.07089 0.0700485
1  -0.994751 -0.0919645  0.0448672 -0.0730295   0.330931  -0.940825  0.0716745  -0.939163   -0.33591 0.00557926   0.335846   0.159135 0.00197081 0.994645 0.205375 2.00204 0.0412818
1   -0.990665   -0.123731   0.0572083  -0.0964327    0.339488   -0.935654   0.0963481   -0.932437   -0.348251 0.000894581    0.334109    0.162745 0.00203477 0.993307 0.323357 2.13919 0.0682847
1  -0.992266  -0.111786  0.0539557 -0.0889898   0.337622  -0.937066  0.0865345   -0.93462  -0.344959 0.00295206   0.334452   0.161871 0.00206049 0.993307 0.308936 3.56998 0.0581459
1  -0.996485 -0.0690348  0.0474499 -0.0670859   0.318432  -0.945569  0.0501676  -0.945429  -0.321944  0.0099164   0.338142   0.154302 0.00199466 0.991968 0.446002 3.37033 0.0263305
1  -0.995007 -0.0883518  0.0464141 -0.0726537   0.322401  -0.943811  0.0684234  -0.942471  -0.327211  0.0065642    0.33739   0.156162 0.0019534 0.997323 0.34618 2.00144 0.0308474
1  -0.994514  -0.092663  0.0485266 -0.0763243   0.325627  -0.942413  0.0715252  -0.940947  -0.330913 0.00594002    0.33679   0.157389 0.00190314 0.994645 0.200494 2.12095 0.0357491
1  -0.994416 -0.0927057  0.0504305 -0.0791454      0.339  -0.937451  0.0698112  -0.936208  -0.344444 0.00651356   0.334421   0.161645 0.00199838 0.993307 0.372926 2.23267 0.0499508
1  -0.991361  -0.118667  0.0558627 -0.0930901   0.336574  -0.937044   0.092394   -0.93415  -0.344714 0.00154065    0.33462   0.161639 0.00205099 0.993307 0.35997 4.08892 0.0620275
1   -0.99449 -0.0929194  0.0485376 -0.0765471   0.327291  -0.941818  0.0716272  -0.940344    -0.3326 0.00592549     0.3365   0.157809 0.00192002 0.994645 0.226293 1.87127 0.0375427
1   -0.990386   -0.125742   0.0576668  -0.0977818    0.341451   -0.934799   0.0978533   -0.931451   -0.350463 0.000605348    0.333859    0.163237 0.00203531 0.994645 0.467514 3.64763 0.0713989
1  -0.996548  -0.068796   0.046466 -0.0656585   0.310628  -0.948261  0.0508029  -0.948039  -0.314072 0.00963297   0.339366   0.151847 0.001973 0.991968 0.158752 1.9871 0.0191697
1  -0.991623  -0.116072  0.0566587 -0.0931935    0.33924  -0.936072  0.0894309  -0.933512  -0.347215 0.00256288   0.334184   0.162459 0.00206574 0.993307 0.331968 2.07791 0.0626683
1  -0.994286 -0.0928702  0.0526439 -0.0800044   0.321749  -0.943439  0.0706793  -0.942259   -0.32734 0.00640441   0.337378   0.156117 0.00190937 0.994645 0.237282 1.61683 0.0319772
1  -0.990505  -0.124654  0.0579836 -0.0970616    0.33537  -0.937073  0.0973637  -0.933803  -0.344284 0.00075115   0.334773   0.161319 0.00204029 0.994645 0.249825 1.50313 0.0656996
1  -0.991992  -0.115313  0.0515322 -0.0874949   0.333139  -0.938809  0.0910896    -0.9358  -0.340561 0.00153426    0.33532   0.160367 0.00201732 0.993307 0.29003 3.33205 0.0563368
1  -0.995125 -0.0899885  0.0403495 -0.0672718   0.320212  -0.944954  0.0721146  -0.943062  -0.324704 0.00524094   0.337782   0.155527 0.00196443 0.997323 0.2662 1.81621 0.0306578
1   -0.990705   -0.123919   0.0560982  -0.0951829    0.336916   -0.936711    0.097176   -0.933344    -0.34558 0.000638465    0.334577    0.161845 0.00203093 0.994645 0.292007 3.30854 0.0661425
1  -0.991741  -0.116037   0.054637 -0.0904764   0.331015  -0.939278  0.0909048  -0.936464   -0.33878 0.00188625   0.335593   0.159715 0.0020362 0.994645 0.210537 1.90832 0.0553094
1   -0.990609   -0.124198   0.0571731  -0.0956226    0.330448   -0.938968   0.0977248   -0.935617   -0.339221 0.000556623    0.335699     0.15973 0.00199628 0.994645 0.376054 1.46255 0.0614606
1  -0.994243 -0.0951628  0.0492519 -0.0779808   0.327359  -0.941677  0.0734896  -0.940096  -0.332895 0.00536142    0.33643   0.158055 0.00192708 0.994645 0.423535 3.18516 0.0386594
1   -0.990369   -0.126293   0.0567354  -0.0979455    0.349469   -0.931814   0.0978539   -0.928397   -0.358473 0.000808301     0.33234    0.166058 0.0020974 0.993307 0.295929 4.17186 0.0786619
1  -0.995103 -0.0864473  0.0479299 -0.0728739   0.314015  -0.946617  0.0667817  -0.945474  -0.318777 0.00691611   0.338528   0.153496 0.00202125 0.997323 0.554605 3.86252 0.0213448
1  -0.995107 -0.0868852  0.0470474  -0.072018   0.311821  -0.947408  0.0676453   -0.94616  -0.316552 0.00683358   0.339114   0.152676 0.00192427 0.997323 0.237753 2.19513 0.0194138
1  -0.992018  -0.112058  0.0578285 -0.0929594   0.340004  -0.935818  0.0852044  -0.933724  -0.347707 0.00321353   0.334331    0.16229 0.00202094 0.994645 0.356028 3.59507 0.0609315
1   -0.99471 -0.0898053  0.0498618 -0.0759688   0.316459  -0.945559  0.0691371  -0.944346  -0.321607 0.00659342   0.338308   0.154427 0.00192971 0.997323 0.428764 3.05829 0.0251161
1  -0.994293 -0.0943819  0.0497328 -0.0787219   0.334471  -0.939112   0.072001  -0.937668  -0.339992 0.00591201   0.335239     0.1602 0.00194051 0.993307 0.211328 1.86552 0.045657
1  -0.994597 -0.0922991  0.0475092  -0.075868   0.333929   -0.93954   0.070854  -0.938068  -0.339127  0.0060784   0.335349    0.16005 0.00195984 0.994645 0.425186 2.57443 0.0443543
0  -0.996476  -0.066941  0.0505487 -0.0680593   0.292963  -0.953698  0.0490326  -0.953777  -0.296487  0.0103307   0.341956    0.14609 0.00197983 0.991968 0.354642 2.88144 0.0132046
1  -0.994492 -0.0926841  0.0489488 -0.0769185   0.328093  -0.941509  0.0712032  -0.940088  -0.333415 0.00606057   0.336331   0.158167 0.00192546 0.994645 0.3812 5.63314 0.0383016
1  -0.994721 -0.0901356  0.0490445 -0.0741968   0.301618  -0.950537  0.0708845  -0.949159  -0.306714 0.00591908    0.34096   0.149341 0.00190299 0.998661 0.314142 2.04561 0.0131101
