1   -0.990265   -0.126842   0.0573214  -0.0970368    0.333854   -0.937617   0.0997924   -0.934052   -0.342912 0.000173074    0.335061    0.160899 0.00203694 0.995984 0.390479 0.07232 0.0661411
1  -0.994472 -0.0932485  0.0482756 -0.0767948   0.332335   -0.94003  0.0716127   -0.93854  -0.337659 0.00591439   0.335627    0.15956 0.00194148 0.994645 0.338321 0.0916763 0.0429875
1  -0.994671 -0.0911749  0.0481229 -0.0758283   0.330757  -0.940665   0.069848  -0.939301  -0.335908 0.00624861   0.335916      0.159 0.00195352 0.994645 0.37623 0.0870465 0.040567
0   -0.999556 -0.00208385   0.0297105  -0.0290822    0.283486   -0.958535 -0.00642506   -0.958974   -0.283421   0.0215922    0.342856    0.142236 0.00257317 0.947791 0.232382 0.36792 0.0830651
1  -0.996646 -0.0668828  0.0471551 -0.0657679    0.31173  -0.947892   0.048698  -0.947814  -0.315083  0.0103952    0.33922   0.152134 0.00195122 0.991968 0.358541 0.133596 0.0210738
1  -0.996594 -0.0680356   0.046601 -0.0657323   0.314139  -0.947099  0.0497973  -0.946936  -0.317541 0.00997185   0.338803   0.152955 0.00197891 0.991968 0.207554 0.0586843 0.022714
1    -0.990184      -0.1275    0.0572603   -0.0971935     0.333722    -0.937647     0.100441    -0.934009    -0.342839 -5.12401e-05     0.335053     0.160876 0.00204301 0.995984 0.40287 0.396001 0.0665712
1  -0.993213  -0.104081   0.051923 -0.0846477   0.340634  -0.936378  0.0797727  -0.934417  -0.347132 0.00413519     0.3341     0.1625 0.0020395 0.994645 0.321124 0.122779 0.0564959
1  -0.994498 -0.0929246  0.0483635 -0.0765535   0.329517  -0.941041  0.0715093  -0.939566  -0.334818 0.00576989   0.336106   0.158645 0.00194544 0.994645 0.486533 0.45917 0.0399093
1  -0.994472 -0.0932485  0.0482756 -0.0767948   0.332335   -0.94003  0.0716127   -0.93854  -0.337659 0.00591438   0.335627    0.15956 0.00194148 0.994645 0.325469 0.111274 0.0429875
1   -0.990263   -0.126823   0.0574019  -0.0971405    0.334175   -0.937492    0.099713    -0.93394    -0.34324 0.000204743    0.335009    0.161002 0.00203744 0.995984 0.326156 0.140827 0.0663783
1  -0.994498 -0.0929246  0.0483635 -0.0765535   0.329517  -0.941041  0.0715093  -0.939566  -0.334818  0.0057699   0.336106   0.158645 0.00194544 0.994645 0.364018 0.640034 0.0399093
1  -0.996594 -0.0680356   0.046601 -0.0657323   0.314139  -0.947099  0.0497973  -0.946936  -0.317541 0.00997185   0.338803   0.152955 0.00197891 0.991968 0.460588 1.05556 0.022714
1  -0.995073 -0.0877808  0.0460992 -0.0719292    0.31911  -0.944984  0.0682407  -0.943644  -0.323852 0.00663461   0.337943   0.155074 0.00193716 0.997323 0.202019 0.254547 0.0272679
1    -0.990184      -0.1275    0.0572604   -0.0971935     0.333722    -0.937647     0.100441    -0.934009    -0.342839 -5.12575e-05     0.335054     0.160876 0.002043 0.995984 0.460936 0.604852 0.0665712
0  -0.998611 -0.0369821   0.037532 -0.0471185   0.307957  -0.950233  0.0235833  -0.950681  -0.309272   0.015259   0.339371   0.150807 0.00251124 0.98929 0.239577 0.0879967 0.0465825
1  -0.994498 -0.0929246  0.0483635 -0.0765535   0.329517  -0.941041  0.0715093  -0.939566  -0.334818  0.0057699   0.336106   0.158645 0.00194544 0.994645 0.286064 0.321559 0.0399093
1  -0.994317 -0.0944916  0.0490348 -0.0778585   0.331341  -0.940293  0.0726025  -0.938767  -0.336815 0.00573313   0.335788   0.159254 0.00193174 0.994645 0.369011 0.155534 0.0424247
0  -0.998484 -0.0361973  0.0414768 -0.0502422   0.291236  -0.955331  0.0225009  -0.955966  -0.292613  0.0156931   0.342114   0.145011 0.00238018 0.986613 0.0702062 0.108387 0.0455199
1  -0.994288 -0.0947561  0.0491102 -0.0780118   0.331241  -0.940316  0.0728333  -0.938776  -0.336741 0.00566831   0.335809   0.159228 0.00192925 0.994645 0.233619 0.407607 0.042431
1  -0.994288  -0.094756  0.0491102 -0.0780117   0.331241  -0.940316  0.0728333  -0.938776  -0.336741 0.00566831   0.335809   0.159228 0.00192925 0.994645 0.244403 0.132063 0.042431
1  -0.991308  -0.119097     0.0559 -0.0931719   0.335532   -0.93741  0.0928863   -0.93447  -0.343712 0.00142058    0.33476   0.161333 0.00205745 0.993307 0.335801 0.358073 0.0614658
0  -0.998584 -0.0356846  0.0394577 -0.0484198   0.302333  -0.951972  0.0220414  -0.952534  -0.303632  0.0157852   0.340336   0.148728 0.00247513 0.990629 0.14405 0.13114 0.0462152
1  -0.992645  -0.108352   0.053989 -0.0872268   0.330922  -0.939618  0.0839438  -0.937417   -0.33794 0.00337706   0.335707   0.159499 0.0020067 0.994645 0.356187 0.274101 0.0498141
1  -0.994488 -0.0931391  0.0481454 -0.0766177   0.332115  -0.940122  0.0715723  -0.938629  -0.337421 0.00590137   0.335659   0.159481 0.00194392 0.994645 0.324161 0.10689 0.0427167
1  -0.996646 -0.0668827  0.0471551 -0.0657679    0.31173  -0.947892   0.048698  -0.947814  -0.315083  0.0103952    0.33922   0.152134 0.00195122 0.991968 0.37927 0.150198 0.0210738
1  -0.994458 -0.0932009  0.0486428 -0.0770259   0.331025  -0.940473   0.071551  -0.939008  -0.336369 0.00590504   0.335842   0.159122 0.00194023 0.994645 0.367167 0.125719 0.0415824
1  -0.996594 -0.0680356   0.046601 -0.0657323   0.314139  -0.947099  0.0497973  -0.946936  -0.317541 0.00997185   0.338803   0.152955 0.0019789 0.991968 0.320207 0.120946 0.022714
0  -0.998527 -0.0320719  0.0437718 -0.0504992   0.254004  -0.965884  0.0198595  -0.966671  -0.255249  0.0166998   0.347754   0.132529 0.00218732 0.981258 0.25132 0.164237 0.0685201
1  -0.994458 -0.0932009  0.0486428 -0.0770259   0.331025  -0.940473   0.071551  -0.939008  -0.336369 0.00590504   0.335842   0.159122 0.00194023 0.994645 0.265917 0.0925359 0.0415823
1   -0.990207   -0.127254   0.0574193    -0.09722    0.333361   -0.937773    0.100194   -0.934172   -0.342468 7.75751e-05    0.335138    0.160751 0.00203644 0.995984 0.394578 0.665351 0.0661143
1  -0.993402  -0.102574  0.0512937 -0.0825128   0.328631  -0.940847  0.0796495  -0.938872  -0.334926 0.00420484     0.3363   0.158482 0.00194228 0.994645 0.408489 0.431971 0.043847
1  -0.996646 -0.0668828  0.0471551 -0.0657679    0.31173  -0.947892   0.048698  -0.947814  -0.315083  0.0103952    0.33922   0.152134 0.00195122 0.991968 0.249032 0.126834 0.0210738
1  -0.993303  -0.103215  0.0519301 -0.0842385   0.339303  -0.936898  0.0790818  -0.934998  -0.345725 0.00436363   0.334348   0.162039 0.00202328 0.994645 0.328472 0.087664 0.0547099
1  -0.994498 -0.0929247  0.0483635 -0.0765535   0.329517  -0.941041  0.0715093  -0.939566  -0.334817 0.00576989   0.336106   0.158645 0.00194544 0.994645 0.458365 0.397872 0.0399093
1  -0.996646 -0.0668828  0.0471551 -0.0657679    0.31173  -0.947892   0.048698  -0.947814  -0.315083  0.0103952    0.33922   0.152134 0.00195122 0.991968 0.168016 0.0981437 0.0210738
1  -0.992098   -0.11178   0.056975 -0.0909108   0.327516  -0.940462  0.0864644   -0.93821   -0.33509 0.00271894    0.33639   0.158318 0.00196326 0.994645 0.132701 0.170126 0.0495882
1  -0.996648 -0.0664926   0.047659 -0.0654547   0.298658  -0.952113  0.0490747  -0.952041  -0.302009  0.0104704    0.34144   0.147955 0.00197142 0.997323 0.241995 0.0821959 0.0137228
0  -0.999467 0.00606325  0.0320867 -0.0296403   0.243893  -0.969349 -0.0137031  -0.969783  -0.243583  0.0240115   0.348629   0.128819 0.00222568 0.939759 0.257298 0.161678 0.107213
1  -0.996657 -0.0669657   0.046792 -0.0655459   0.313614  -0.947285  0.0487609  -0.947186  -0.316955  0.0103468   0.338915   0.152696 0.00196453 0.991968 0.480862 0.188927 0.0227402
0  -0.998611 -0.0369821   0.037532 -0.0471185   0.307957  -0.950233  0.0235833  -0.950681  -0.309272   0.015259   0.339371   0.150807 0.00251125 0.98929 0.173572 0.107862 0.0465825
1   -0.990373   -0.126064   0.0571829  -0.0966702    0.334183   -0.937537   0.0990799   -0.934039   -0.343153 0.000316299    0.335014    0.161011 0.00203363 0.995984 0.228925 0.122325 0.0657636
1  -0.994498 -0.0929246  0.0483635 -0.0765535   0.329517  -0.941041  0.0715093  -0.939566  -0.334817  0.0057699   0.336106   0.158645 0.00194544 0.994645 0.533041 0.841078 0.0399093
1    -0.990184      -0.1275    0.0572603   -0.0971935     0.333722    -0.937647     0.100441    -0.934009    -0.342839 -5.12592e-05     0.335054     0.160876 0.002043 0.995984 0.372789 0.536942 0.0665712
0  -0.998611 -0.0369821   0.037532 -0.0471185   0.307957  -0.950233  0.0235833  -0.950681  -0.309272   0.015259   0.339371   0.150807 0.00251124 0.98929 0.194521 0.130525 0.0465825
1   -0.990279   -0.126742   0.0573094  -0.0970222    0.334148   -0.937514    0.099673    -0.93396   -0.343196 0.000211645    0.335011    0.161002 0.00203757 0.995984 0.544405 0.513222 0.066284
1  -0.995073 -0.0877807  0.0460992 -0.0719292    0.31911  -0.944984  0.0682407  -0.943644  -0.323852 0.00663461   0.337943   0.155074 0.00193716 0.997323 0.186199 0.166407 0.027268
1   -0.990182   -0.127544   0.0572075  -0.0971635    0.333767   -0.937635    0.100495   -0.933987   -0.342883 -6.8332e-05    0.335043    0.160897 0.00204351 0.995984 0.441074 0.351936 0.0666347
1  -0.994472 -0.0932485  0.0482756 -0.0767948   0.332335   -0.94003  0.0716127   -0.93854  -0.337659 0.00591439   0.335627    0.15956 0.00194148 0.994645 0.445934 0.127938 0.0429874
1  -0.996594 -0.0680356   0.046601 -0.0657323   0.314139  -0.947099  0.0497973  -0.946936  -0.317541 0.00997185   0.338803   0.152955 0.00197891 0.991968 0.377481 0.649349 0.022714
1  -0.996646 -0.0668828  0.0471551 -0.0657679    0.31173  -0.947892   0.048698  -0.947814  -0.315083  0.0103952    0.33922   0.152134 0.00195123 0.991968 0.216966 0.130622 0.0210737
1   -0.990242   -0.127087   0.0571788  -0.0970515    0.334455   -0.937401    0.100008   -0.933803   -0.343525 7.63669e-05    0.334954    0.161083 0.00204049 0.995984 0.343943 0.339305 0.0667752
1  -0.996646 -0.0668828  0.0471551 -0.0657679    0.31173  -0.947892   0.048698  -0.947814  -0.315083  0.0103952    0.33922   0.152134 0.00195122 0.991968 0.413873 0.127469 0.0210738
1  -0.990265  -0.126842  0.0573214 -0.0970368   0.333854  -0.937617  0.0997924  -0.934052  -0.342912 0.00017308   0.335061   0.160899 0.00203695 0.995984 0.254172 0.163748 0.066141
1  -0.992626  -0.108189  0.0546681 -0.0883872   0.337368  -0.937214  0.0829533  -0.935135  -0.344443 0.00364148   0.334633   0.161578 0.00203531 0.994645 0.231695 0.0918155 0.0557682
1  -0.994498 -0.0929246  0.0483635 -0.0765535   0.329517  -0.941041  0.0715093  -0.939566  -0.334818  0.0057699   0.336106   0.158645 0.00194544 0.994645 0.495828 0.307534 0.0399093
0  -0.998698 -0.0356064  0.0365383 -0.0457645   0.308687  -0.950062  0.0225494  -0.950497  -0.309915  0.0155332   0.339269    0.15101 0.00250292 0.98929 0.176897 0.117432 0.0483665
1  -0.996594 -0.0680356   0.046601 -0.0657323   0.314139  -0.947099  0.0497973  -0.946936  -0.317541 0.00997185   0.338803   0.152955 0.00197891 0.991968 0.274572 0.128277 0.022714
1   -0.990242   -0.127087   0.0571788  -0.0970515    0.334455   -0.937401    0.100008   -0.933803   -0.343525 7.63631e-05    0.334954    0.161083 0.00204048 0.995984 0.40766 0.639199 0.0667752
1  -0.993279   -0.10347  0.0518774 -0.0842791   0.339319  -0.936888  0.0793369  -0.934963  -0.345758 0.00430135   0.334345   0.162052 0.00202428 0.994645 0.277124 0.0820598 0.0548512
0 -0.978882  0.203326  0.021186 0.0483648  0.331038 -0.942377 -0.198623 -0.921451 -0.333881 0.0674438  0.326136  0.159454 0.00333487 0.740295 -0.0207454 0.353178 0.295721
1  -0.995069 -0.0879884  0.0457893 -0.0716393    0.31824  -0.945299  0.0686034  -0.943918  -0.322974 0.00651711    0.33808     0.1548 0.00193442 0.997323 0.235895 0.0593123 0.0265105
1  -0.995026 -0.0882486   0.046203 -0.0722278   0.319764   -0.94474  0.0685979  -0.943379  -0.324547 0.00656186   0.337833     0.1553 0.00193432 0.997323 0.328585 0.0725713 0.0280969
1  -0.991337  -0.118485    0.05668 -0.0937051   0.335618  -0.937326  0.0920365  -0.934517  -0.343813 0.00176851   0.334766   0.161329 0.00205087 0.993307 0.299679 0.209165 0.0611808
1  -0.994498 -0.0929246  0.0483635 -0.0765535   0.329517  -0.941041  0.0715093  -0.939566  -0.334817  0.0057699   0.336106   0.158645 0.00194544 0.994645 0.53826 0.370958 0.0399093
1  -0.994498 -0.0929246  0.0483635 -0.0765535   0.329517  -0.941041  0.0715093  -0.939566  -0.334817  0.0057699   0.336106   0.158645 0.00194544 0.994645 0.444177 0.576697 0.0399092
1  -0.996646 -0.0668827  0.0471551 -0.0657679    0.31173  -0.947892   0.048698  -0.947814  -0.315083  0.0103952    0.33922   0.152134 0.00195122 0.991968 0.308089 0.673106 0.0210738
1   -0.990263   -0.126823   0.0574019  -0.0971405    0.334175   -0.937492   0.0997129    -0.93394    -0.34324 0.000204749    0.335009    0.161002 0.00203744 0.995984 0.348189 0.156747 0.0663783
1  -0.996657  -0.066886  0.0469145 -0.0655359   0.311651  -0.947934  0.0487826   -0.94784  -0.314992  0.0103541   0.339236   0.152087 0.001953 0.991968 0.17244 0.0900625 0.0210422
1  -0.994558 -0.0924392  0.0480584  -0.076034   0.328631  -0.941393  0.0712282  -0.939924  -0.333871  0.0058356   0.336262   0.158343 0.00194097 0.994645 0.243831 0.116295 0.0387979
1  -0.994317 -0.0944916  0.0490348 -0.0778585   0.331341  -0.940293  0.0726025  -0.938767  -0.336815 0.00573312   0.335788   0.159254 0.00193174 0.994645 0.388835 0.278915 0.0424248
1  -0.994284 -0.0947644  0.0491834 -0.0781028   0.331485  -0.940222   0.072796  -0.938689  -0.336992 0.00568471   0.335769   0.159306 0.00192988 0.994645 0.320405 0.174015 0.0426877
1  -0.994284 -0.0947644  0.0491834 -0.0781028   0.331486  -0.940222   0.072796  -0.938689  -0.336992 0.00568472   0.335769   0.159306 0.00192988 0.994645 0.539471 0.399661 0.0426878
1  -0.994488 -0.0931391  0.0481454 -0.0766177   0.332115  -0.940122  0.0715723  -0.938629  -0.337421 0.00590136   0.335659   0.159481 0.00194393 0.994645 0.328316 0.106276 0.0427168
1    -0.990184      -0.1275    0.0572603   -0.0971935     0.333722    -0.937647     0.100441    -0.934009    -0.342839 -5.12596e-05     0.335053     0.160876 0.002043 0.995984 0.405697 0.414927 0.0665712
1  -0.994927 -0.0884816  0.0478743 -0.0723702   0.298924  -0.951529   0.069882  -0.950166  -0.303811 0.00623213   0.341303   0.148544 0.00190034 0.998661 0.197623 0.0670605 0.0109041
1  -0.994547 -0.0922306  0.0486847 -0.0764558   0.327293  -0.941825  0.0709309  -0.940411  -0.332559 0.00595869   0.336479   0.157894 0.0019363 0.994645 0.281519 0.356578 0.0372952
1  -0.995059 -0.0879601  0.0460551 -0.0719352   0.318964  -0.945033  0.0684353  -0.943676  -0.323715  0.0065996   0.337969   0.155033 0.00193263 0.997323 0.376816 0.0916588 0.0271907
1  -0.996594 -0.0680356   0.046601 -0.0657323   0.314139  -0.947099  0.0497973  -0.946936  -0.317541 0.00997186   0.338803   0.152955 0.00197891 0.991968 0.409025 0.116959 0.022714
1  -0.991337  -0.118485  0.0566799 -0.0937051   0.335618  -0.937326  0.0920365  -0.934517  -0.343813 0.00176853   0.334766   0.161329 0.00205087 0.993307 0.293515 0.175722 0.0611807
1  -0.994317 -0.0944916  0.0490348 -0.0778585   0.331341  -0.940293  0.0726025  -0.938767  -0.336815 0.00573312   0.335788   0.159254 0.00193174 0.994645 0.480828 0.151884 0.0424249
1  -0.992521   -0.10972  0.0535135 -0.0874184   0.332843  -0.938922  0.0852071  -0.936577  -0.339945 0.00294255   0.335352   0.160157 0.00203195 0.994645 0.393165 0.192534 0.0524075
1   -0.990207   -0.127254   0.0574193    -0.09722    0.333361   -0.937773    0.100194   -0.934172   -0.342468 7.75668e-05    0.335138    0.160752 0.00203643 0.995984 0.431684 0.996249 0.0661144
1  -0.994458 -0.0932009  0.0486428 -0.0770259   0.331025  -0.940473   0.071551  -0.939008  -0.336369 0.00590504   0.335842   0.159122 0.00194023 0.994645 0.282208 0.112507 0.0415824
1   -0.990207   -0.127254   0.0574193    -0.09722    0.333361   -0.937773    0.100194   -0.934172   -0.342468 7.75619e-05    0.335138    0.160752 0.00203643 0.995984 0.168073 0.114911 0.0661144
1  -0.991337  -0.118485    0.05668 -0.0937051   0.335618  -0.937326  0.0920365  -0.934517  -0.343813 0.00176851   0.334766   0.161329 0.00205087 0.993307 0.194425 0.190149 0.0611808
0  -0.998611 -0.0369821   0.037532 -0.0471185   0.307957  -0.950233  0.0235833  -0.950681  -0.309272   0.015259   0.339371   0.150807 0.00251125 0.98929 0.125324 0.0968716 0.0465825
1   -0.990602   -0.124462   0.0567252  -0.0958928    0.336218    -0.93689    0.097535   -0.933524   -0.344993 0.000577317    0.334691    0.161613 0.00202541 0.994645 0.468907 0.277725 0.0660636
1  -0.994506 -0.0928937  0.0482647 -0.0764446   0.329451  -0.941073  0.0715189  -0.939592  -0.334742  0.0057607   0.336119   0.158619 0.00194525 0.994645 0.432437 0.173194 0.0398298
1  -0.996587  -0.068035  0.0467444 -0.0658256   0.313326  -0.947362  0.0498075  -0.947206  -0.316735 0.00997575   0.338931   0.152685 0.00197628 0.991968 0.433637 0.300227 0.0219349
1  -0.996594 -0.0680356   0.046601 -0.0657323   0.314139  -0.947099  0.0497973  -0.946936  -0.317541 0.00997185   0.338803   0.152955 0.00197891 0.991968 0.202108 0.101369 0.022714
1  -0.992358   -0.11078  0.0543525 -0.0883283   0.330144  -0.939789  0.0861658  -0.937407  -0.337406  0.0028649   0.335832   0.159294 0.00200845 0.994645 0.332111 0.127413 0.0507916
1  -0.992645  -0.108352   0.053989 -0.0872268   0.330922  -0.939618  0.0839438  -0.937417   -0.33794 0.00337707   0.335707   0.159499 0.00200669 0.994645 0.32698 0.301629 0.0498141
1  -0.994498 -0.0929247  0.0483635 -0.0765535   0.329517  -0.941041  0.0715093  -0.939566  -0.334818 0.00576989   0.336106   0.158645 0.00194544 0.994645 0.502641 0.392934 0.0399094
1  -0.995123 -0.0871251  0.0462583 -0.0719308   0.320007  -0.944681  0.0675024  -0.943401  -0.324713 0.00668595   0.337792   0.155345 0.00196219 0.997323 0.343238 0.0675764 0.0279516
1  -0.994288  -0.094756  0.0491102 -0.0780117   0.331241  -0.940316  0.0728333  -0.938776  -0.336741 0.00566831   0.335809   0.159228 0.00192925 0.994645 0.189525 0.150503 0.042431
1  -0.996594 -0.0680357   0.046601 -0.0657323   0.314139  -0.947099  0.0497973  -0.946936  -0.317541 0.00997185   0.338803   0.152955 0.00197891 0.991968 0.379036 0.113515 0.022714
1    -0.990182    -0.127544    0.0572074   -0.0971635     0.333767    -0.937635     0.100495    -0.933987    -0.342883 -6.83389e-05     0.335043     0.160897 0.0020435 0.995984 0.362307 0.460205 0.0666348
1  -0.994288 -0.0947561  0.0491102 -0.0780118   0.331241  -0.940316  0.0728333  -0.938776  -0.336741  0.0056683   0.335809   0.159228 0.00192925 0.994645 0.222571 0.166433 0.0424311
1  -0.994498 -0.0929246  0.0483635 -0.0765535   0.329517  -0.941041  0.0715093  -0.939566  -0.334818  0.0057699   0.336106   0.158645 0.00194544 0.994645 0.34772 0.347239 0.0399094
1  -0.996585 -0.0679989  0.0468405 -0.0659273   0.313741  -0.947217   0.049714  -0.947071  -0.317153  0.0100123   0.338867   0.152817 0.00197625 0.991968 0.157364 0.0699139 0.0223192
1  -0.991337  -0.118485    0.05668 -0.0937051   0.335618  -0.937326  0.0920365  -0.934517  -0.343813 0.00176851   0.334766   0.161329 0.00205087 0.993307 0.336778 0.194887 0.0611808
1  -0.994514 -0.0925962  0.0486605 -0.0765588   0.327338  -0.941801  0.0712787  -0.940359  -0.332632 0.00602545   0.336483   0.157914 0.00191569 0.994645 0.234756 0.17492 0.0374809
1   -0.990581   -0.124503   0.0569921  -0.0960967    0.335615   -0.937085   0.0975428   -0.933735   -0.344418 0.000643305    0.334791    0.161409 0.00202134 0.994645 0.256793 0.0773166 0.0656401
1    -0.990182    -0.127544    0.0572074   -0.0971635     0.333767    -0.937635     0.100495    -0.933987    -0.342883 -6.83386e-05     0.335043     0.160897 0.00204351 0.995984 0.280812 0.312274 0.0666348
1  -0.992628  -0.108586  0.0538361 -0.0871504   0.330797  -0.939669  0.0842258  -0.937434  -0.337822 0.00329446   0.335741   0.159451 0.00200245 0.994645 0.251999 0.0768004 0.0498361
1  -0.994498 -0.0929246  0.0483635 -0.0765535   0.329517  -0.941041  0.0715093  -0.939566  -0.334817  0.0057699   0.336106   0.158645 0.00194544 0.994645 0.321808 0.358523 0.0399093
1  -0.994377 -0.0938265  0.0491006 -0.0776521    0.33078  -0.940508   0.072003  -0.939032  -0.336206 0.00586618   0.335882   0.159066 0.00193194 0.994645 0.250962 0.117305 0.0415702
1  -0.992645  -0.108352   0.053989 -0.0872268   0.330922  -0.939618  0.0839438  -0.937417   -0.33794 0.00337706   0.335707   0.159499 0.0020067 0.994645 0.372797 0.19323 0.0498141
1  -0.994498 -0.0929246  0.0483635 -0.0765535   0.329517  -0.941041  0.0715093  -0.939566  -0.334817 0.00576991   0.336106   0.158645 0.00194544 0.994645 0.418044 0.331021 0.0399092
1  -0.994498 -0.0929246  0.0483635 -0.0765535   0.329517  -0.941041  0.0715093  -0.939566  -0.334818 0.00576991   0.336106   0.158645 0.00194544 0.994645 0.426086 0.411591 0.0399093
0  -0.998611 -0.0369821   0.037532 -0.0471185   0.307957  -0.950233  0.0235833  -0.950681  -0.309272   0.015259   0.339371   0.150807 0.00251125 0.98929 0.446631 0.229642 0.0465825
1  -0.996646 -0.0668828  0.0471551 -0.0657679    0.31173  -0.947892   0.048698  -0.947814  -0.315083  0.0103952    0.33922   0.152134 0.00195122 0.991968 0.227076 0.0977408 0.0210738
1  -0.994458 -0.0932009  0.0486428 -0.0770259   0.331025  -0.940473   0.071551  -0.939008  -0.336369 0.00590504   0.335842   0.159122 0.00194022 0.994645 0.381748 0.652271 0.0415823
1   -0.990207   -0.127254   0.0574193    -0.09722    0.333361   -0.937773    0.100194   -0.934172   -0.342468 7.75705e-05    0.335138    0.160752 0.00203643 0.995984 0.421864 0.361463 0.0661144
1  -0.994458 -0.0932009  0.0486428 -0.0770259   0.331025  -0.940473   0.071551  -0.939008  -0.336369 0.00590503   0.335842   0.159122 0.00194023 0.994645 0.211444 0.059586 0.0415824
1   -0.99176   -0.11579  0.0548184 -0.0903924   0.329245  -0.939908  0.0907834  -0.937118  -0.336998 0.00194606   0.335923   0.159172 0.00201742 0.994645 0.408299 0.0735514 0.0537073
1  -0.996594 -0.0680356   0.046601 -0.0657323   0.314139  -0.947099  0.0497973  -0.946936  -0.317541 0.00997185   0.338803   0.152955 0.00197891 0.991968 0.354941 0.201955 0.022714
1    -0.990184      -0.1275    0.0572603   -0.0971935     0.333722    -0.937647     0.100441    -0.934009    -0.342839 -5.12586e-05     0.335053     0.160876 0.002043 0.995984 0.322454 0.837306 0.0665712
0  -0.998548 -0.0321318  0.0432306  -0.050055   0.257098  -0.965088  0.0198955  -0.965851  -0.258333  0.0166501   0.347403   0.133535 0.00219022 0.981258 0.210623 0.115501 0.0662272
