1   0.988165  -0.149377  0.0348827 -0.0818551  -0.705809  -0.703657   0.129731   0.692474  -0.709683  -0.141199  -0.726971    1.04131 0.00208853 0.913758 0.159034 1.44612 0.104691
1  0.981547 -0.186905 0.0403971 -0.103794 -0.698184 -0.708355    0.1606  0.691091   -0.7047 -0.178849 -0.727243   1.03576 0.00213064 0.909651 0.148528 1.32975 0.0595534
1  0.981566 -0.186806 0.0403857 -0.103758 -0.698304 -0.708241  0.160505  0.690995 -0.704815 -0.178735 -0.727091   1.03588 0.00212818 0.909651 0.105052 0.982417 0.0595706
1   0.987815  -0.151961  0.0336182 -0.0845903  -0.705533  -0.703611    0.13064   0.692193   -0.70979  -0.141811  -0.726712    1.04141 0.00211044 0.913758 0.150015 1.27544 0.102678
1   0.991276  -0.129247  0.0258345 -0.0731892  -0.702777  -0.707635   0.109616   0.699571  -0.706106  -0.115128  -0.736688    1.03735 0.00217547 0.899384 0.0552459 1.47552 0.138912
1  0.981566 -0.186806 0.0403857 -0.103758 -0.698305 -0.708241  0.160505  0.690995 -0.704815 -0.178735 -0.727091   1.03588 0.00212819 0.909651 0.0584753 1.17336 0.0595706
1  0.981566 -0.186806 0.0403857 -0.103758 -0.698305 -0.708241  0.160505  0.690995 -0.704815 -0.178735 -0.727091   1.03588 0.00212819 0.909651 0.0709917 1.2089 0.0595707
1  0.987942 -0.151306 0.0328086 -0.084909 -0.706712 -0.702388  0.129462  0.691133 -0.711037 -0.140059 -0.725141   1.04276 0.00206001 0.909651 0.199241 1.48759 0.103995
1   0.991157  -0.130211  0.0255381 -0.0737471  -0.700565  -0.709768    0.11031   0.701608  -0.703973  -0.115934  -0.739775    1.03501 0.00208306 0.89117 0.173258 1.15015 0.138879
1  0.981566 -0.186806 0.0403857 -0.103758 -0.698305 -0.708241  0.160505  0.690995 -0.704815 -0.178735 -0.727091   1.03588 0.00212818 0.909651 0.2843 1.1573 0.0595706
1   0.991163  -0.130327  0.0247153 -0.0743376  -0.700039  -0.710224   0.109863   0.702111  -0.703541  -0.115142  -0.740488    1.03454 0.00208962 0.89117 0.193244 1.39748 0.139721
1   0.988162  -0.149392  0.0349093 -0.0818695  -0.705931  -0.703533   0.129745   0.692346  -0.709805  -0.141217  -0.726785    1.04144 0.00208747 0.913758 0.016299 1.78897 0.10462
1  0.981547 -0.186905 0.0403972 -0.103794 -0.698184 -0.708355    0.1606  0.691091   -0.7047 -0.178849 -0.727243   1.03576 0.00213063 0.909651 0.161606 1.07447 0.0595533
1   0.988052  -0.150155  0.0347516 -0.0824983  -0.705715  -0.703677   0.130185   0.692402   -0.70967  -0.141672  -0.726885    1.04129 0.00208543 0.913758 0.0997351 1.14706 0.103866
1  0.987318 -0.155244 0.0331987 -0.086922 -0.703618 -0.705242  0.132844  0.693412 -0.708189 -0.144231  -0.72875   1.03968 0.00209975 0.909651 0.196996 1.22535 0.0996222
1   0.986417  -0.161801  0.0283196 -0.0929656  -0.692054  -0.715834   0.135421   0.703478  -0.697696  -0.146385  -0.744213    1.02806 0.00209006 0.893224 0.221367 1.62772 0.102814
1  0.988214 -0.149027 0.0349789 -0.081503  -0.70566 -0.703848  0.129575  0.692701 -0.709489 -0.141059 -0.727304   1.04109 0.00209648 0.913758 0.0754277 1.43372 0.105089
1  0.981547 -0.186905 0.0403972 -0.103794 -0.698184 -0.708355    0.1606  0.691091   -0.7047 -0.178849 -0.727243   1.03576 0.00213062 0.909651 0.274953 1.23016 0.0595532
1   0.988161  -0.149443  0.0347053 -0.0819711  -0.705497  -0.703956   0.129686   0.692777  -0.709395  -0.141135  -0.727427    1.04099 0.00209418 0.913758 0.222174 1.26108 0.104825
1  0.981547 -0.186905 0.0403972 -0.103794 -0.698184 -0.708355    0.1606  0.691091   -0.7047 -0.178849 -0.727243   1.03576 0.00213063 0.909651 0.113659 1.20109 0.0595532
1  0.986506 -0.160094 0.0342889 -0.089684 -0.703614   -0.7049  0.136976  0.692313 -0.708477 -0.149227 -0.727499   1.03999 0.00211813 0.907598 0.180067 1.31627 0.0928369
1   0.987907  -0.151212  0.0342852 -0.0836921   -0.70619  -0.703058   0.130523   0.691686  -0.710305  -0.141869  -0.725914    1.04198 0.00209251 0.913758 0.159094 1.59621 0.102859
1  0.988214 -0.149027 0.0349789 -0.081503  -0.70566 -0.703848  0.129575  0.692701 -0.709489 -0.141059 -0.727304   1.04109 0.00209648 0.913758 0.19342 1.23561 0.105089
1   0.991163  -0.130327  0.0247153 -0.0743376   -0.70004  -0.710224   0.109863   0.702111  -0.703541  -0.115142  -0.740488    1.03454 0.0020896 0.89117 0.121025 1.54659 0.139721
1  0.987942 -0.151306 0.0328086 -0.084909 -0.706712 -0.702388  0.129462  0.691133 -0.711037 -0.140059 -0.725141   1.04276 0.00206002 0.909651 0.211438 1.5381 0.103995
1   0.991163  -0.130327  0.0247153 -0.0743376   -0.70004  -0.710224   0.109863   0.702111  -0.703541  -0.115142  -0.740488    1.03454 0.00208961 0.89117 0.151324 1.37307 0.139721
0   0.994304  -0.104824  0.0192799 -0.0605581  -0.704484  -0.707132  0.0877065   0.701936  -0.706819 -0.0878825  -0.739096    1.03805 0.00227209 0.895277 0.0462264 1.15535 0.174972
1  0.987942 -0.151306 0.0328086 -0.084909 -0.706711 -0.702388  0.129462  0.691133 -0.711037 -0.140059 -0.725141   1.04276 0.00206001 0.909651 0.186214 1.75447 0.103995
1  0.981485 -0.187259 0.0402665 -0.104036 -0.697696 -0.708799  0.160823  0.691487  -0.70426 -0.179093 -0.727857   1.03528 0.0021408 0.909651 0.162433 1.25286 0.0596453
1  0.981809 -0.185504 0.0404837 -0.102192  -0.69598 -0.710752  0.160023  0.693686 -0.702277 -0.178422  -0.73105   1.03308 0.00217889 0.909651 0.0563075 1.24799 0.0629694
1  0.987884 -0.151354   0.03431 -0.083745 -0.706016 -0.703227  0.130659  0.691833 -0.710137 -0.142029 -0.726141    1.0418 0.00209542 0.913758 0.229297 1.62225 0.102712
1   0.987338  -0.155096   0.033301 -0.0867032  -0.703423  -0.705464   0.132839   0.693644  -0.707963  -0.144286  -0.729085    1.03943 0.00210237 0.909651 0.0411779 1.45147 0.0997763
1  0.981505 -0.187143 0.0403268 -0.103783 -0.697168 -0.709356  0.160865  0.692051 -0.703696 -0.179189 -0.728686   1.03465 0.00215199 0.909651 0.161041 1.06738 0.0601959
1  0.987288 -0.155416 0.0332992  -0.08709 -0.704216 -0.704624   0.13296  0.692767 -0.708799  -0.14429 -0.727816   1.04034 0.00210157 0.909651 0.0484156 1.23917 0.0991817
1   0.991163  -0.130327  0.0247153 -0.0743376  -0.700039  -0.710224   0.109863   0.702111  -0.703541  -0.115142  -0.740488    1.03454 0.00208961 0.89117 0.0849235 1.43607 0.139722
1   0.985315  -0.168693  0.0264116 -0.0973424  -0.682043  -0.724805   0.140284    0.71159  -0.688448  -0.151876  -0.756826    1.01786 0.00200174 0.876797 0.247278 1.11296 0.107133
1    0.98814  -0.149543  0.0348604 -0.0820088  -0.705898   -0.70355   0.129819   0.692348   -0.70979  -0.141287  -0.726788    1.04143 0.00208595 0.913758 0.202772 1.32245 0.10448
1   0.985681  -0.165981  0.0297113 -0.0940567   -0.68746  -0.720105   0.139949      0.707  -0.693228  -0.152143  -0.749835    1.02321 0.0019509 0.87885 0.177933 1.53083 0.101485
1  0.981566 -0.186806 0.0403857 -0.103758 -0.698304 -0.708241  0.160505  0.690995 -0.704815 -0.178735 -0.727091   1.03588 0.00212819 0.909651 0.101393 2.16915 0.0595707
1  0.981566 -0.186806 0.0403857 -0.103758 -0.698305 -0.708241  0.160505  0.690995 -0.704815 -0.178735 -0.727091   1.03588 0.00212819 0.909651 0.147497 1.27025 0.0595706
1   0.991274  -0.129294  0.0256705 -0.0733173  -0.702635  -0.707763   0.109546   0.699705  -0.705983  -0.114974  -0.736887    1.03722 0.00218215 0.899384 0.0757486 1.45859 0.139072
1  0.981566 -0.186806 0.0403856 -0.103758 -0.698305 -0.708241  0.160505  0.690995 -0.704815 -0.178735 -0.727091   1.03588 0.00212819 0.909651 0.0629493 1.49663 0.0595706
1   0.991163  -0.130327  0.0247153 -0.0743375   -0.70004  -0.710224   0.109863   0.702111  -0.703541  -0.115142  -0.740488    1.03454 0.00208961 0.89117 0.0332757 1.65766 0.139721
1  0.987943 -0.151296 0.0328296   -0.0849 -0.706782 -0.702318  0.129461  0.691063 -0.711106  -0.14006 -0.725035   1.04284 0.00205858 0.909651 0.0553549 1.20379 0.103976
1   0.987895  -0.151284  0.0343018 -0.0837155    -0.7061  -0.703146   0.130595   0.691763  -0.710218  -0.141958  -0.726031    1.04189 0.00209372 0.913758 0.0874515 1.36159 0.102779
1  0.975099 -0.216067 0.0499721  -0.11819 -0.696969 -0.707295  0.187652  0.683776  -0.70515 -0.212894 -0.718494   1.03611 0.00223154 0.899384 0.0638582 1.77766 0.0373472
1   0.987805  -0.151968  0.0338655 -0.0845179  -0.706056  -0.703094   0.130759   0.691658   -0.71029  -0.141996  -0.725923    1.04196 0.00210239 0.913758 -0.0195167 1.28101 0.102332
1  0.981547 -0.186905 0.0403972 -0.103794 -0.698184 -0.708355    0.1606  0.691091   -0.7047 -0.178849 -0.727243   1.03576 0.00213064 0.909651 0.13267 1.26084 0.0595532
1  0.981566 -0.186806 0.0403856 -0.103758 -0.698304 -0.708241  0.160505  0.690995 -0.704815 -0.178735 -0.727091   1.03588 0.00212821 0.909651 0.155827 1.56146 0.0595707
1  0.981547 -0.186905 0.0403972 -0.103794 -0.698184 -0.708355    0.1606  0.691091   -0.7047 -0.178849 -0.727243   1.03576 0.00213062 0.909651 0.129564 1.31393 0.0595532
1  0.988214 -0.149027  0.034979 -0.081503  -0.70566 -0.703848  0.129575  0.692701 -0.709489 -0.141059 -0.727304   1.04109 0.00209648 0.913758 0.236649 1.25504 0.105089
1   0.988161  -0.149443  0.0347053 -0.0819711  -0.705497  -0.703956   0.129686   0.692777  -0.709395  -0.141135  -0.727427    1.04099 0.00209415 0.913758 0.0988422 1.66024 0.104825
1  0.981926 -0.184908 0.0403855 -0.101677  -0.69533 -0.711462  0.159637  0.694497 -0.701563 -0.178002 -0.732261   1.03229 0.00214214 0.905544 0.0894391 1.55915 0.0643363
1  0.981547 -0.186905 0.0403972 -0.103794 -0.698184 -0.708355    0.1606  0.691091   -0.7047 -0.178849 -0.727243   1.03576 0.00213063 0.909651 0.250145 1.67332 0.0595532
1   0.988162  -0.149392  0.0349093 -0.0818695  -0.705931  -0.703533   0.129745   0.692346  -0.709805  -0.141217  -0.726785    1.04144 0.00208745 0.913758 0.192401 1.33005 0.10462
1   0.991276  -0.129247  0.0258346 -0.0731892  -0.702777  -0.707635   0.109616   0.699571  -0.706106  -0.115128  -0.736688    1.03735 0.00217547 0.899384 0.14951 1.22223 0.138912
1  0.981964 -0.184712 0.0403626 -0.101549 -0.695323 -0.711487  0.159485  0.694556 -0.701539 -0.177827 -0.732331   1.03226 0.00214012 0.905544 0.112713 1.31322 0.0645665
1  0.988004 -0.150543 0.0344298 -0.082996 -0.705634 -0.703699  0.130232  0.692399 -0.709664 -0.141622 -0.726968   1.04127 0.00210981 0.913758 0.141131 1.76745 0.103699
1   0.991212   -0.12929  0.0279805 -0.0714131  -0.701048   -0.70953   0.111351   0.701296   -0.70412   -0.11813  -0.739243    1.03519 0.0021573 0.899384 0.221211 1.58359 0.137505
1   0.991313  -0.130217  0.0184688 -0.0773291  -0.690669  -0.719025   0.106385   0.711351  -0.694739  -0.109741   -0.75435    1.02483 0.00202264 0.87269 0.272363 1.5927 0.150999
1  0.981547 -0.186905 0.0403972 -0.103794 -0.698184 -0.708355    0.1606  0.691091   -0.7047 -0.178849 -0.727243   1.03576 0.00213066 0.909651 0.179798 1.50716 0.0595533
1  0.981566 -0.186806 0.0403857 -0.103758 -0.698305 -0.708241  0.160505  0.690995 -0.704815 -0.178735 -0.727091   1.03588 0.00212818 0.909651 0.169951 1.24999 0.0595705
1   0.987907  -0.151212  0.0342852 -0.0836921   -0.70619  -0.703058   0.130523   0.691686  -0.710305  -0.141869  -0.725914    1.04198 0.0020925 0.913758 0.0723935 1.26765 0.102859
1   0.990673  -0.134132   0.023986 -0.0778786  -0.701819  -0.708086   0.111811   0.699614  -0.705719   -0.11695   -0.73683    1.03697 0.00213295 0.899384 0.203036 1.03391 0.134912
1  0.981566 -0.186806 0.0403857 -0.103758 -0.698304 -0.708241  0.160505  0.690995 -0.704815 -0.178735 -0.727091   1.03588 0.00212819 0.909651 0.0351277 1.66712 0.0595707
1   0.987825  -0.151754  0.0342562 -0.0841234  -0.706268  -0.702929   0.130866   0.691489  -0.710435  -0.142215  -0.725661    1.04212 0.00209714 0.913758 0.231152 1.46627 0.102223
1   0.991279  -0.128729  0.0281856 -0.0713476  -0.704102  -0.706505   0.110794   0.698333  -0.707146  -0.117382  -0.734852    1.03849 0.00222277 0.905544 0.182756 1.23909 0.13686
1  0.981505 -0.187143 0.0403268 -0.103783 -0.697168 -0.709356  0.160865  0.692051 -0.703696 -0.179189 -0.728686   1.03465 0.00215201 0.909651 0.0859076 1.34981 0.060196
1  0.981924 -0.184902 0.0404547 -0.101592 -0.695195 -0.711606  0.159701  0.694633 -0.701414 -0.178104 -0.732459   1.03213 0.00214261 0.905544 0.200076 1.29058 0.0644389
1  0.988214 -0.149027  0.034979 -0.081503  -0.70566 -0.703848  0.129576  0.692701 -0.709489 -0.141059 -0.727304   1.04109 0.00209649 0.913758 0.0945455 1.05616 0.105089
1   0.987466  -0.154292  0.0332304 -0.0862703  -0.703961   -0.70498   0.132166   0.693277  -0.708448  -0.143468  -0.728477    1.03996 0.0020878 0.909651 0.161905 1.35403 0.100632
1    0.99078  -0.132607  0.0277699 -0.0745598  -0.704812  -0.705465   0.113122   0.696889  -0.708201  -0.119743  -0.732833    1.03967 0.00219291 0.905544 0.131681 1.46116 0.132225
1  0.981547 -0.186905 0.0403971 -0.103794 -0.698184 -0.708355    0.1606  0.691091   -0.7047 -0.178849 -0.727243   1.03576 0.00213064 0.909651 0.0798346 1.3998 0.0595533
1  0.981547 -0.186905 0.0403972 -0.103794 -0.698184 -0.708355    0.1606  0.691091   -0.7047 -0.178849 -0.727243   1.03576 0.00213065 0.909651 0.0605139 1.28012 0.0595533
1  0.981566 -0.186806 0.0403856 -0.103758 -0.698305 -0.708241  0.160505  0.690995 -0.704815 -0.178735 -0.727091   1.03588 0.0021282 0.909651 0.0777752 0.97658 0.0595707
1   0.990861  -0.132242  0.0265681 -0.0750255   -0.70403  -0.706196   0.112093   0.697749  -0.707518  -0.118179    -0.7341    1.03891 0.00215258 0.901437 0.163148 1.34215 0.134037
1   0.986844  -0.158355  0.0326112 -0.0894457  -0.702759  -0.705783   0.134682    0.69358  -0.707678  -0.146056  -0.729209    1.03911 0.00214106 0.909651 -0.0516587 1.16588 0.0967246
1  0.987884 -0.151354   0.03431 -0.083745 -0.706016 -0.703227  0.130659  0.691833 -0.710137 -0.142029 -0.726141    1.0418 0.00209541 0.913758 0.21112 1.35048 0.102712
1  0.981547 -0.186905 0.0403972 -0.103794 -0.698184 -0.708355    0.1606  0.691091   -0.7047 -0.178849 -0.727243   1.03576 0.00213063 0.909651 0.244934 1.46353 0.0595533
1  0.981679 -0.186663 0.0382611 -0.104139  -0.69375 -0.712647  0.159568  0.695606 -0.700479 -0.177425 -0.734027   1.03109 0.00212089 0.901437 0.235976 1.51796 0.0652529
1  0.988004 -0.150543 0.0344298 -0.082996 -0.705634 -0.703699  0.130232  0.692399 -0.709664 -0.141622 -0.726968   1.04127 0.00210979 0.913758 0.0413242 1.32301 0.103699
1  0.981566 -0.186806 0.0403856 -0.103758 -0.698305 -0.708241  0.160505  0.690995 -0.704815 -0.178735 -0.727091   1.03588 0.0021282 0.909651 0.12708 3.63826 0.0595707
1   0.988213  -0.150221   0.029482 -0.0857402  -0.702659  -0.706341   0.126823   0.695488  -0.707257  -0.136338  -0.731484     1.0386 0.00210624 0.907598 0.291085 2.24663 0.109311
1  0.981566 -0.186806 0.0403857 -0.103758 -0.698305 -0.708241  0.160505  0.690995 -0.704815 -0.178735 -0.727091   1.03588 0.00212818 0.909651 0.157213 1.57867 0.0595706
1  0.988214 -0.149027  0.034979 -0.081503  -0.70566 -0.703848  0.129575  0.692701 -0.709489 -0.141059 -0.727304   1.04109 0.00209649 0.913758 0.0492537 1.16977 0.105089
1  0.981547 -0.186905 0.0403972 -0.103794 -0.698184 -0.708355    0.1606  0.691091   -0.7047 -0.178849 -0.727243   1.03576 0.00213063 0.909651 0.0560203 1.38122 0.0595532
1  0.981547 -0.186905 0.0403972 -0.103794 -0.698184 -0.708355    0.1606  0.691091   -0.7047 -0.178849 -0.727243   1.03576 0.00213064 0.909651 0.0669251 1.24136 0.0595532
1  0.987835 -0.151874 0.0334054 -0.084879 -0.706598 -0.702506  0.130297  0.691125 -0.710893 -0.141186 -0.725146   1.04261 0.0020859 0.911704 0.189843 1.18339 0.102809
1  0.988004 -0.150543 0.0344298 -0.082996 -0.705634 -0.703699  0.130232  0.692399 -0.709664 -0.141622 -0.726968   1.04127 0.0021098 0.913758 -0.00430131 1.17193 0.103698
1  0.981566 -0.186806 0.0403857 -0.103758 -0.698305 -0.708241  0.160505  0.690995 -0.704815 -0.178735 -0.727091   1.03588 0.00212821 0.909651 0.168545 1.44902 0.0595707
1  0.981566 -0.186806 0.0403856 -0.103758 -0.698304 -0.708241  0.160505  0.690995 -0.704815 -0.178735 -0.727091   1.03588 0.00212818 0.909651 0.121365 1.42722 0.0595707
1   0.987758   -0.15233  0.0336027 -0.0848368  -0.705355  -0.703759   0.130905   0.692293  -0.709644  -0.142122  -0.726886    1.04126 0.00211421 0.913758 0.163506 1.37762 0.102281
1   0.990523  -0.135597  0.0218384 -0.0794109  -0.695157  -0.714459   0.112059   0.705954  -0.699337  -0.117051  -0.746363     1.0299 0.00219233 0.895277 0.203704 2.48571 0.138292
1   0.987298  -0.155323  0.0334432 -0.0868514  -0.703862  -0.705007   0.133043   0.693147  -0.708411  -0.144531  -0.728382    1.03992 0.00210234 0.909651 0.127017 1.42964 0.0992358
1  0.981566 -0.186806 0.0403856 -0.103758 -0.698305 -0.708241  0.160505  0.690995 -0.704815 -0.178735 -0.727091   1.03588 0.00212817 0.909651 0.133086 1.28539 0.0595706
1  0.981547 -0.186905 0.0403972 -0.103794 -0.698184 -0.708355    0.1606  0.691091   -0.7047 -0.178849 -0.727243   1.03576 0.00213063 0.909651 0.199813 1.4474 0.0595532
1  0.975314 -0.214783 0.0512866 -0.117081 -0.699899  -0.70458  0.187227  0.681183 -0.707769 -0.212571 -0.714585   1.03894 0.00229377 0.905544 0.0443017 1.31523 0.0354574
