0   0.994141  -0.107122  0.0144476 -0.0646274  -0.696194  -0.714938  0.0866441   0.709816  -0.699038 -0.0854479  -0.750855    1.02951 0.00220574 0.880903 0.181973 0.245267 0.179963
1   0.991163  -0.130327  0.0247153 -0.0743376  -0.700039  -0.710224   0.109863   0.702111  -0.703541  -0.115142  -0.740488    1.03454 0.00208961 0.89117 0.158599 0.139337 0.139721
0   0.994734  -0.100351   0.020848 -0.0569989  -0.710677  -0.701206  0.0851832   0.696325  -0.712654  -0.085225  -0.730635    1.04444 0.00232665 0.903491 0.0701965 0.0588289 0.177823
1  0.981485 -0.187259 0.0402665 -0.104036 -0.697696 -0.708799  0.160823  0.691487  -0.70426 -0.179093 -0.727857   1.03528 0.00214082 0.909651 0.0997347 0.091458 0.0596454
1   0.987835  -0.151923  0.0331775 -0.0851565  -0.707022  -0.702046   0.130114   0.690681  -0.711358  -0.140885  -0.724506    1.04311 0.00205654 0.909651 0.171722 0.0976751 0.102875
1   0.991163  -0.130327  0.0247152 -0.0743376  -0.700039  -0.710224   0.109863   0.702111  -0.703541  -0.115142  -0.740488    1.03454 0.00208959 0.89117 0.0925433 0.170553 0.139722
1   0.991163  -0.130327  0.0247153 -0.0743376  -0.700039  -0.710224   0.109863   0.702111  -0.703541  -0.115142  -0.740488    1.03454 0.0020896 0.89117 0.239015 0.303141 0.139722
1   0.987815  -0.151961  0.0336182 -0.0845903  -0.705533  -0.703611    0.13064   0.692193   -0.70979  -0.141811  -0.726712    1.04141 0.00211045 0.913758 0.297082 0.306942 0.102678
1   0.986707   -0.15897  0.0337464 -0.0892587  -0.703658   -0.70491   0.135805   0.692527  -0.708494  -0.147759  -0.727719    1.04001 0.00213463 0.909651 0.0556289 0.0492829 0.0946137
1  0.988214 -0.149027  0.034979 -0.081503  -0.70566 -0.703848  0.129575  0.692701 -0.709489 -0.141059 -0.727304   1.04109 0.00209648 0.913758 0.0848315 0.0359169 0.105089
0   0.994401  -0.104525  0.0155287 -0.0624869  -0.700142  -0.711265  0.0852169   0.706312  -0.702753  -0.083971  -0.745578    1.03358 0.00225955 0.887064 0.172777 0.268915 0.180416
1   0.991163  -0.130327  0.0247153 -0.0743376  -0.700039  -0.710224   0.109863   0.702111  -0.703541  -0.115142  -0.740488    1.03454 0.0020896 0.89117 0.18774 0.150307 0.139721
1   0.991144  -0.129861  0.0277515 -0.0719136  -0.700583  -0.709938   0.111635   0.701655  -0.703718  -0.118389  -0.739808    1.03475 0.00216693 0.899384 0.139973 0.0876432 0.13721
1   0.987815  -0.151961  0.0336182 -0.0845903  -0.705533  -0.703611    0.13064   0.692193   -0.70979  -0.141811  -0.726712    1.04141 0.00211043 0.913758 0.29027 0.14946 0.102678
1   0.991409  -0.128997  0.0216268 -0.0748739  -0.695288  -0.714821   0.107246    0.70706  -0.698973  -0.111416  -0.747907    1.02951 0.00217496 0.887064 0.11523 0.1882 0.146691
1   0.991285  -0.129223  0.0255945 -0.0729721  -0.700403  -0.710007   0.109676   0.701952  -0.703729  -0.115245  -0.740251    1.03474 0.00209332 0.89117 0.191814 0.0717818 0.140134
1    0.99102   -0.13215  0.0203854 -0.0781626   -0.69623  -0.713551   0.108489    0.70555  -0.700307   -0.11247  -0.745777    1.03098 0.00221242 0.89117 0.16387 0.23841 0.143275
1   0.991163  -0.130327  0.0247152 -0.0743376  -0.700039  -0.710224   0.109863   0.702111  -0.703541  -0.115142  -0.740488    1.03454 0.00208961 0.89117 0.0152905 0.176287 0.139722
1   0.991144  -0.129861  0.0277514 -0.0719136  -0.700583  -0.709938   0.111635   0.701655  -0.703717  -0.118389  -0.739808    1.03475 0.00216693 0.899384 0.147322 0.0749077 0.13721
1   0.98644 -0.160765 0.0330187 -0.090201  -0.69914 -0.709272  0.137111  0.696676 -0.704161 -0.149307 -0.734073   1.03524 0.00205301 0.897331 0.113732 0.166735 0.0951206
0   0.994639  -0.101506  0.0197273 -0.0578775  -0.704585  -0.707256  0.0856902   0.702322  -0.706683 -0.0856272  -0.739586    1.03788 0.0022419 0.89117 0.142635 0.11255 0.178763
1  0.969705 -0.237718 0.0562363 -0.130438 -0.698532  -0.70359  0.206539  0.674939 -0.708378 -0.236649  -0.70678   1.03959 0.00238405 0.899384 0.111845 0.121599 0.0498285
1   0.991144  -0.129861  0.0277514 -0.0719135  -0.700583  -0.709938   0.111635   0.701655  -0.703717  -0.118389  -0.739808    1.03475 0.00216693 0.899384 0.0443573 0.0352004 0.13721
1   0.991163  -0.130327  0.0247153 -0.0743375   -0.70004  -0.710224   0.109863   0.702111  -0.703541  -0.115142  -0.740488    1.03454 0.00208959 0.89117 0.217837 0.213005 0.139721
0   0.997998 -0.0622351  0.0112547 -0.0361628  -0.707533  -0.705754  0.0518858   0.703934  -0.708368 -0.0439866  -0.740621     1.0396 0.00251251 0.88501 0.144996 0.1108 0.235289
1   0.991211  -0.129801   0.025531 -0.0734741   -0.70067  -0.709692   0.110007   0.701579  -0.704049  -0.115566  -0.739694    1.03509 0.0020795 0.89117 0.227626 0.122984 0.139356
1  0.981566 -0.186806 0.0403857 -0.103758 -0.698305 -0.708241  0.160505  0.690995 -0.704815 -0.178735 -0.727091   1.03588 0.00212821 0.909651 0.114666 0.163914 0.0595706
1   0.991163  -0.130327  0.0247152 -0.0743376  -0.700039  -0.710224   0.109863   0.702111  -0.703541  -0.115142  -0.740488    1.03454 0.0020896 0.89117 0.131616 0.195852 0.139722
1   0.987241  -0.155723   0.033252 -0.0873784  -0.704375   -0.70443   0.133118   0.692536  -0.708994  -0.144487  -0.727515    1.04055 0.00210329 0.909651 0.185814 0.0712665 0.0987775
1   0.987839  -0.151878  0.0332735 -0.0850204  -0.706834  -0.702252   0.130176   0.690883  -0.711151  -0.140991  -0.724795    1.04289 0.00205579 0.909651 0.173849 0.0482615 0.102879
1  0.990339  -0.13703 0.0212404 -0.081521 -0.699253 -0.710211  0.112173  0.701619 -0.703668 -0.116628 -0.739983   1.03469 0.00213834 0.895277 0.217906 0.145793 0.134951
1   0.987356  -0.155007  0.0331953 -0.0867498  -0.703611   -0.70527   0.132678   0.693473  -0.708161  -0.143994  -0.728808    1.03965 0.002099 0.909651 0.169293 0.232205 0.0999453
1   0.991409  -0.128997  0.0216268 -0.0748738  -0.695288  -0.714821   0.107246    0.70706  -0.698973  -0.111416  -0.747907    1.02951 0.00217495 0.887064 0.163233 0.0769115 0.146691
1  0.988214 -0.149027  0.034979 -0.081503  -0.70566 -0.703848  0.129575  0.692701 -0.709489 -0.141059 -0.727304   1.04109 0.0020965 0.913758 0.118125 0.148956 0.105089
1   0.985542  -0.166854  0.0294343 -0.0949275  -0.687677  -0.719784    0.14034   0.706583  -0.693574  -0.152525  -0.749271    1.02359 0.00194523 0.87885 0.172994 0.106651 0.100409
1   0.990673  -0.134132   0.023986 -0.0778786  -0.701819  -0.708086   0.111811   0.699614  -0.705719   -0.11695   -0.73683    1.03697 0.00213296 0.899384 0.183516 0.0983594 0.134912
1  0.981566 -0.186806 0.0403857 -0.103758 -0.698305 -0.708241  0.160506  0.690995 -0.704815 -0.178735 -0.727091   1.03588 0.00212818 0.909651 0.0648399 0.266878 0.0595705
1   0.991163  -0.130327  0.0247153 -0.0743376   -0.70004  -0.710224   0.109863   0.702111  -0.703541  -0.115142  -0.740488    1.03454 0.00208961 0.89117 0.151322 0.155124 0.139721
1   0.991163  -0.130327  0.0247153 -0.0743376   -0.70004  -0.710224   0.109863   0.702111  -0.703541  -0.115142  -0.740488    1.03454 0.00208961 0.89117 0.122825 0.146089 0.139721
1  0.981547 -0.186905 0.0403972 -0.103794 -0.698184 -0.708355    0.1606  0.691091   -0.7047 -0.178849 -0.727243   1.03576 0.00213063 0.909651 0.184542 0.177851 0.0595533
1  0.981786 -0.185661 0.0403327 -0.102443 -0.696094 -0.710605  0.160007   0.69353 -0.702434 -0.178335 -0.730838   1.03325 0.00218181 0.909651 0.204589 0.223375 0.0627882
1   0.987835  -0.151923  0.0331775 -0.0851565  -0.707022  -0.702046   0.130114   0.690681  -0.711358  -0.140885  -0.724506    1.04311 0.00205654 0.909651 0.187584 0.0832852 0.102875
1  0.975171 -0.215583 0.0506595 -0.117857  -0.69889 -0.705452  0.187489  0.681965 -0.706945 -0.212735 -0.715778   1.03807 0.00226844 0.903491 0.153452 0.244468 0.0358714
1   0.986375   -0.16121  0.0328055 -0.0905576  -0.698531  -0.709827   0.137347   0.697184  -0.703612  -0.149544  -0.734854    1.03463 0.00202795 0.895277 0.206586 0.155389 0.0951161
1  0.981547 -0.186905 0.0403972 -0.103794 -0.698184 -0.708355    0.1606  0.691091   -0.7047 -0.178849 -0.727243   1.03576 0.00213066 0.909651 0.0771967 0.129438 0.0595533
0   0.994306  -0.104909  0.0186808  -0.060619  -0.701056  -0.710525  0.0876367   0.705347  -0.703424 -0.0877631  -0.744155    1.03433 0.00226348 0.89117 0.167484 0.0990266 0.176601
1   0.991163  -0.130327  0.0247152 -0.0743376  -0.700039  -0.710224   0.109863   0.702111  -0.703541  -0.115142  -0.740488    1.03454 0.0020896 0.89117 0.0470004 0.13263 0.139722
1    0.9772 -0.205899 0.0518301 -0.111235 -0.704392 -0.701041  0.180853  0.679292 -0.711235 -0.205237 -0.711023   1.04277 0.0022459 0.909651 0.174567 0.213128 0.0360844
1  0.981566 -0.186806 0.0403857 -0.103758 -0.698305 -0.708241  0.160505  0.690995 -0.704815 -0.178735 -0.727091   1.03588 0.00212818 0.909651 0.232883 0.261294 0.0595706
1   0.991163  -0.130327  0.0247153 -0.0743376   -0.70004  -0.710224   0.109863   0.702111  -0.703541  -0.115142  -0.740488    1.03454 0.0020896 0.89117 0.185366 0.0845007 0.139721
1   0.986626   -0.15998  0.0312263 -0.0904987  -0.696973  -0.711363   0.135568   0.699024   -0.70213  -0.147023  -0.737494      1.033 0.00204516 0.895277 0.073957 0.0962711 0.0989449
0   0.994176  -0.106124  0.0187739 -0.0609055  -0.696967  -0.714512  0.0889116   0.709207  -0.699372 -0.0893661  -0.749907    1.02988 0.00223058 0.88501 0.0231902 0.105205 0.176891
1   0.98167 -0.186501 0.0392564 -0.103692 -0.695461 -0.711043  0.159912  0.693939 -0.702052 -0.177912 -0.731429   1.03283 0.00214795 0.907598 0.192302 0.0900548 0.0630836
0   0.994134  -0.107216   0.014216 -0.0649779   -0.69716  -0.713965   0.086459   0.708854  -0.700037 -0.0851419  -0.749426    1.03061 0.00219337 0.880903 0.222367 0.124734 0.179569
0   0.995224 -0.0954124  0.0206129 -0.0534777  -0.709598  -0.702575  0.0816613   0.698117  -0.711311 -0.0812198  -0.733085    1.04293 0.00232217 0.901437 0.112494 0.0518536 0.184338
1   0.991163  -0.130327  0.0247153 -0.0743376  -0.700039  -0.710224   0.109863   0.702111  -0.703541  -0.115142  -0.740488    1.03454 0.0020896 0.89117 0.119491 0.142015 0.139722
1   0.991163  -0.130327  0.0247153 -0.0743376   -0.70004  -0.710224   0.109863   0.702111  -0.703541  -0.115142  -0.740488    1.03454 0.0020896 0.89117 0.117689 0.183412 0.139721
1   0.985287  -0.168263  0.0299606 -0.0964896  -0.692338  -0.715093   0.141066   0.701681  -0.698387  -0.153005  -0.741967    1.02889 0.00207327 0.89117 0.169498 0.0787077 0.0937689
0   0.994306  -0.104909  0.0186808  -0.060619  -0.701056  -0.710525  0.0876367   0.705347  -0.703424 -0.0877631  -0.744155    1.03433 0.00226348 0.89117 -0.0019753 0.258101 0.176601
1   0.991163  -0.130327  0.0247153 -0.0743376  -0.700039  -0.710224   0.109863   0.702111  -0.703541  -0.115142  -0.740488    1.03454 0.00208961 0.89117 0.114944 0.142095 0.139721
1   0.986675  -0.159529  0.0319928 -0.0906062  -0.702048  -0.706342   0.135142   0.694031  -0.707147   -0.14642   -0.72996    1.03852 0.00212801 0.907598 0.063029 0.129747 0.0961119
1   0.991144  -0.129861  0.0277514 -0.0719136  -0.700583  -0.709938   0.111635   0.701655  -0.703718  -0.118389  -0.739808    1.03475 0.00216694 0.899384 0.138804 0.133624 0.13721
1   0.991163  -0.130327  0.0247153 -0.0743375   -0.70004  -0.710224   0.109863   0.702111  -0.703541  -0.115142  -0.740488    1.03454 0.0020896 0.89117 0.0332803 0.150187 0.139721
1   0.987543  -0.153793   0.033275 -0.0859351   -0.70428  -0.704702   0.131814   0.693064  -0.708722  -0.143087  -0.728124    1.04026 0.00210953 0.911704 0.0319727 0.0826575 0.101089
1   0.991409  -0.128997  0.0216268 -0.0748739  -0.695288  -0.714821   0.107246    0.70706  -0.698973  -0.111416  -0.747907    1.02951 0.00217494 0.887064 0.0520505 0.0733676 0.146691
1  0.981476 -0.187315 0.0402369 -0.104081 -0.697624 -0.708864  0.160851  0.691545 -0.704197 -0.179121 -0.727948   1.03521 0.00214261 0.909651 0.101165 0.0743305 0.0596634
0   0.997998 -0.0622352  0.0112547 -0.0361628  -0.707533  -0.705754  0.0518858   0.703934  -0.708367 -0.0439866  -0.740622     1.0396 0.00251251 0.88501 0.399766 0.182704 0.235289
1  0.991211 -0.129801  0.025531 -0.073474  -0.70067 -0.709692  0.110007  0.701579 -0.704049 -0.115566 -0.739694   1.03509 0.00207952 0.89117 -0.00842718 0.0940281 0.139356
1   0.991285  -0.129223  0.0255945 -0.0729721  -0.700403  -0.710007   0.109676   0.701952  -0.703729  -0.115245  -0.740251    1.03474 0.00209334 0.89117 0.147854 0.0815631 0.140134
1  0.969836 -0.236347 0.0596587 -0.128295 -0.703019 -0.699503  0.207267  0.670749 -0.712135 -0.237974 -0.700437   1.04368 0.0025169 0.913758 0.00164867 0.0703643 0.0512817
1  0.981547 -0.186905 0.0403972 -0.103794 -0.698184 -0.708355    0.1606  0.691091   -0.7047 -0.178849 -0.727243   1.03576 0.00213063 0.909651 0.12956 0.111398 0.0595532
1   0.987835  -0.151923  0.0331776 -0.0851565  -0.707022  -0.702046   0.130114   0.690681  -0.711358  -0.140885  -0.724506    1.04311 0.00205655 0.909651 0.251186 0.0806156 0.102875
1   0.987466  -0.154292  0.0332304 -0.0862703  -0.703961   -0.70498   0.132166   0.693277  -0.708448  -0.143468  -0.728477    1.03996 0.00208781 0.909651 0.101569 0.0800746 0.100632
1  0.981547 -0.186905 0.0403971 -0.103794 -0.698184 -0.708355    0.1606  0.691091   -0.7047 -0.178849 -0.727243   1.03576 0.00213063 0.909651 0.0943325 0.0542719 0.0595533
1  0.991171 -0.130259 0.0247516 -0.074295 -0.700245 -0.710026   0.10982  0.701918  -0.70374 -0.115096 -0.740198   1.03476 0.0020867 0.89117 0.162993 0.139382 0.139678
1  0.981476 -0.187315 0.0402369 -0.104081 -0.697624 -0.708864  0.160851  0.691545 -0.704197 -0.179121 -0.727948   1.03521 0.00214263 0.909651 0.245924 0.125542 0.0596635
1  0.981566 -0.186806 0.0403857 -0.103758 -0.698304 -0.708241  0.160505  0.690995 -0.704815 -0.178735 -0.727091   1.03588 0.00212818 0.909651 0.176643 0.133198 0.0595706
1   0.991163  -0.130327  0.0247153 -0.0743376  -0.700039  -0.710224   0.109863   0.702111  -0.703541  -0.115142  -0.740488    1.03454 0.00208959 0.89117 0.183084 0.123941 0.139721
1   0.985639  -0.166318  0.0292127 -0.0946942  -0.687619   -0.71987   0.139815   0.706766  -0.693494  -0.151771  -0.749514     1.0235 0.00201763 0.882957 0.163496 0.0671651 0.101303
1  0.981566 -0.186806 0.0403856 -0.103758 -0.698305 -0.708241  0.160505  0.690995 -0.704815 -0.178735 -0.727091   1.03588 0.00212819 0.909651 0.133647 0.123028 0.0595706
0   0.998011 -0.0620317  0.0112503 -0.0360253  -0.707591  -0.705704  0.0517366   0.703895  -0.708418 -0.0438223  -0.740554    1.03966 0.00251133 0.88501 0.0934053 0.0541122 0.235529
0   0.994401  -0.104525  0.0155287 -0.0624869  -0.700142  -0.711265  0.0852169   0.706312  -0.702753  -0.083971  -0.745578    1.03358 0.00225956 0.887064 0.187133 0.145508 0.180416
1   0.991144  -0.129861  0.0277514 -0.0719136  -0.700583  -0.709938   0.111635   0.701655  -0.703717  -0.118389  -0.739808    1.03475 0.00216692 0.899384 0.165839 0.0857037 0.13721
1   0.987298  -0.155323  0.0334432 -0.0868514  -0.703862  -0.705007   0.133043   0.693147  -0.708412  -0.144531  -0.728381    1.03992 0.00210235 0.909651 0.180025 0.0832523 0.0992358
1  0.991129 -0.130591 0.0246747 -0.074552 -0.700012 -0.710229  0.110022  0.702089 -0.703538 -0.115307 -0.740459   1.03454 0.00208621 0.89117 0.0751849 0.0778951 0.139441
0   0.994301  -0.104854  0.0192798 -0.0605757  -0.704448  -0.707166   0.087731   0.701968  -0.706785 -0.0879092  -0.739145    1.03802 0.00227326 0.895277 0.15061 0.118467 0.174947
1  0.981566 -0.186806 0.0403857 -0.103758 -0.698305 -0.708241  0.160505  0.690995 -0.704815 -0.178735 -0.727091   1.03588 0.0021282 0.909651 0.0351271 0.118541 0.0595707
1  0.991009 -0.131542 0.0244404 -0.075511 -0.700698 -0.709451  0.110448  0.701227 -0.704331 -0.115662 -0.739185   1.03542 0.00212624 0.895277 0.220482 0.0989355 0.138159
0   0.994176  -0.106124  0.0187739 -0.0609055  -0.696967  -0.714512  0.0889117   0.709207  -0.699372 -0.0893662  -0.749907    1.02988 0.00223059 0.88501 0.17988 0.115465 0.176891
1  0.983915 -0.175488 0.0333891 -0.101302 -0.702082 -0.704854  0.147136  0.690134 -0.708566 -0.159986 -0.724995   1.04009 0.00216042 0.905544 0.0823361 0.0467597 0.0761442
1   0.986626   -0.15998  0.0312262 -0.0904987  -0.696973  -0.711364   0.135568   0.699024   -0.70213  -0.147023  -0.737495      1.033 0.00204516 0.895277 0.173746 0.180092 0.098945
0   0.997528 -0.0695579 0.00993963 -0.0419745  -0.703355  -0.709598  0.0563492   0.707427  -0.704537 -0.0486418  -0.745938    1.03544 0.00238864 0.876797 0.108223 0.100347 0.228577
1   0.991163  -0.130327  0.0247153 -0.0743376   -0.70004  -0.710224   0.109863   0.702111  -0.703541  -0.115142  -0.740488    1.03454 0.00208962 0.89117 0.0975148 0.14582 0.139721
1  0.981499 -0.187173 0.0403192 -0.103869 -0.697417 -0.709099  0.160843  0.691792 -0.703955 -0.179146 -0.728308   1.03494 0.00214818 0.909651 0.137669 0.0609696 0.0599515
0   0.994301  -0.104854  0.0192798 -0.0605756  -0.704448  -0.707166   0.087731   0.701968  -0.706785 -0.0879092  -0.739145    1.03802 0.00227324 0.895277 0.0998739 0.0947425 0.174947
1   0.985639  -0.166318  0.0292127 -0.0946942  -0.687619   -0.71987   0.139815   0.706766  -0.693494  -0.151771  -0.749514     1.0235 0.00201763 0.882957 0.128638 0.0692022 0.101303
1  0.981547 -0.186905 0.0403972 -0.103794 -0.698184 -0.708355    0.1606  0.691091   -0.7047 -0.178849 -0.727243   1.03576 0.00213062 0.909651 0.0605285 0.0842598 0.0595532
1   0.985285  -0.168271  0.0299818 -0.0964811  -0.692341  -0.715091   0.141087   0.701676  -0.698388  -0.153039   -0.74196    1.02889 0.00207305 0.89117 0.10167 0.0509767 0.0937374
1   0.991163  -0.130327  0.0247153 -0.0743376  -0.700039  -0.710224   0.109863   0.702111  -0.703541  -0.115142  -0.740488    1.03454 0.00208959 0.89117 0.187636 0.0842992 0.139721
1  0.981566 -0.186806 0.0403856 -0.103758 -0.698305 -0.708241  0.160505  0.690995 -0.704815 -0.178735 -0.727091   1.03588 0.00212821 0.909651 0.18603 0.336995 0.0595707
1  0.981566 -0.186806 0.0403856 -0.103758 -0.698304 -0.708241  0.160505  0.690995 -0.704815 -0.178735 -0.727091   1.03588 0.0021282 0.909651 -0.0453407 0.128641 0.0595707
1   0.986675  -0.159529  0.0319929 -0.0906062  -0.702048  -0.706342   0.135142   0.694031  -0.707147   -0.14642   -0.72996    1.03852 0.002128 0.907598 0.198851 0.150961 0.0961118
1  0.981476 -0.187315 0.0402369 -0.104081 -0.697624 -0.708864  0.160851  0.691545 -0.704197 -0.179121 -0.727948   1.03521 0.00214261 0.909651 0.0607719 0.15889 0.0596634
1  0.981566 -0.186806 0.0403856 -0.103758 -0.698304 -0.708241  0.160505  0.690995 -0.704815 -0.178735 -0.727091   1.03588 0.00212821 0.909651 0.245791 0.152571 0.0595707
1  0.981345 -0.188227 0.0391455 -0.105512 -0.697506 -0.708769  0.160713  0.691416 -0.704354 -0.178649 -0.727837   1.03539 0.00215783 0.909651 0.222665 0.0879131 0.0594342
1  0.991129 -0.130591 0.0246747 -0.074552 -0.700012 -0.710229  0.110022   0.70209 -0.703538 -0.115307 -0.740459   1.03454 0.00208621 0.89117 0.0520425 0.0849642 0.139441
1   0.98183 -0.185441  0.040259 -0.102312 -0.695993 -0.710722  0.159817  0.693689  -0.70232 -0.178105 -0.731053   1.03313 0.00218021 0.909651 0.105747 0.264794 0.063159
1   0.988197   -0.15032  0.0295057 -0.0857699  -0.702519  -0.706478   0.126926   0.695609   -0.70712  -0.136461  -0.731666    1.03846 0.00210811 0.907598 0.290458 0.198234 0.109225
1   0.986707   -0.15897  0.0337464 -0.0892586  -0.703658   -0.70491   0.135805   0.692527  -0.708494  -0.147759  -0.727719    1.04001 0.00213461 0.909651 0.154664 0.116188 0.0946137
1   0.991409  -0.128997  0.0216267 -0.0748739  -0.695288  -0.714821   0.107246   0.707061  -0.698973  -0.111416  -0.747907    1.02951 0.00217493 0.887064 0.0136852 0.0456562 0.146691
1  0.981566 -0.186807 0.0403857 -0.103758 -0.698304 -0.708241  0.160505  0.690995 -0.704815 -0.178735 -0.727091   1.03588 0.0021282 0.909651 0.0570984 0.113313 0.0595707
1  0.981547 -0.186905 0.0403972 -0.103794 -0.698184 -0.708355    0.1606  0.691091   -0.7047 -0.178849 -0.727243   1.03576 0.00213063 0.909651 0.0669304 0.129907 0.0595532
1   0.990717  -0.133396  0.0261816 -0.0759073  -0.702616  -0.707509   0.112775   0.698954  -0.706219  -0.118874  -0.735953    1.03749 0.0021458 0.899384 0.166575 0.0939947 0.133454
1   0.991163  -0.130327  0.0247153 -0.0743376  -0.700039  -0.710224   0.109863   0.702111  -0.703541  -0.115142  -0.740488    1.03454 0.00208959 0.89117 0.00531972 0.141001 0.139721
1  0.986181 -0.162248   0.03351 -0.091452 -0.701782 -0.706497  0.138145  0.693669 -0.706922 -0.150398 -0.729658   1.03828 0.00213363 0.905544 0.166426 0.116615 0.091603
1   0.986707   -0.15897  0.0337464 -0.0892587  -0.703658   -0.70491   0.135805   0.692527  -0.708494  -0.147759  -0.727719    1.04001 0.00213462 0.909651 0.118705 0.110963 0.0946137
1   0.991163  -0.130327  0.0247153 -0.0743376   -0.70004  -0.710224   0.109863   0.702111  -0.703541  -0.115142  -0.740488    1.03454 0.00208961 0.89117 0.173242 0.150304 0.139721
1    0.98562  -0.167019  0.0256289 -0.0961623  -0.679139  -0.727684   0.138943   0.714755  -0.685434  -0.150363  -0.761511    1.01453 0.00196648 0.870637 0.285739 0.164467 0.113302
1   0.990795  -0.132815  0.0261638 -0.0752958  -0.701341  -0.708838   0.112494   0.700344  -0.704886  -0.118624  -0.738001    1.03601 0.0020764 0.893224 0.137787 0.0779944 0.1347
1   0.986019  -0.163325  0.0330269 -0.0920313  -0.699014  -0.709161    0.13891   0.696207  -0.704272  -0.151272  -0.733488    1.03537 0.00204785 0.897331 0.165805 0.0835805 0.0921203
0   0.995095 -0.0972281   0.018253 -0.0561812  -0.707289  -0.704689  0.0814257   0.700207  -0.709282 -0.0802054   -0.73623    1.04076 0.00218801 0.889117 0.178262 0.0605997 0.184761
1   0.991409  -0.128997  0.0216268 -0.0748739  -0.695288  -0.714821   0.107246   0.707061  -0.698973  -0.111416  -0.747907    1.02951 0.00217495 0.887064 0.0938061 0.0716396 0.146691
