1   0.988219  -0.148704  0.0362023 -0.0805187   -0.70631  -0.703309   0.130155   0.692108  -0.709962  -0.141984  -0.726411    1.04163 0.00209033 0.913758 0.158309 1.43227 0.104366
1  0.981691 -0.184498 0.0473663 -0.101395 -0.716659 -0.690014  0.161252  0.672578 -0.722245  -0.18008 -0.699876    1.0549 0.0021045 0.917865 0.158975 1.24075 0.0585984
1  0.981817  -0.18543 0.0406474 -0.105079 -0.709191 -0.697142  0.158097  0.680194  -0.71578 -0.175392 -0.711119   1.04793 0.00210116 0.913758 0.116412 0.94629 0.057815
1    0.98789  -0.151761  0.0322711 -0.0853907  -0.705464  -0.703583   0.129543   0.692307   -0.70988  -0.140181  -0.726849    1.04156 0.00211175 0.913758 0.149484 1.24852 0.104061
0   0.992559  -0.118589  0.0276085 -0.0654446  -0.710798  -0.700345   0.102678   0.693327   -0.71327  -0.107797  -0.727183    1.04517 0.00223745 0.903491 0.0283303 1.42551 0.148538
1  0.981644  -0.18656 0.0396383 -0.105777 -0.705478 -0.700794  0.158704  0.683737 -0.712262 -0.175986 -0.716432   1.04404 0.00208119 0.909651 0.0792696 1.14281 0.0571619
1  0.981705 -0.185855 0.0413916   -0.1029  -0.70075 -0.705947  0.160209  0.688773 -0.707054 -0.178488 -0.723773   1.03842 0.00212716 0.911704 0.0714394 1.18489 0.0583129
1   0.989309  -0.141851   0.033847 -0.0766779  -0.703387  -0.706659   0.124048   0.696509  -0.706744  -0.134283  -0.732501    1.03816 0.00222585 0.915811 0.134777 1.41165 0.11582
1   0.991363  -0.128673  0.0253582 -0.0710896  -0.689717  -0.720581    0.11021   0.712555  -0.692907  -0.116493  -0.755749    1.02295 0.00212302 0.889117 0.157397 1.06133 0.147639
1  0.981815 -0.185381 0.0408987 -0.102514 -0.699063 -0.707674   0.15978  0.690612 -0.705355  -0.17796 -0.726364   1.03654 0.00212437 0.911704 0.285583 1.13085 0.0602162
0   0.993722  -0.108989  0.0252443 -0.0591066  -0.703055  -0.708675  0.0949861   0.702734  -0.705084 -0.0983957  -0.740565    1.03627 0.00249587 0.909651 0.0363975 1.28774 0.164669
1   0.988179  -0.149081  0.0357305 -0.0811484  -0.706411  -0.703135   0.130064   0.691924  -0.710158  -0.141746  -0.726166    1.04184 0.00208983 0.913758 0.0151831 1.77864 0.104253
1  0.981361 -0.187683 0.0413045 -0.104585  -0.70191 -0.704546  0.161223  0.687094 -0.708456 -0.179651 -0.721464   1.03991 0.00213203 0.911704 0.161057 1.04156 0.0557543
1   0.987991  -0.150342  0.0356449 -0.0819183  -0.705288  -0.704172   0.131007   0.692795  -0.709135  -0.142821  -0.727454    1.04074 0.00208632 0.913758 0.099352 1.13328 0.10306
1   0.987219  -0.155843  0.0333469 -0.0870576  -0.702601  -0.706238   0.133492   0.694309  -0.707188  -0.145062  -0.730008    1.03857 0.00209049 0.909651 0.200539 1.20806 0.0991261
1   0.985749  -0.164789  0.0338165 -0.0943992  -0.708255  -0.699616    0.13924   0.686454  -0.713718  -0.151009  -0.719341    1.04561 0.00212606 0.903491 0.207956 1.55124 0.087089
1   0.988094  -0.149478  0.0364099 -0.0806828  -0.704972  -0.704631   0.130995   0.693304  -0.708639  -0.143015   -0.72823     1.0402 0.00211655 0.913758 0.0665741 1.41698 0.103654
1  0.981658 -0.184951 0.0462599 -0.101371 -0.711869 -0.694958  0.161464  0.677522 -0.717561 -0.180379 -0.707009   1.04982 0.00206778 0.915811 0.296338 1.14525 0.0555199
1   0.988095  -0.149196  0.0375248 -0.0787567  -0.700088    -0.7097   0.132155   0.698296  -0.703504  -0.144887  -0.735401    1.03456 0.0021925 0.915811 0.185654 1.23775 0.105329
1  0.981461 -0.185486 0.0482575 -0.101627 -0.717122 -0.689499  0.162499  0.671812 -0.722677 -0.181648 -0.698847   1.05533 0.00211581 0.917865 0.119824 1.11996 0.0577406
1   0.986283  -0.161199  0.0355051 -0.0896337  -0.703667  -0.704853   0.138605   0.692003  -0.708464  -0.151359  -0.727075    1.03999 0.00217855 0.911704 0.156678 1.29274 0.0905211
1   0.987992  -0.150419  0.0353096 -0.0826443  -0.707569  -0.701795   0.130547   0.690449  -0.711504  -0.142109  -0.724002    1.04334 0.00208955 0.915811 0.160281 1.56554 0.102703
1   0.989687  -0.139025  0.0345197 -0.0745334  -0.705565  -0.704714   0.122329   0.694874  -0.708651  -0.132957  -0.730345     1.0401 0.00220326 0.909651 0.152341 1.18905 0.117829
1  0.991436  -0.12972 0.0150826 -0.079889 -0.693798 -0.715725  0.103308   0.70839 -0.698219 -0.105511 -0.749757   1.02875 0.00213868 0.88501 0.100383 1.46913 0.152176
1  0.990234 -0.136236  0.029618 -0.075539 -0.702831 -0.707334  0.117181  0.698189 -0.706258 -0.125482 -0.735098   1.03756 0.00221597 0.903491 0.151742 1.4466 0.12649
0   0.992636  -0.120369  0.0135778 -0.0756165  -0.703314  -0.706846  0.0946317   0.700614  -0.707237 -0.0950118  -0.737643    1.03861 0.00226232 0.897331 0.0811803 1.28522 0.160727
0   0.994582  -0.101529  0.0223089 -0.0566495  -0.709323  -0.702603  0.0871589   0.697533  -0.711232 -0.0879533  -0.732451    1.04302 0.00238715 0.907598 -0.00207383 1.11771 0.175199
1   0.989008  -0.144208   0.032679 -0.0804066  -0.709985  -0.699611   0.124091   0.689293  -0.713776  -0.133719  -0.722188    1.04584 0.00214898 0.913758 0.151066 1.6884 0.112424
1  0.981471 -0.188039 0.0368244 -0.107528 -0.699582 -0.706416  0.158596  0.689367 -0.706839 -0.175666 -0.724828   1.03817 0.00215429 0.909651 0.157155 1.22537 0.0595664
1  0.981835 -0.185034 0.0419816 -0.100712 -0.695757 -0.711182  0.160802  0.694035 -0.701754 -0.179691 -0.731532   1.03252 0.00221334 0.911704 0.0413879 1.23412 0.0629522
1  0.987813 -0.151648 0.0350412 -0.082313 -0.700074  -0.70931  0.132097  0.697782 -0.704025 -0.144135 -0.734757   1.03513 0.00213546 0.913758 0.214571 1.58856 0.104099
1     0.9874  -0.154475  0.0343264 -0.0851674  -0.701595  -0.707468   0.133369    0.69563  -0.705911  -0.145257  -0.731915     1.0372 0.00213586 0.911704 0.0259009 1.43139 0.100455
1  0.981722 -0.185841 0.0410495 -0.102154 -0.696518  -0.71023  0.160581  0.693055 -0.702772 -0.179135 -0.730071   1.03366 0.00214744 0.909651 0.162817 1.04049 0.0617658
1  0.987116 -0.156266    0.0344 -0.087454 -0.706939 -0.701847  0.133994  0.689796 -0.711497 -0.145521 -0.723482   1.04335 0.00210912 0.911704 0.0449983 1.21539 0.0966358
0   0.993265  -0.113217  0.0246267 -0.0637295  -0.711354  -0.699938  0.0967633   0.693655  -0.713779 -0.0997201  -0.727413    1.04568 0.00242499 0.909651 -0.0619433 1.33808 0.158158
1   0.985569  -0.167177  0.0265597 -0.0973855  -0.688325  -0.718836   0.138455   0.705876  -0.694672  -0.149512  -0.748366    1.02473 0.00199414 0.87885 0.250137 1.08934 0.101509
1   0.988343  -0.147363  0.0382468 -0.0794682  -0.713623  -0.696008    0.12986   0.684855  -0.717015  -0.141803  -0.715777    1.04932 0.00211711 0.917865 0.190866 1.30197 0.103969
1   0.986269  -0.162853   0.027437 -0.0890414  -0.664288  -0.742155   0.139088   0.729521  -0.669667  -0.151897   -0.78295   0.997163 0.00200259 0.862423 0.156153 1.48775 0.138947
1  0.981226 -0.188301 0.0416851 -0.104772 -0.701919 -0.704509   0.16192  0.686915  -0.70847 -0.180322 -0.721215   1.03988 0.00210643 0.909651 0.110582 2.1418 0.0549945
1  0.981989 -0.184014 0.0428566 -0.100557 -0.701047  -0.70599  0.159957  0.688965 -0.706924 -0.178673 -0.723897   1.03821 0.00211503 0.911704 0.152768 1.24628 0.0592774
0  0.991903 -0.124226 0.0263892 -0.069557 -0.705263 -0.705525  0.106256  0.697977 -0.708193 -0.111329 -0.734098   1.03963 0.00215861 0.897331 0.0857212 1.42138 0.143905
1  0.981607 -0.187483 0.0360215 -0.107609 -0.699202 -0.706779  0.157695  0.689903 -0.706517 -0.174452 -0.725519   1.03783 0.00214417 0.909651 0.055914 1.47504 0.0609563
0   0.992216  -0.123565  0.0154921 -0.0729578  -0.677594  -0.731808   0.100923   0.724981  -0.681334  -0.103444  -0.773863    1.01026 0.00215896 0.874743 0.00119267 1.55718 0.172737
1   0.98834 -0.149404 0.0293563 -0.085423 -0.703685 -0.705358  0.126041  0.694626 -0.708243 -0.135504 -0.729982   1.03982 0.00211212 0.913758 0.0307856 1.17717 0.109897
1   0.988002    -0.1502  0.0359399 -0.0820223  -0.707498  -0.701939   0.130858    0.69057  -0.711329   -0.14263   -0.72429    1.04314 0.0020963 0.913758 0.0863274 1.33489 0.102504
1  0.975097 -0.215814 0.0510935 -0.117527 -0.698201 -0.706189  0.188079  0.682598 -0.706178 -0.213571 -0.716764   1.03724 0.0022866 0.903491 0.0407621 1.75738 0.0365859
1   0.987833  -0.152055  0.0326265 -0.0858164  -0.707936  -0.701044   0.129694   0.689714  -0.712372  -0.140406  -0.723014    1.04428 0.00210104 0.915811 -0.0188611 1.26042 0.102895
1  0.981287 -0.187666 0.0431001 -0.103552 -0.703046 -0.703564  0.162336  0.685935 -0.709323 -0.181111 -0.719509    1.0408 0.00207134 0.911704 0.156806 1.214 0.0542824
1  0.981673  -0.18585 0.0421733 -0.102645 -0.702079 -0.704663  0.160571  0.687419 -0.708288 -0.178961  -0.72185   1.03977 0.00213607 0.911704 0.15271 1.53812 0.0571924
1  0.981453 -0.186206 0.0455814 -0.102591 -0.711024 -0.695644  0.161943  0.678065  -0.71694 -0.180759 -0.707907   1.04914 0.0020792 0.915811 0.150572 1.24208 0.0543916
1   0.988203  -0.149048  0.0352142 -0.0809445  -0.703489  -0.706082   0.130013   0.694901  -0.707254  -0.141704  -0.730506    1.03869 0.00211203 0.913758 0.230987 1.23781 0.105584
1   0.988673  -0.145546  0.0366418 -0.0767341  -0.699992  -0.710016   0.128989   0.699162  -0.703232  -0.141256  -0.736672    1.03422 0.00219063 0.911704 0.0573237 1.62375 0.110498
1  0.982343 -0.183433  0.036815 -0.101269 -0.686786 -0.719771  0.157314  0.703333 -0.693235 -0.174933 -0.745297   1.02316 0.00207619 0.89117 0.117475 1.52548 0.0781422
1  0.981219 -0.187057 0.0471062 -0.103735 -0.717585 -0.688702  0.162629  0.670881 -0.723513 -0.181459 -0.697636   1.05624 0.0021287 0.917865 0.250824 1.60224 0.0576613
1   0.988235  -0.148863  0.0351006 -0.0812342  -0.705324  -0.704215   0.129589   0.693079  -0.709118  -0.141118  -0.727808    1.04074 0.00208322 0.913758 0.194037 1.31976 0.105268
1   0.991398  -0.127951  0.0275448 -0.0710636  -0.702962  -0.707669    0.10991   0.699624  -0.706007  -0.115968  -0.736681    1.03727 0.00219429 0.901437 0.142152 1.19246 0.13896
1  0.982203 -0.183738  0.038964 -0.101031 -0.691715 -0.715069  0.158337  0.698406 -0.697967 -0.176421 -0.737862   1.02838 0.00212557 0.903491 0.118743 1.29559 0.0702421
1   0.987971  -0.150879  0.0339069 -0.0822551  -0.698392  -0.710973   0.130951   0.699632  -0.702401  -0.142675  -0.737558    1.03332 0.00216535 0.911704 0.118522 1.74102 0.106884
1   0.991372  -0.127265  0.0313933 -0.0682533  -0.705655  -0.705261   0.111908   0.697033  -0.708252  -0.119462  -0.732961    1.03969 0.00221471 0.903491 0.200484 1.5531 0.135554
1   0.991188  -0.131449  0.0163584 -0.0789487  -0.685396  -0.723878   0.106365   0.716208  -0.689734  -0.109374  -0.761597    1.01932 0.00201599 0.868583 0.274756 1.56872 0.155477
1  0.981539 -0.186596 0.0419942 -0.102763 -0.699677  -0.70703  0.161312  0.689662 -0.705935 -0.179954 -0.725147   1.03715 0.0021455 0.911704 0.174085 1.49317 0.0578794
1   0.982568  -0.180246  0.0455218 -0.0982959  -0.711547  -0.695729   0.157793   0.679126   -0.71686  -0.176219  -0.709155    1.04914 0.00212083 0.917865 0.172815 1.16064 0.0603733
1   0.987998  -0.150519  0.0346865 -0.0826358  -0.704788  -0.704588     0.1305   0.693266  -0.708768  -0.142024   -0.72813    1.04034 0.00208288 0.913758 0.0766604 1.22938 0.103737
1  0.990536  -0.13543 0.0223039 -0.080085 -0.702245 -0.707417  0.111468  0.698935 -0.706445  -0.11615 -0.735828   1.03782 0.00212899 0.901437 0.204517 1.01371 0.134584
1  0.981481 -0.185779 0.0467002 -0.100775 -0.708087 -0.698897  0.162908  0.681248 -0.713696 -0.182386 -0.712373   1.04567 0.00209861 0.917865 0.0485399 1.58818 0.0533699
1    0.98794  -0.150985  0.0343182 -0.0840023  -0.708839  -0.700351   0.130069   0.689022  -0.712973  -0.141247  -0.722051    1.04496 0.00211196 0.915811 0.22572 1.44934 0.10268
0     0.9917  -0.124853  0.0307002 -0.0671392  -0.706514  -0.704507    0.10965   0.696599  -0.709032  -0.116695  -0.732104    1.04057 0.00223861 0.907598 0.176933 1.20931 0.138862
1  0.981104 -0.189416 0.0394608 -0.105211 -0.693447 -0.712785  0.162377  0.695164 -0.700272   -0.1809 -0.733411    1.0309 0.0021825 0.907598 0.0729581 1.32312 0.0619953
1   0.982825  -0.179822  0.0414597 -0.0952391  -0.686693  -0.720681   0.158065   0.704355  -0.692026  -0.177191   -0.74672    1.02165 0.00203239 0.882957 0.241227 1.24222 0.080263
1    0.98861  -0.146089  0.0361699 -0.0787853  -0.707128  -0.702682   0.128231   0.691829  -0.710584  -0.139774  -0.726021     1.0423 0.00214192 0.913758 0.074926 1.0288 0.107449
1   0.987869  -0.151789  0.0327794 -0.0831319  -0.695223   -0.71397   0.131162   0.702584  -0.699408  -0.142818  -0.742013    1.03003 0.0021369 0.905544 0.142198 1.31301 0.10876
1  0.990723 -0.133014 0.0278421 -0.074158 -0.700846 -0.709448   0.11388  0.700801 -0.704208 -0.120812 -0.738488   1.03539 0.00219647 0.905544 0.13027 1.43103 0.133086
1   0.98145 -0.187185 0.0414344 -0.103469 -0.699116 -0.707482  0.161397  0.690072 -0.705515 -0.179915 -0.725792    1.0367 0.00215541 0.911704 0.0691383 1.38282 0.0579634
1  0.981696 -0.186125 0.0403909 -0.104187 -0.702338 -0.704178  0.159433   0.68708 -0.708874 -0.177353 -0.721424   1.04041 0.00215181 0.911704 0.0511839 1.26646 0.0578198
1  0.981612   -0.1863 0.0416039 -0.102522 -0.698375 -0.708351  0.161021   0.69106 -0.704633 -0.179609 -0.727143    1.0357 0.00215133 0.911704 0.067748 0.959395 0.0593806
1   0.990919  -0.131441  0.0283267 -0.0729563  -0.702562  -0.707873   0.112945   0.699378  -0.705772  -0.119732  -0.736409    1.03705 0.00221452 0.905544 0.139069 1.30216 0.134009
1   0.987106  -0.157186   0.030251 -0.0882081  -0.691851  -0.716632   0.133574   0.704723  -0.696795  -0.144957  -0.745574    1.02723 0.00210981 0.899384 -0.0363106 1.11333 0.106865
1   0.987805  -0.152121   0.033174 -0.0841464  -0.700874  -0.708304   0.130998   0.696875  -0.705128  -0.142395  -0.733498    1.03635 0.0020958 0.911704 0.210971 1.3233 0.104503
1  0.981748 -0.184806 0.0449176 -0.101923 -0.710645 -0.696129  0.160569  0.678845  -0.71651 -0.179124 -0.708889    1.0487 0.00205909 0.915811 0.270288 1.38187 0.0559589
1  0.982422 -0.182089 0.0411258 -0.101986 -0.708061 -0.698748  0.156354  0.682271 -0.714185 -0.173481  -0.71401   1.04609 0.00206234 0.909651 0.257065 1.41338 0.0608619
1   0.988192  -0.149231  0.0347356 -0.0818924  -0.706021   -0.70344   0.129499    0.69229  -0.709905   -0.14082  -0.726824    1.04152 0.00214371 0.913758 0.0259154 1.30236 0.105012
1  0.981655 -0.185973 0.0420514  -0.10202 -0.698641 -0.708162  0.161078   0.69088 -0.704797 -0.179762 -0.726867    1.0359 0.00215026 0.911704 0.118032 3.61125 0.0592897
1    0.98933  -0.140817  0.0373632 -0.0779514  -0.728299  -0.680811   0.123081   0.670635  -0.731505  -0.132689  -0.694973    1.06492 0.00230355 0.919918 0.224677 2.17802 0.119542
1  0.981414 -0.187045 0.0429134  -0.10431 -0.707637 -0.698834  0.161081  0.681369 -0.713995 -0.179415 -0.712665   1.04597 0.00206888 0.915811 0.180697 1.505 0.0543066
1   0.988189  -0.148842  0.0364633 -0.0799294  -0.703635  -0.706052   0.130747   0.694798  -0.707221  -0.142843  -0.730373     1.0386 0.00213384 0.913758 0.0323177 1.15286 0.104866
1  0.981405 -0.186778 0.0442467 -0.103657 -0.709728 -0.696808  0.161551  0.679265 -0.715891 -0.180173 -0.709734   1.04805 0.00205982 0.913758 0.0873915 1.31499 0.0541299
1   0.98107 -0.187488 0.0484867 -0.102391 -0.714714 -0.691882  0.164373  0.673819 -0.720381 -0.184202 -0.701801   1.05282 0.00209287 0.917865 0.0834659 1.13473 0.0537716
1   0.987729  -0.152677  0.0328857 -0.0862343  -0.708706  -0.700214   0.130213   0.688786  -0.713175  -0.140822  -0.721803    1.04518 0.00211806 0.913758 0.177352 1.16313 0.102
1   0.988914  -0.144685   0.033406 -0.0786006   -0.70091  -0.708905   0.125982   0.698421  -0.704512  -0.137045  -0.735859    1.03561 0.00212221 0.901437 -0.0102064 1.12812 0.113489
1  0.981833 -0.184281 0.0452238  -0.10261 -0.716123  -0.69039  0.159611  0.673208 -0.722022 -0.177798 -0.700999   1.05482 0.00218835 0.917865 0.145049 1.37978 0.05955
1  0.981108 -0.188001 0.0456312 -0.104219 -0.712338 -0.694056  0.162988  0.676188 -0.718473 -0.181813 -0.705264   1.05087 0.0020994 0.917865 0.133245 1.35186 0.053386
1   0.987815  -0.152324  0.0319176 -0.0849254  -0.699434  -0.709633   0.130418   0.698276  -0.703848  -0.141519  -0.735608    1.03503 0.00212149 0.911704 0.160626 1.35411 0.105942
1  0.990377 -0.136516 0.0227151 -0.079289 -0.694243  -0.71536  0.113428  0.706675 -0.698387 -0.118827  -0.74731   1.02889 0.00214747 0.895277 0.219999 2.46545 0.136978
1   0.986928  -0.157142  0.0357765 -0.0863525  -0.703043  -0.705885   0.136077   0.693568  -0.707422  -0.148748  -0.729106    1.03891 0.00217904 0.913758 0.0951658 1.37224 0.0953639
1  0.981524 -0.186517 0.0426928 -0.102292 -0.700061 -0.706718  0.161703  0.689293 -0.706206 -0.180539 -0.724574   1.03744 0.00213638 0.911704 0.129742 1.26797 0.0573267
1  0.981029 -0.189828 0.0393405 -0.109334 -0.709346 -0.696329  0.160089  0.678818 -0.716644 -0.177098 -0.709172   1.04886 0.00210837 0.915811 0.208173 1.38401 0.0547022
1  0.975218 -0.215046 0.0520049  -0.11674 -0.699829 -0.704707  0.187939  0.681172  -0.70759 -0.213545 -0.714591   1.03875 0.00229831 0.905544 0.042408 1.30476 0.0357422
