1  0.987884 -0.151354   0.03431 -0.083745 -0.706016 -0.703227  0.130659  0.691833 -0.710137 -0.142029 -0.726141    1.0418 0.00209541 0.913758 0.20336 1.35415 0.102712
1  0.988214 -0.149027 0.0349789 -0.081503  -0.70566 -0.703848  0.129575  0.692701 -0.709489 -0.141059 -0.727304   1.04109 0.00209649 0.913758 0.173018 1.2087 0.105089
1  0.981924 -0.184902 0.0404547 -0.101592 -0.695196 -0.711605  0.159701  0.694633 -0.701414 -0.178104 -0.732459   1.03213 0.00214258 0.905544 0.0495252 1.47733 0.0644387
1  0.981547 -0.186905 0.0403972 -0.103794 -0.698184 -0.708355    0.1606  0.691091   -0.7047 -0.178849 -0.727243   1.03576 0.00213062 0.909651 0.148178 1.2324 0.0595532
1   0.987821  -0.151911  0.0336473 -0.0845412  -0.705577  -0.703572   0.130621   0.692159  -0.709827  -0.141796  -0.726657    1.04146 0.00210904 0.913758 0.398238 2.08297 0.102702
1  0.981627 -0.186752 0.0391516 -0.104163 -0.696376 -0.710078  0.159873  0.692954 -0.703033 -0.177728 -0.729969   1.03392 0.00213107 0.907598 0.577139 2.72645 0.0620226
1   0.990434  -0.136365  0.0210808 -0.0809922  -0.698213  -0.711294   0.111715   0.702782  -0.702579  -0.116224  -0.741733     1.0335 0.00216248 0.895277 0.312363 2.11447 0.136351
1     0.9874   -0.15472  0.0332072 -0.0865278   -0.70359  -0.705319   0.132491   0.693558  -0.708112  -0.143835  -0.728921     1.0396 0.00209516 0.909651 0.187606 1.48371 0.100264
1   0.991276  -0.129247  0.0258345 -0.0731892  -0.702777  -0.707635   0.109616   0.699571  -0.706106  -0.115128  -0.736688    1.03735 0.00217547 0.899384 0.00079589 1.38263 0.138912
1  0.981566 -0.186806 0.0403857 -0.103758 -0.698305 -0.708241  0.160505  0.690995 -0.704815 -0.178735 -0.727091   1.03588 0.00212819 0.909651 0.233463 1.30689 0.0595706
1   0.984835  -0.171338  0.0272587 -0.0996522  -0.687264   -0.71954   0.142019   0.705911  -0.693916  -0.153642   -0.74848    1.02395 0.00202231 0.882957 0.302323 2.27779 0.0973397
1  0.981566 -0.186806 0.0403856 -0.103758 -0.698304 -0.708241  0.160505  0.690995 -0.704815 -0.178735 -0.727091   1.03588 0.00212817 0.909651 0.209205 1.51195 0.0595706
1  0.981547 -0.186905 0.0403972 -0.103794 -0.698184 -0.708355    0.1606  0.691091   -0.7047 -0.178849 -0.727243   1.03576 0.00213063 0.909651 0.144587 1.46331 0.0595532
1  0.981566 -0.186806 0.0403857 -0.103758 -0.698305 -0.708241  0.160505  0.690995 -0.704815 -0.178735 -0.727091   1.03588 0.00212818 0.909651 0.115287 1.5036 0.0595706
1  0.981566 -0.186806 0.0403856 -0.103758 -0.698304 -0.708241  0.160505  0.690995 -0.704815 -0.178735 -0.727091   1.03588 0.00212818 0.909651 0.126058 1.12847 0.0595707
1   0.987852  -0.151567  0.0342894 -0.0839728  -0.706317  -0.702897   0.130755   0.691479  -0.710464  -0.142143  -0.725629    1.04216 0.00209156 0.913758 0.197238 1.31277 0.10238
1   0.987907  -0.151212  0.0342852 -0.0836921   -0.70619  -0.703058   0.130523   0.691686  -0.710305  -0.141869  -0.725914    1.04198 0.0020925 0.913758 0.0836314 2.26697 0.102859
1  0.981566 -0.186806 0.0403857 -0.103758 -0.698305 -0.708241  0.160505  0.690995 -0.704815 -0.178735 -0.727091   1.03588 0.00212818 0.909651 0.171003 1.50143 0.0595706
1  0.988214 -0.149027 0.0349789 -0.081503  -0.70566 -0.703848  0.129575  0.692702 -0.709489 -0.141059 -0.727304   1.04109 0.00209648 0.913758 0.128994 1.52158 0.105089
1  0.981566 -0.186806 0.0403857 -0.103758 -0.698304 -0.708241  0.160505  0.690995 -0.704815 -0.178735 -0.727091   1.03588 0.00212819 0.909651 0.0745213 2.04515 0.0595706
1   0.984922  -0.170917  0.0267395 -0.0994304  -0.685771  -0.720993   0.141568   0.707464  -0.692426   -0.15304  -0.750785     1.0223 0.00198462 0.87885 0.158246 1.70112 0.0999153
1  0.981924 -0.184902 0.0404547 -0.101592 -0.695195 -0.711606  0.159701  0.694633 -0.701414 -0.178104 -0.732459   1.03213 0.00214258 0.905544 0.0596054 2.46707 0.0644388
1  0.981334 -0.188438  0.038404 -0.105907 -0.696225 -0.709968  0.160523  0.692649 -0.703186 -0.178306 -0.729677   1.03409 0.00218863 0.909651 0.176514 1.47937 0.0607832
1  0.981566 -0.186806 0.0403857 -0.103758 -0.698305 -0.708241  0.160505  0.690995 -0.704815 -0.178735 -0.727091   1.03588 0.00212818 0.909651 0.00317142 1.53202 0.0595705
1  0.981566 -0.186806 0.0403857 -0.103758 -0.698304 -0.708241  0.160505  0.690995 -0.704815 -0.178735 -0.727091   1.03588 0.00212819 0.909651 0.151252 1.43611 0.0595707
1   0.987773  -0.152224  0.0336503 -0.0847268   -0.70536  -0.703767   0.130866   0.692311  -0.709633  -0.142084  -0.726906    1.04125 0.00211368 0.913758 0.214998 1.64875 0.102373
1  0.981796 -0.185622 0.0402674  -0.10244    -0.696 -0.710697  0.159947  0.693634 -0.702345 -0.178247 -0.730988   1.03316 0.00218229 0.909651 0.110449 1.92997 0.0629574
1   0.991196  -0.129344  0.0283052 -0.0714511  -0.702504  -0.708084   0.111471   0.699827  -0.705561  -0.118268  -0.737069    1.03678 0.00223355 0.905544 0.0197946 1.08194 0.13656
1   0.991163  -0.130327  0.0247153 -0.0743376   -0.70004  -0.710224   0.109863   0.702111  -0.703541  -0.115142  -0.740488    1.03454 0.00208959 0.89117 0.271419 1.34484 0.139722
0   0.993803  -0.109853  0.0169609 -0.0646362  -0.695266  -0.715841  0.0904295   0.710308  -0.698058 -0.0906289   -0.75176    1.02846 0.00216688 0.87885 0.120516 1.39746 0.174755
1  0.981908 -0.185352 0.0387504 -0.102856 -0.693884 -0.712703  0.158989  0.695823 -0.700394 -0.176847 -0.734202   1.03101 0.00218679 0.907598 0.152153 1.08121 0.066247
1   0.990856  -0.132323  0.0263608 -0.0751634  -0.703601  -0.706608   0.112048   0.698166  -0.707114  -0.118082  -0.734721    1.03847 0.00212814 0.899384 0.0942021 1.37042 0.134263
1  0.981566 -0.186806 0.0403856 -0.103758 -0.698304 -0.708241  0.160505  0.690995 -0.704815 -0.178735 -0.727091   1.03588 0.00212818 0.909651 0.174935 1.44777 0.0595707
1   0.987758   -0.15233  0.0336027 -0.0848368  -0.705355  -0.703759   0.130905   0.692293  -0.709644  -0.142122  -0.726886    1.04126 0.00211418 0.913758 0.0122929 1.27509 0.102281
1   0.987907  -0.151212  0.0342852 -0.0836921   -0.70619  -0.703058   0.130523   0.691686  -0.710305  -0.141869  -0.725914    1.04198 0.00209249 0.913758 0.200591 2.70258 0.102859
1  0.985297 -0.168689 0.0270864 -0.096688 -0.681258  -0.72563  0.140859  0.712342 -0.687552 -0.152889 -0.757935   1.01689 0.00192873 0.87269 0.333674 1.83326 0.107637
1  0.981758 -0.185848 0.0401551 -0.102193  -0.69386 -0.712822  0.160339  0.695715 -0.700194  -0.17882 -0.734146   1.03078 0.00211359 0.901437 0.141061 1.29095 0.0650104
1  0.981924 -0.184902 0.0404547 -0.101592 -0.695195 -0.711606  0.159701  0.694633 -0.701414 -0.178104 -0.732459   1.03213 0.00214261 0.905544 0.242722 1.98513 0.0644389
1  0.981977 -0.185112 0.0381342 -0.103713  -0.69645 -0.710071  0.158002  0.693319 -0.703097 -0.175281 -0.730402   1.03398 0.0021675 0.909651 0.374261 2.56722 0.0643837
1   0.985255  -0.168971  0.0268528 -0.0971023   -0.68147  -0.725375   0.140867   0.712072   -0.68783  -0.152786  -0.757553    1.01719 0.00193158 0.87269 0.427993 2.82971 0.107216
1   0.987907  -0.151212  0.0342852 -0.0836921   -0.70619  -0.703058   0.130523   0.691686  -0.710305  -0.141869  -0.725914    1.04198 0.0020925 0.913758 -0.0207714 1.43807 0.102859
1   0.988177  -0.149307  0.0348418 -0.0817861   -0.70556  -0.703914   0.129682   0.692742   -0.70943  -0.141148  -0.727366    1.04103 0.00209276 0.913758 0.161812 1.27138 0.104876
1  0.987942 -0.151306 0.0328086 -0.084909 -0.706712 -0.702388  0.129462  0.691133 -0.711037 -0.140059 -0.725141   1.04276 0.00206 0.909651 0.174274 2.20613 0.103995
1  0.981547 -0.186905 0.0403972 -0.103794 -0.698184 -0.708355    0.1606  0.691091   -0.7047 -0.178849 -0.727243   1.03576 0.00213064 0.909651 0.120641 1.30477 0.0595533
1   0.988161  -0.149443  0.0347053 -0.0819711  -0.705497  -0.703956   0.129686   0.692777  -0.709395  -0.141135  -0.727427    1.04099 0.00209416 0.913758 0.0927744 1.79926 0.104825
1   0.991025  -0.132051  0.0207704 -0.0778821  -0.696667  -0.713155   0.108643   0.705137  -0.700699  -0.112754  -0.745164     1.0314 0.00220344 0.89117 0.125499 2.49105 0.142803
1   0.991276  -0.129247  0.0258345 -0.0731892  -0.702777  -0.707635   0.109616   0.699571  -0.706106  -0.115128  -0.736688    1.03735 0.00217547 0.899384 0.213145 1.34527 0.138912
1  0.981627 -0.186752 0.0391516 -0.104163 -0.696376 -0.710078  0.159873  0.692954 -0.703033 -0.177728 -0.729969   1.03392 0.00213106 0.907598 0.226249 1.55767 0.0620225
1   0.987942  -0.151306  0.0328086 -0.0849089  -0.706712  -0.702388   0.129462   0.691133  -0.711037  -0.140059  -0.725141    1.04276 0.00206003 0.909651 0.140319 1.39961 0.103995
1   0.985268  -0.168867  0.0270459 -0.0967644  -0.680854  -0.725999   0.141012   0.712686  -0.687164  -0.153073  -0.758454    1.01646 0.00193253 0.87269 0.30404 2.62411 0.107996
1  0.981809 -0.185504 0.0404837 -0.102192  -0.69598 -0.710752  0.160023  0.693686 -0.702277 -0.178422  -0.73105   1.03308 0.0021789 0.909651 0.168214 1.49501 0.0629695
1  0.988214 -0.149027 0.0349789 -0.081503  -0.70566 -0.703848  0.129575  0.692701 -0.709489 -0.141059 -0.727304   1.04109 0.00209647 0.913758 0.156443 2.17271 0.105089
1   0.990268  -0.137555  0.0211738 -0.0818453  -0.698624  -0.710793   0.112565   0.702142  -0.703083  -0.117166  -0.740794    1.03406 0.00213192 0.895277 0.198727 2.22575 0.134604
1  0.981547 -0.186905 0.0403972 -0.103794 -0.698184 -0.708355    0.1606  0.691091   -0.7047 -0.178849 -0.727243   1.03576 0.00213063 0.909651 0.196384 1.70043 0.0595533
1  0.987884 -0.151354   0.03431 -0.083745 -0.706016 -0.703227  0.130659  0.691833 -0.710137 -0.142029 -0.726141    1.0418 0.00209539 0.913758 0.248829 1.38538 0.102712
1  0.981547 -0.186905 0.0403972 -0.103794 -0.698184 -0.708355    0.1606  0.691091   -0.7047 -0.178849 -0.727243   1.03576 0.00213065 0.909651 0.171374 1.32622 0.0595533
1  0.987942 -0.151306 0.0328086 -0.084909 -0.706712 -0.702388  0.129462  0.691133 -0.711038 -0.140059 -0.725141   1.04276 0.00206003 0.909651 0.174997 1.58496 0.103995
1  0.981645 -0.187037 0.0372835 -0.104146 -0.689478  -0.71678  0.159771  0.699741 -0.696302  -0.17769 -0.740148   1.02647 0.00201954 0.89117 0.274148 1.68617 0.0705014
1  0.981412 -0.188211 0.0375035  -0.10533 -0.691616 -0.714544  0.160423  0.697312 -0.698585 -0.178314 -0.736701   1.02899 0.00201965 0.89117 0.374937 2.3267 0.0665061
1   0.988162  -0.149392  0.0349093 -0.0818695  -0.705931  -0.703533   0.129745   0.692346  -0.709805  -0.141217  -0.726785    1.04144 0.00208745 0.913758 0.0339994 1.2279 0.10462
1  0.981547 -0.186905 0.0403972 -0.103794 -0.698184 -0.708355    0.1606  0.691091   -0.7047 -0.178849 -0.727243   1.03576 0.00213064 0.909651 0.214335 1.55665 0.0595533
1  0.981476 -0.187314 0.0402369 -0.104081 -0.697624 -0.708864  0.160851  0.691545 -0.704197 -0.179121 -0.727948   1.03521 0.00214261 0.909651 0.108638 1.52112 0.0596634
1   0.98183 -0.185441  0.040259 -0.102312 -0.695993 -0.710722  0.159817  0.693689  -0.70232 -0.178105 -0.731053   1.03313 0.00218022 0.909651 0.11658 1.25705 0.0631591
1   0.988177  -0.149307  0.0348418 -0.0817861   -0.70556  -0.703915   0.129682   0.692742   -0.70943  -0.141148  -0.727366    1.04103 0.00209276 0.913758 0.113023 1.25907 0.104876
1   0.991163  -0.130327  0.0247153 -0.0743375  -0.700039  -0.710224   0.109863   0.702111  -0.703541  -0.115142  -0.740488    1.03454 0.00208961 0.89117 0.180418 1.24222 0.139722
1   0.990857  -0.132288  0.0265038 -0.0751721  -0.704447  -0.705764   0.112035   0.697319  -0.707951  -0.118067  -0.733451    1.03939 0.00217407 0.903491 0.143867 1.62318 0.133907
1   0.987543  -0.153793   0.033275 -0.0859351   -0.70428  -0.704702   0.131814   0.693064  -0.708722  -0.143087  -0.728124    1.04026 0.00210952 0.911704 0.223081 2.07773 0.101088
1   0.985536  -0.167322   0.026892 -0.0958534  -0.681228  -0.725769   0.139757   0.712693  -0.687413  -0.151634   -0.75841    1.01674 0.00193748 0.87269 0.394428 2.88233 0.109311
1   0.987815  -0.151961  0.0336182 -0.0845904  -0.705533  -0.703611    0.13064   0.692193   -0.70979  -0.141811  -0.726712    1.04141 0.00211043 0.913758 0.119653 1.88194 0.102678
1  0.981566 -0.186806 0.0403856 -0.103758 -0.698305 -0.708241  0.160505  0.690995 -0.704815 -0.178735 -0.727091   1.03588 0.00212821 0.909651 0.140871 1.43049 0.0595707
1  0.988214 -0.149027  0.034979 -0.081503  -0.70566 -0.703848  0.129576  0.692701 -0.709489 -0.141059 -0.727304   1.04109 0.00209647 0.913758 0.204001 1.26585 0.105089
1  0.981566 -0.186806 0.0403856 -0.103758 -0.698305 -0.708241  0.160505  0.690995 -0.704815 -0.178735 -0.727091   1.03588 0.00212818 0.909651 0.256378 1.35796 0.0595706
1    0.99102   -0.13215  0.0203853 -0.0781626   -0.69623  -0.713551   0.108489    0.70555  -0.700307   -0.11247  -0.745777    1.03098 0.00221241 0.89117 0.165955 2.78528 0.143275
0   0.994495  -0.103521  0.0162204 -0.0614179  -0.701307  -0.710208  0.0848966   0.705302  -0.703805 -0.0838734  -0.744055    1.03472 0.00222959 0.887064 0.139188 2.2753 0.180508
1  0.981566 -0.186806 0.0403857 -0.103758 -0.698304 -0.708241  0.160505  0.690995 -0.704815 -0.178735 -0.727091   1.03588 0.0021282 0.909651 0.105823 2.3691 0.0595707
1   0.987298  -0.155323  0.0334432 -0.0868513  -0.703862  -0.705007   0.133043   0.693147  -0.708411  -0.144531  -0.728382    1.03992 0.00210235 0.909651 0.0816009 1.2424 0.0992358
1   0.991313  -0.130217  0.0184688 -0.0773292  -0.690669  -0.719025   0.106385   0.711351  -0.694739  -0.109741   -0.75435    1.02483 0.00202266 0.87269 0.257303 1.14484 0.150999
1   0.986626   -0.15998  0.0312263 -0.0904987  -0.696974  -0.711363   0.135568   0.699024   -0.70213  -0.147023  -0.737494      1.033 0.00204514 0.895277 0.0459454 1.53045 0.0989448
1  0.984761 -0.171759 0.0272677 -0.100051 -0.687774 -0.718997  0.142248  0.705312 -0.694478 -0.153825 -0.747614   1.02457 0.00201634 0.882957 0.379308 2.22459 0.0963206
1  0.981566 -0.186806 0.0403856 -0.103758 -0.698304 -0.708241  0.160505  0.690995 -0.704815 -0.178735 -0.727091   1.03588 0.0021282 0.909651 0.265151 2.57069 0.0595707
1   0.987907  -0.151212  0.0342852 -0.0836921   -0.70619  -0.703058   0.130523   0.691686  -0.710305  -0.141869  -0.725914    1.04198 0.00209249 0.913758 0.123979 1.23059 0.102859
1   0.988052  -0.150155  0.0347516 -0.0824983  -0.705715  -0.703677   0.130185   0.692402   -0.70967  -0.141672  -0.726885    1.04129 0.00208545 0.913758 0.169141 1.23773 0.103866
1  0.981566 -0.186806 0.0403857 -0.103758 -0.698304 -0.708241  0.160505  0.690995 -0.704815 -0.178735 -0.727091   1.03588 0.00212819 0.909651 0.134727 1.56308 0.0595706
1  0.981566 -0.186806 0.0403856 -0.103758 -0.698305 -0.708241  0.160505  0.690995 -0.704815 -0.178735 -0.727091   1.03588 0.00212817 0.909651 0.118026 1.55745 0.0595706
1  0.981547 -0.186905 0.0403972 -0.103794 -0.698184 -0.708355    0.1606  0.691091   -0.7047 -0.178849 -0.727243   1.03576 0.00213065 0.909651 0.249071 1.83656 0.0595533
1   0.991274  -0.129293  0.0256705 -0.0733172  -0.702635  -0.707763   0.109546   0.699705  -0.705983  -0.114974  -0.736887    1.03722 0.00218214 0.899384 0.178727 1.46042 0.139072
1  0.981924 -0.184902 0.0404547 -0.101592 -0.695196 -0.711605  0.159701  0.694633 -0.701414 -0.178104 -0.732459   1.03213 0.00214258 0.905544 -0.0213585 1.3153 0.0644388
1  0.981476 -0.187315 0.0402369 -0.104081 -0.697624 -0.708864  0.160851  0.691545 -0.704197 -0.179121 -0.727948   1.03521 0.00214261 0.909651 0.10234 1.51718 0.0596634
1  0.988214 -0.149027  0.034979 -0.081503  -0.70566 -0.703848  0.129575  0.692701 -0.709489 -0.141059 -0.727304   1.04109 0.00209647 0.913758 0.114492 1.23542 0.105089
1   0.988161  -0.149443  0.0347053 -0.0819711  -0.705497  -0.703956   0.129686   0.692777  -0.709395  -0.141135  -0.727427    1.04099 0.00209416 0.913758 0.198036 1.31965 0.104825
1  0.981566 -0.186806 0.0403857 -0.103758 -0.698305 -0.708241  0.160505  0.690995 -0.704815 -0.178735 -0.727091   1.03588 0.00212819 0.909651 0.031866 1.44091 0.0595706
1  0.981566 -0.186806 0.0403857 -0.103758 -0.698305 -0.708241  0.160505  0.690995 -0.704815 -0.178735 -0.727091   1.03588 0.0021282 0.909651 0.145856 1.47474 0.0595706
1   0.991275  -0.129253  0.0258331 -0.0731942  -0.702777  -0.707635   0.109619    0.69957  -0.706106  -0.115124  -0.736688    1.03735 0.00217661 0.899384 0.148283 1.19534 0.138911
1   0.988146  -0.149574   0.034572 -0.0821643  -0.705513  -0.703918   0.129679   0.692733   -0.70944  -0.141087  -0.727373    1.04103 0.00209573 0.913758 0.281525 1.68029 0.10477
1   0.987821  -0.151911  0.0336472 -0.0845413  -0.705577  -0.703572   0.130621   0.692159  -0.709827  -0.141796  -0.726657    1.04145 0.00210905 0.913758 0.187522 1.43255 0.102703
1  0.981547 -0.186905 0.0403972 -0.103794 -0.698184 -0.708355    0.1606  0.691091   -0.7047 -0.178849 -0.727243   1.03576 0.00213064 0.909651 0.170511 1.3693 0.0595533
1  0.981547 -0.186905 0.0403972 -0.103794 -0.698184 -0.708355    0.1606  0.691091   -0.7047 -0.178849 -0.727243   1.03576 0.00213064 0.909651 0.172346 1.24017 0.0595533
1   0.987821  -0.151911  0.0336473 -0.0845412  -0.705577  -0.703572   0.130621   0.692159  -0.709827  -0.141797  -0.726657    1.04145 0.00210905 0.913758 0.177969 1.51155 0.102703
1   0.990455  -0.136134    0.02159 -0.0805113  -0.698534  -0.711033   0.111877   0.702508  -0.702827  -0.116531  -0.741322    1.03378 0.00215742 0.895277 0.219985 1.36943 0.136026
1  0.981958 -0.184722 0.0404463 -0.101464 -0.695189  -0.71163  0.159571  0.694687 -0.701389 -0.177962 -0.732523    1.0321 0.00214059 0.905544 0.0781586 1.10867 0.0646407
1  0.981505 -0.187143 0.0403268 -0.103783 -0.697168 -0.709356  0.160865  0.692051 -0.703696 -0.179189 -0.728686   1.03465 0.00215199 0.909651 0.135557 1.62827 0.0601959
1   0.988177  -0.149307  0.0348418 -0.0817861   -0.70556  -0.703914   0.129682   0.692742   -0.70943  -0.141148  -0.727366    1.04103 0.00209275 0.913758 0.0826019 1.54143 0.104876
1   0.991275  -0.129253   0.025833 -0.0731942  -0.702777  -0.707635   0.109619    0.69957  -0.706106  -0.115124  -0.736688    1.03735 0.00217661 0.899384 0.0949056 1.30406 0.138911
1  0.981547 -0.186905 0.0403972 -0.103794 -0.698184 -0.708355    0.1606  0.691091   -0.7047 -0.178849 -0.727243   1.03576 0.00213063 0.909651 0.180437 1.95717 0.0595533
1  0.981566 -0.186806 0.0403856 -0.103758 -0.698304 -0.708241  0.160505  0.690995 -0.704815 -0.178735 -0.727091   1.03588 0.00212819 0.909651 0.0451404 1.03722 0.0595707
0   0.995219 -0.0954609  0.0206354 -0.0535044  -0.709663  -0.702506   0.081706   0.698044  -0.711378  -0.081276  -0.732976      1.043 0.00232066 0.901437 0.102846 1.16885 0.184246
1  0.988214 -0.149027 0.0349789 -0.081503  -0.70566 -0.703848  0.129575  0.692701 -0.709489 -0.141059 -0.727304   1.04109 0.00209648 0.913758 0.07403 1.28161 0.105089
1  0.981677 -0.186246  0.040293 -0.103042 -0.696705 -0.709919  0.160292  0.692759  -0.70313 -0.178583 -0.729692   1.03402 0.00216175 0.909651 0.214211 1.20733 0.0615947
1   0.987895  -0.151284  0.0343018 -0.0837155    -0.7061  -0.703146   0.130595   0.691763  -0.710217  -0.141958  -0.726032    1.04189 0.00209372 0.913758 0.110674 1.24288 0.102779
1   0.990468  -0.134924  0.0277407 -0.0761994  -0.704456  -0.705645   0.114751   0.696805  -0.708022  -0.121564   -0.73279    1.03947 0.00219315 0.905544 0.12286 1.40737 0.129494
1  0.981924 -0.184902 0.0404547 -0.101592 -0.695196 -0.711605  0.159701  0.694633 -0.701414 -0.178104 -0.732459   1.03213 0.00214261 0.905544 0.181068 1.76555 0.0644388
1   0.991018  -0.132055  0.0211087 -0.0768944  -0.691823  -0.717962   0.109414   0.709889  -0.695763  -0.114073  -0.752149    1.02595 0.00209643 0.882957 0.293568 2.23479 0.145508
1   0.991313  -0.130217  0.0184688 -0.0773291  -0.690669  -0.719025   0.106385   0.711351  -0.694739  -0.109741   -0.75435    1.02483 0.00202266 0.87269 0.210727 1.94413 0.150999
1  0.990505 -0.135834 0.0211713 -0.080683 -0.699077 -0.710479  0.111308  0.702026 -0.703399 -0.115694 -0.740577    1.0344 0.00215958 0.895277 0.411196 2.73099 0.136542
1   0.987815  -0.151961  0.0336182 -0.0845904  -0.705533  -0.703611    0.13064   0.692193   -0.70979  -0.141811  -0.726712    1.04141 0.00211043 0.913758 0.0283754 1.06725 0.102678
1   0.986181  -0.162248  0.0335099 -0.0914521  -0.701782  -0.706497   0.138145   0.693669  -0.706922  -0.150398  -0.729658    1.03828 0.00213367 0.905544 0.127955 2.2317 0.0916031
1   0.991163  -0.130327  0.0247153 -0.0743376  -0.700039  -0.710224   0.109863   0.702111  -0.703541  -0.115142  -0.740488    1.03454 0.0020896 0.89117 0.165526 1.46109 0.139722
1   0.987241  -0.155723  0.0332521 -0.0873784  -0.704375   -0.70443   0.133118   0.692537  -0.708994  -0.144487  -0.727515    1.04055 0.00210329 0.909651 0.233335 2.75944 0.0987774
1  0.991237 -0.130652 0.0194845 -0.077236 -0.692891 -0.716894  0.107164  0.709107  -0.69691 -0.110862  -0.75103   1.02724 0.00208097 0.87885 0.245393 1.50688 0.147994
1  0.981547 -0.186905 0.0403972 -0.103794 -0.698184 -0.708355    0.1606  0.691091   -0.7047 -0.178849 -0.727243   1.03576 0.00213063 0.909651 0.0997776 1.5186 0.0595532
