0   0.997437 -0.0710067 0.00880513 -0.0438058  -0.703327  -0.709516  0.0565732   0.707311  -0.704635 -0.0485341  -0.745742    1.03558 0.00240282 0.87885 0.0864881 0.0257944 0.227837
1   0.991157  -0.130211  0.0255381 -0.0737471  -0.700565  -0.709768   0.110311   0.701608  -0.703973  -0.115934  -0.739775    1.03501 0.00208306 0.89117 0.178315 0.124427 0.138879
1  0.981683  -0.18632 0.0397772 -0.103076 -0.694999 -0.711584  0.160228   0.69445 -0.701474 -0.178488 -0.732296   1.03219 0.00215861 0.905544 0.042414 0.0456927 0.0634894
1   0.986338  -0.161551   0.032223 -0.0921682  -0.703321  -0.704872   0.136536   0.692273  -0.708602  -0.147874  -0.727437     1.0401 0.00211404 0.907598 0.154805 0.0486111 0.0930717
1  0.981547 -0.186905 0.0403972 -0.103794 -0.698184 -0.708355    0.1606  0.691091   -0.7047 -0.178849 -0.727243   1.03576 0.00213062 0.909651 0.262789 0.218504 0.0595532
0   0.994306  -0.104909  0.0186808 -0.0606189  -0.701056  -0.710525  0.0876367   0.705347  -0.703424 -0.0877631  -0.744155    1.03433 0.00226349 0.89117 0.17275 0.249189 0.176601
0   0.994397  -0.104566  0.0155046 -0.0625167       -0.7  -0.711401  0.0852419   0.706446  -0.702615 -0.0840021  -0.745778    1.03343 0.00226102 0.887064 0.281028 0.275622 0.180442
1   0.991163  -0.130327  0.0247152 -0.0743376  -0.700039  -0.710224   0.109863   0.702111  -0.703541  -0.115142  -0.740488    1.03454 0.00208963 0.89117 0.189753 0.15154 0.139722
1   0.991211  -0.129801  0.0255311 -0.0734741   -0.70067  -0.709692   0.110007   0.701579  -0.704049  -0.115566  -0.739693    1.03509 0.0020795 0.89117 0.0448765 0.113158 0.139356
1   0.990673  -0.134132  0.0239861 -0.0778786  -0.701819  -0.708086   0.111811   0.699614  -0.705719   -0.11695   -0.73683    1.03697 0.00213296 0.899384 0.231745 0.0699304 0.134912
1   0.987852  -0.151567  0.0342893 -0.0839729  -0.706317  -0.702897   0.130755   0.691479  -0.710464  -0.142143  -0.725629    1.04216 0.00209154 0.913758 0.106034 0.180048 0.102381
1  0.981924 -0.184902 0.0404547 -0.101592 -0.695195 -0.711605  0.159701  0.694633 -0.701414 -0.178104 -0.732459   1.03213 0.00214258 0.905544 0.203852 0.0947361 0.0644388
1   0.98644 -0.160765 0.0330187 -0.090201  -0.69914 -0.709272  0.137111  0.696676 -0.704161 -0.149307 -0.734073   1.03524 0.00205301 0.897331 0.175751 0.157137 0.0951206
1   0.986675  -0.159529  0.0319928 -0.0906062  -0.702048  -0.706342   0.135142   0.694031  -0.707147   -0.14642   -0.72996    1.03852 0.002128 0.907598 0.115361 0.0615458 0.0961119
1  0.988214 -0.149027 0.0349789 -0.081503  -0.70566 -0.703848  0.129575  0.692701 -0.709489 -0.141059 -0.727304   1.04109 0.00209649 0.913758 0.139074 0.12786 0.105089
1  0.987835 -0.151874 0.0334053 -0.084879 -0.706598 -0.702506  0.130297  0.691125 -0.710893 -0.141185 -0.725146   1.04261 0.00208587 0.911704 0.19942 0.0644311 0.102809
1  0.987288 -0.155416 0.0332992  -0.08709 -0.704216 -0.704624   0.13296  0.692767 -0.708799  -0.14429 -0.727816   1.04034 0.00210157 0.909651 0.0796579 0.146147 0.0991817
1   0.991163  -0.130327  0.0247152 -0.0743376  -0.700039  -0.710224   0.109863   0.702111  -0.703541  -0.115142  -0.740488    1.03454 0.00208959 0.89117 0.186032 0.141261 0.139722
1   0.991409  -0.128997  0.0216267 -0.0748739  -0.695288  -0.714821   0.107246    0.70706  -0.698973  -0.111416  -0.747907    1.02951 0.00217495 0.887064 0.096392 0.0623003 0.146691
1  0.981926 -0.184908 0.0403855 -0.101677  -0.69533 -0.711462  0.159636  0.694497 -0.701563 -0.178002 -0.732261   1.03229 0.00214211 0.905544 0.443368 0.169366 0.0643362
1    0.99102   -0.13215  0.0203854 -0.0781626   -0.69623  -0.713551   0.108489    0.70555  -0.700307   -0.11247  -0.745777    1.03098 0.00221239 0.89117 0.0616421 0.209412 0.143275
1   0.991163  -0.130327  0.0247153 -0.0743376  -0.700039  -0.710224   0.109863   0.702111  -0.703541  -0.115142  -0.740488    1.03454 0.0020896 0.89117 0.215968 0.248533 0.139721
0   0.997432 -0.0713259 0.00648604 -0.0456663  -0.703132  -0.709592  0.0551728   0.707473  -0.704583 -0.0462868  -0.746069    1.03544 0.0023243 0.870637 0.12547 0.038893 0.22969
1  0.981566 -0.186806 0.0403856 -0.103758 -0.698305 -0.708241  0.160505  0.690995 -0.704815 -0.178735 -0.727091   1.03588 0.00212819 0.909651 0.00317022 0.119393 0.0595706
1   0.986675  -0.159529  0.0319929 -0.0906061  -0.702048  -0.706342   0.135142   0.694031  -0.707147   -0.14642   -0.72996    1.03852 0.00212799 0.907598 0.151331 0.112931 0.0961118
1  0.991211 -0.129801  0.025531 -0.073474  -0.70067 -0.709692  0.110007  0.701579 -0.704049 -0.115566 -0.739694   1.03509 0.00207951 0.89117 0.227689 0.12925 0.139356
1  0.981566 -0.186806 0.0403856 -0.103758 -0.698304 -0.708241  0.160505  0.690995 -0.704815 -0.178735 -0.727091   1.03588 0.0021282 0.909651 0.157908 0.238712 0.0595707
1   0.986675  -0.159529  0.0319928 -0.0906061  -0.702048  -0.706342   0.135142   0.694031  -0.707147   -0.14642   -0.72996    1.03852 0.00212799 0.907598 0.0661218 0.128726 0.0961119
1   0.991163  -0.130327  0.0247153 -0.0743376   -0.70004  -0.710224   0.109863   0.702111  -0.703542  -0.115142  -0.740488    1.03454 0.00208961 0.89117 0.271414 0.135388 0.139721
0   0.997429 -0.0713681 0.00649583 -0.0456938   -0.70319  -0.709532  0.0552057   0.707411  -0.704643 -0.0463351  -0.745983    1.03551 0.00232271 0.870637 0.0572692 0.113427 0.229604
1  0.975093 -0.217098 0.0454149 -0.120501  -0.69044 -0.713283  0.186209  0.690044 -0.699403 -0.210391  -0.72778    1.0298 0.00223018 0.895277 0.135328 0.112066 0.0446612
1   0.991211  -0.129801  0.0255311 -0.0734741   -0.70067  -0.709692   0.110007   0.701579  -0.704049  -0.115566  -0.739693    1.03509 0.0020795 0.89117 0.114904 0.112407 0.139356
1  0.981566 -0.186806 0.0403856 -0.103758 -0.698304 -0.708241  0.160505  0.690995 -0.704815 -0.178735 -0.727091   1.03588 0.00212819 0.909651 0.174932 0.191331 0.0595706
1   0.991409  -0.128997  0.0216268 -0.0748739  -0.695288  -0.714821   0.107246    0.70706  -0.698973  -0.111416  -0.747907    1.02951 0.00217497 0.887064 -0.0161058 0.0712516 0.146691
0   0.994306  -0.104909  0.0186808  -0.060619  -0.701056  -0.710525  0.0876367   0.705347  -0.703424 -0.0877631  -0.744155    1.03433 0.00226347 0.89117 0.137772 0.338707 0.176601
0     0.999526   -0.0307822 -0.000149309   -0.0221973    -0.717388     -0.69632    0.0213271     0.695993    -0.717732  -0.00503907     -0.72789      1.04958 0.0027512 0.874743 0.0495332 0.0584123 0.284427
1    0.98644  -0.160765  0.0330187 -0.0902011   -0.69914  -0.709272   0.137111   0.696676  -0.704161  -0.149307  -0.734073    1.03524 0.002053 0.897331 0.165682 0.181554 0.0951207
1   0.991409  -0.128997  0.0216268 -0.0748739  -0.695288  -0.714821   0.107246    0.70706  -0.698973  -0.111416  -0.747907    1.02951 0.00217494 0.887064 0.179454 0.224911 0.146691
1   0.991163  -0.130327  0.0247152 -0.0743376  -0.700039  -0.710224   0.109863   0.702111  -0.703541  -0.115142  -0.740488    1.03454 0.0020896 0.89117 0.0690936 0.287106 0.139722
0   0.994734  -0.100351   0.020848 -0.0569989  -0.710677  -0.701206  0.0851832   0.696325  -0.712654  -0.085225  -0.730635    1.04444 0.00232663 0.903491 0.134512 0.144497 0.177823
1   0.986627  -0.159975  0.0312157 -0.0905019  -0.696969  -0.711368   0.135557    0.69903  -0.702126  -0.147003  -0.737503    1.03299 0.00204533 0.895277 0.00224214 0.0847001 0.098966
1   0.985667  -0.166148  0.0292654 -0.0945415  -0.687661   -0.71985   0.139726   0.706766  -0.693512  -0.151682  -0.749499    1.02353 0.00201639 0.882957 0.1924 0.0749745 0.101417
1  0.981786 -0.185661 0.0403327 -0.102443 -0.696094 -0.710605  0.160007   0.69353 -0.702434 -0.178335 -0.730838   1.03325 0.0021818 0.909651 0.125454 0.219845 0.0627881
0   0.994242  -0.105529  0.0186172 -0.0613212  -0.702776  -0.708763  0.0878789    0.70354  -0.705201 -0.0879495  -0.741485    1.03628 0.00223088 0.89117 0.0792676 0.0716574 0.175242
1  0.981566 -0.186806 0.0403856 -0.103758 -0.698305 -0.708241  0.160505  0.690995 -0.704815 -0.178735 -0.727091   1.03588 0.00212819 0.909651 0.0780307 0.129767 0.0595706
0   0.994132  -0.107235  0.0142151 -0.0648439  -0.695945  -0.715161   0.086583   0.710043  -0.698815 -0.0853215  -0.751193    1.02927 0.00220914 0.880903 0.123236 0.15667 0.18016
1   0.991177   -0.12959  0.0278261 -0.0716855  -0.700709  -0.709837   0.111486   0.701579  -0.703816  -0.118244  -0.739678    1.03485 0.00216294 0.899384 0.217678 0.068581 0.137421
1  0.969629 -0.238087 0.0559885 -0.130871 -0.698442 -0.703599  0.206622  0.674902 -0.708388 -0.236674 -0.706766    1.0396 0.00239233 0.899384 0.131385 0.125742 0.0499512
1   0.991163  -0.130327  0.0247152 -0.0743376  -0.700039  -0.710224   0.109863   0.702111  -0.703541  -0.115142  -0.740488    1.03454 0.0020896 0.89117 0.127978 0.137822 0.139722
1   0.991163  -0.130327  0.0247153 -0.0743376   -0.70004  -0.710224   0.109863   0.702111  -0.703541  -0.115142  -0.740488    1.03454 0.0020896 0.89117 0.281293 0.204344 0.139721
1   0.991144  -0.129861  0.0277514 -0.0719136  -0.700583  -0.709938   0.111635   0.701655  -0.703718  -0.118389  -0.739808    1.03475 0.00216695 0.899384 0.172777 0.0745356 0.13721
1   0.991163  -0.130327  0.0247152 -0.0743376   -0.70004  -0.710224   0.109863   0.702111  -0.703541  -0.115142  -0.740488    1.03454 0.00208961 0.89117 0.159203 0.234185 0.139722
1   0.991391  -0.129576  0.0188003 -0.0766101  -0.690503  -0.719261   0.106181   0.711629  -0.694485  -0.109717  -0.754667    1.02453 0.00199856 0.87269 0.468177 0.230465 0.15154
1  0.977914 -0.202535  0.051609 -0.109269 -0.705917 -0.699816  0.178169   0.67872 -0.712457 -0.201892 -0.709921   1.04413 0.00222133 0.911704 0.162174 0.0623257 0.0376553
1   0.991163  -0.130327  0.0247153 -0.0743376   -0.70004  -0.710224   0.109863   0.702111  -0.703541  -0.115142  -0.740488    1.03454 0.0020896 0.89117 0.250906 0.14646 0.139721
0   0.995343 -0.0942939  0.0200365 -0.0529748  -0.708683  -0.703536  0.0805387   0.699198  -0.710377 -0.0797558   -0.73467    1.04192 0.00226506 0.895277 0.119099 0.0610495 0.186462
1  0.981566 -0.186806 0.0403856 -0.103758 -0.698304 -0.708241  0.160505  0.690995 -0.704815 -0.178735 -0.727091   1.03588 0.00212817 0.909651 0.147706 0.0685796 0.0595706
1   0.96966 -0.237929 0.0561136 -0.130535 -0.698033 -0.704067  0.206687  0.675381 -0.707913 -0.236813 -0.707439   1.03909 0.00238919 0.899384 0.141291 0.106397 0.0500573
0   0.994132  -0.107235  0.0142151 -0.0648438  -0.695945  -0.715161  0.0865829   0.710043  -0.698815 -0.0853215  -0.751193    1.02927 0.00220915 0.880903 0.31629 0.220126 0.18016
1   0.986675  -0.159529  0.0319928 -0.0906062  -0.702048  -0.706342   0.135142   0.694031  -0.707147   -0.14642   -0.72996    1.03852 0.002128 0.907598 0.0152326 0.129419 0.0961119
1  0.981566 -0.186806 0.0403857 -0.103758 -0.698305 -0.708241  0.160505  0.690995 -0.704815 -0.178735 -0.727091   1.03588 0.00212821 0.909651 0.215235 0.0864702 0.0595706
1   0.991163  -0.130327  0.0247153 -0.0743375   -0.70004  -0.710224   0.109863   0.702111  -0.703541  -0.115142  -0.740488    1.03454 0.00208959 0.89117 0.130698 0.132393 0.139721
1  0.981566 -0.186806 0.0403856 -0.103758 -0.698304 -0.708241  0.160505  0.690995 -0.704815 -0.178735 -0.727091   1.03588 0.00212819 0.909651 0.137662 0.134774 0.0595706
1   0.991163  -0.130327  0.0247153 -0.0743376  -0.700039  -0.710224   0.109863   0.702111  -0.703541  -0.115142  -0.740488    1.03454 0.00208959 0.89117 0.114366 0.149883 0.139722
0   0.994301  -0.104854  0.0192798 -0.0605757  -0.704448  -0.707166   0.087731   0.701968  -0.706785 -0.0879092  -0.739145    1.03802 0.00227325 0.895277 0.108389 0.0915282 0.174947
1   0.991276  -0.129247  0.0258345 -0.0731893  -0.702777  -0.707635   0.109616   0.699571  -0.706106  -0.115128  -0.736688    1.03735 0.00217547 0.899384 0.143314 0.0815212 0.138912
1   0.985639  -0.166318  0.0292127 -0.0946942  -0.687619   -0.71987   0.139815   0.706766  -0.693494  -0.151771  -0.749515     1.0235 0.00201764 0.882957 0.256921 0.190855 0.101303
0    0.99506 -0.0980616  0.0154667 -0.0562158  -0.685004  -0.726367  0.0818235    0.72191  -0.687132 -0.0808675  -0.768853    1.01632 0.00215565 0.858316 0.326236 0.199145 0.197648
1   0.988991  -0.144405  0.0323132 -0.0804958  -0.708239  -0.701369   0.124167   0.691046  -0.712066  -0.133824  -0.724668     1.0439 0.00213537 0.913758 0.10925 0.0419043 0.112633
1  0.981476 -0.187314 0.0402369 -0.104081 -0.697624 -0.708864  0.160851  0.691545 -0.704197 -0.179121 -0.727948   1.03521 0.0021426 0.909651 0.135063 0.0694311 0.0596634
1   0.984318  -0.173574  0.0314563 -0.0975113  -0.683993  -0.722942      0.147   0.708538  -0.690192    -0.1613  -0.752582    1.01983 0.0020893 0.882957 0.206725 0.0482589 0.0957708
1  0.981566 -0.186806 0.0403857 -0.103758 -0.698305 -0.708241  0.160505  0.690995 -0.704815 -0.178735 -0.727091   1.03588 0.00212818 0.909651 0.256378 0.0706396 0.0595706
1  0.981547 -0.186905 0.0403973 -0.103794 -0.698184 -0.708355    0.1606  0.691091   -0.7047 -0.178849 -0.727243   1.03576 0.00213064 0.909651 0.201465 0.298578 0.0595532
1   0.991163  -0.130327  0.0247153 -0.0743376   -0.70004  -0.710224   0.109863   0.702111  -0.703541  -0.115142  -0.740488    1.03454 0.00208959 0.89117 0.280071 0.176379 0.139721
1   0.991163  -0.130327  0.0247153 -0.0743375  -0.700039  -0.710224   0.109863   0.702111  -0.703541  -0.115142  -0.740488    1.03454 0.0020896 0.89117 0.12204 0.281154 0.139722
1   0.986626   -0.15998  0.0312263 -0.0904986  -0.696973  -0.711364   0.135568   0.699024   -0.70213  -0.147023  -0.737495      1.033 0.00204515 0.895277 0.106586 0.0985199 0.0989449
0   0.994132  -0.107235  0.0142151 -0.0648438  -0.695945  -0.715161   0.086583   0.710043  -0.698815 -0.0853216  -0.751193    1.02927 0.00220914 0.880903 0.18883 0.104185 0.18016
1   0.98644 -0.160765 0.0330188 -0.090201  -0.69914 -0.709272  0.137111  0.696676 -0.704161 -0.149307 -0.734073   1.03524 0.00205301 0.897331 0.0422721 0.103083 0.0951207
0   0.994116  -0.107415   0.013948 -0.0654519  -0.698308  -0.712799  0.0863054   0.707692   -0.70123 -0.0848465   -0.74773     1.0319 0.00219089 0.880903 0.325577 0.210622 0.179037
1  0.991009 -0.131542 0.0244404 -0.075511 -0.700698 -0.709451  0.110448  0.701227 -0.704331 -0.115663 -0.739185   1.03542 0.00212625 0.895277 0.0498394 0.24692 0.138159
1   0.986374   -0.16132  0.0322674 -0.0919801  -0.703383  -0.704835   0.136401   0.692263  -0.708637  -0.147731  -0.727406    1.04014 0.00211212 0.907598 0.115762 0.061241 0.0932901
1   0.991163  -0.130327  0.0247153 -0.0743376  -0.700039  -0.710224   0.109863   0.702111  -0.703541  -0.115142  -0.740488    1.03454 0.00208961 0.89117 0.167482 0.109547 0.139722
1   0.991163  -0.130327  0.0247153 -0.0743376  -0.700039  -0.710224   0.109863   0.702111  -0.703541  -0.115142  -0.740488    1.03454 0.00208962 0.89117 0.150412 0.207823 0.139722
1   0.987835  -0.151923  0.0331775 -0.0851565  -0.707022  -0.702046   0.130114   0.690681  -0.711358  -0.140885  -0.724506    1.04311 0.00205652 0.909651 0.147719 0.0653727 0.102875
1  0.969291 -0.238149  0.061312 -0.128643 -0.703528 -0.698927  0.209584  0.669577  -0.71256 -0.241173 -0.698916   1.04406 0.0025032 0.909651 0.117769 0.084606 0.0546985
0   0.994242  -0.105529  0.0186172 -0.0613213  -0.702776  -0.708763  0.0878788    0.70354  -0.705201 -0.0879494  -0.741485    1.03628 0.00223089 0.89117 0.160381 0.093761 0.175242
1   0.985606  -0.166535   0.029111 -0.0950307  -0.688159   -0.71931   0.139823   0.706189  -0.694079    -0.1517  -0.748679    1.02414 0.00201502 0.882957 0.0394462 0.0515142 0.100557
1   0.991129  -0.130591  0.0246747 -0.0745519  -0.700012  -0.710229   0.110022    0.70209  -0.703538  -0.115307  -0.740459    1.03454 0.00208622 0.89117 0.125964 0.0965621 0.139441
1  0.991009 -0.131542 0.0244404 -0.075511 -0.700698 -0.709451  0.110448  0.701227 -0.704331 -0.115662 -0.739185   1.03542 0.00212624 0.895277 0.10192 0.0580181 0.138159
1   0.985606  -0.166535   0.029111 -0.0950307  -0.688159   -0.71931   0.139823   0.706189  -0.694079    -0.1517  -0.748679    1.02414 0.00201502 0.882957 0.228344 0.0738683 0.100557
1   0.991163  -0.130327  0.0247153 -0.0743376  -0.700039  -0.710224   0.109863   0.702111  -0.703541  -0.115142  -0.740488    1.03454 0.00208961 0.89117 0.049418 0.139641 0.139721
1   0.985606  -0.166535   0.029111 -0.0950307  -0.688159   -0.71931   0.139823   0.706189  -0.694079    -0.1517  -0.748679    1.02414 0.00201503 0.882957 0.191278 0.0583649 0.100557
1   0.991163  -0.130327  0.0247153 -0.0743376   -0.70004  -0.710224   0.109863   0.702111  -0.703542  -0.115142  -0.740488    1.03454 0.00208963 0.89117 0.18232 0.117131 0.139721
0   0.995079    -0.0974   0.018189 -0.0563255  -0.707079  -0.704887  0.0815171   0.700394  -0.709086 -0.0803025  -0.736517    1.04054 0.00218982 0.889117 0.249267 0.107553 0.184649
1   0.985606  -0.166535   0.029111 -0.0950307  -0.688159   -0.71931   0.139823   0.706189  -0.694079    -0.1517  -0.748679    1.02414 0.00201502 0.882957 0.223747 0.0612891 0.100557
0   0.994176  -0.106124  0.0187739 -0.0609055  -0.696967  -0.714512  0.0889116   0.709207  -0.699372 -0.0893662  -0.749907    1.02988 0.0022306 0.88501 0.131594 0.0835472 0.176891
1   0.986374   -0.16132  0.0322674 -0.0919801  -0.703383  -0.704835   0.136401   0.692263  -0.708637  -0.147731  -0.727406    1.04014 0.00211212 0.907598 0.179538 0.0765359 0.0932901
1  0.981566 -0.186806 0.0403857 -0.103758 -0.698305 -0.708241  0.160505  0.690995 -0.704815 -0.178735 -0.727091   1.03588 0.00212818 0.909651 0.170514 0.0845515 0.0595706
1   0.986163  -0.162974  0.0303644 -0.0939608  -0.700387  -0.707551   0.136579   0.694908  -0.706009  -0.147605  -0.731439    1.03727 0.00209857 0.903491 0.24126 0.0838332 0.0940957
1   0.987389  -0.154796  0.0331901 -0.0866049  -0.703636  -0.705263   0.132526   0.693494  -0.708169  -0.143859  -0.728831    1.03966 0.00209583 0.909651 0.0974327 0.140243 0.100174
1  0.986181 -0.162248   0.03351 -0.091452 -0.701783 -0.706497  0.138145  0.693669 -0.706922 -0.150398 -0.729658   1.03828 0.00213366 0.905544 0.142919 0.108815 0.091603
1   0.98183 -0.185441  0.040259 -0.102312 -0.695993 -0.710722  0.159817  0.693689  -0.70232 -0.178105 -0.731053   1.03313 0.00218021 0.909651 0.0442602 0.0491046 0.0631591
1   0.991163  -0.130327  0.0247153 -0.0743376  -0.700039  -0.710224   0.109863   0.702111  -0.703541  -0.115142  -0.740488    1.03454 0.00208961 0.89117 0.131079 0.151331 0.139722
1  0.981547 -0.186905 0.0403972 -0.103794 -0.698184 -0.708355    0.1606  0.691091   -0.7047 -0.178849 -0.727243   1.03576 0.00213065 0.909651 0.180433 0.345913 0.0595533
1   0.985667  -0.166148  0.0292655 -0.0945415  -0.687661   -0.71985   0.139726   0.706765  -0.693512  -0.151682  -0.749499    1.02353 0.00201638 0.882957 0.0953047 0.0643655 0.101416
0   0.997528 -0.0695579 0.00993956 -0.0419746  -0.703355  -0.709598  0.0563492   0.707427  -0.704536 -0.0486418  -0.745938    1.03544 0.00238863 0.876797 0.0765694 0.105744 0.228577
1   0.991163  -0.130327  0.0247153 -0.0743376  -0.700039  -0.710224   0.109863   0.702111  -0.703541  -0.115142  -0.740488    1.03454 0.00208961 0.89117 0.0770653 0.102825 0.139722
0   0.994176  -0.106124  0.0187739 -0.0609055  -0.696967  -0.714512  0.0889116   0.709207  -0.699371 -0.0893662  -0.749907    1.02988 0.00223058 0.88501 0.189192 0.118312 0.176891
1   0.990271  -0.136906  0.0249042 -0.0793222  -0.702421  -0.707328   0.114331   0.698471  -0.706447   -0.12015  -0.735317    1.03777 0.00211704 0.899384 0.100771 0.0754495 0.130362
1   0.991163  -0.130327  0.0247153 -0.0743376  -0.700039  -0.710224   0.109863   0.702111  -0.703541  -0.115142  -0.740488    1.03454 0.00208961 0.89117 0.164272 0.150528 0.139722
0   0.994306  -0.104909  0.0186808 -0.0606189  -0.701056  -0.710525  0.0876367   0.705347  -0.703424 -0.0877632  -0.744155    1.03433 0.00226347 0.89117 0.134873 0.131573 0.176601
1   0.991335  -0.130013  0.0187521 -0.0767541  -0.689166  -0.720527   0.106601   0.712844  -0.693173  -0.110224  -0.756481     1.0231 0.00200847 0.87269 0.323205 0.355415 0.152063
1   0.991313  -0.130217  0.0184688 -0.0773292  -0.690669  -0.719025   0.106385   0.711351  -0.694739  -0.109741   -0.75435    1.02483 0.00202266 0.87269 0.210727 0.187064 0.150999
1   0.986503  -0.160127  0.0342335 -0.0897147  -0.703444  -0.705066   0.136982   0.692478  -0.708315  -0.149229  -0.727745    1.03981 0.00212056 0.907598 0.13959 0.131563 0.0928994
1   0.986717  -0.159253  0.0320666 -0.0903174  -0.701867  -0.706559   0.135028   0.694278  -0.706927  -0.146326  -0.730298    1.03828 0.0021262 0.907598 0.0211129 0.0903544 0.0964527
1  0.981566 -0.186806 0.0403857 -0.103758 -0.698305 -0.708241  0.160505  0.690995 -0.704815 -0.178735 -0.727091   1.03588 0.00212817 0.909651 0.130201 0.257255 0.0595706
1   0.990673  -0.134132   0.023986 -0.0778787  -0.701819  -0.708086   0.111811   0.699614  -0.705719   -0.11695   -0.73683    1.03697 0.00213296 0.899384 0.14821 0.0705979 0.134912
1   0.990807  -0.132768  0.0259464 -0.0753608  -0.700986  -0.709182   0.112345   0.700708  -0.704547  -0.118403  -0.738527    1.03564 0.00207943 0.893224 0.242031 0.141277 0.135101
0   0.997429 -0.0713681 0.00649589 -0.0456938   -0.70319  -0.709532  0.0552057   0.707411  -0.704644 -0.0463351  -0.745982    1.03551 0.00232271 0.870637 0.157731 0.0582981 0.229604
1  0.981547 -0.186905 0.0403972 -0.103794 -0.698184 -0.708355    0.1606  0.691091   -0.7047 -0.178849 -0.727243   1.03576 0.00213062 0.909651 0.0997814 0.097598 0.0595532
