1   0.988087    -0.1502  0.0335202 -0.0830497  -0.703796  -0.705531   0.129562   0.694342  -0.707886  -0.140682  -0.729681    1.03938 0.00209282 0.913758 0.204344 1.3272 0.105392
1   0.988254  -0.148099  0.0377022 -0.0794136  -0.708447  -0.701281   0.130569    0.69005  -0.711887  -0.142699  -0.723459    1.04368 0.00211501 0.913758 0.165712 1.18815 0.103585
1  0.981089  -0.19034 0.0351525  -0.10495 -0.675711 -0.729658  0.162636   0.71217 -0.682908 -0.181256 -0.758503   1.01167 0.00193491 0.874743 0.141651 1.43054 0.0898319
1  0.980986 -0.189436  0.042189 -0.105115 -0.701347 -0.705027  0.163147  0.687187 -0.707924 -0.181941 -0.721527    1.0394 0.00209438 0.911704 0.162667 1.1895 0.0536489
1   0.987881  -0.151585  0.0333521 -0.0846728  -0.706424  -0.702706   0.130081   0.691366  -0.710698  -0.141042  -0.725471    1.04239 0.00210463 0.913758 0.399495 2.06269 0.103168
1  0.981574 -0.186978 0.0393937 -0.104845 -0.699364 -0.707034  0.159751  0.689876 -0.706081 -0.177476 -0.725542   1.03726 0.00215332 0.909651 0.572724 2.70585 0.0592899
1   0.990494  -0.135903  0.0212727 -0.0803302     -0.697  -0.712558   0.111666   0.704075  -0.701291  -0.116269   -0.74361    1.03203 0.00215942 0.893224 0.313334 2.09022 0.137404
1   0.98849  -0.14746  0.033797  -0.08019 -0.700155 -0.709473  0.128282  0.698597 -0.703922 -0.139771 -0.736255   1.03501 0.00215448 0.903491 0.164608 1.4326 0.110133
0   0.992186  -0.120749  0.0314206 -0.0628437  -0.701187  -0.710203   0.107788   0.702678  -0.703296  -0.115061   -0.74076    1.03427 0.00221674 0.901437 -0.0181563 1.31313 0.145359
1  0.981519 -0.187213 0.0396456 -0.104276 -0.696943 -0.709505   0.16046  0.692258 -0.703585 -0.178575 -0.728868   1.03457 0.00211291 0.909651 0.238966 1.2896 0.0606207
1   0.984876  -0.170972  0.0280572 -0.0992096  -0.689266  -0.717684   0.142043   0.704046  -0.695804  -0.153754   -0.74576    1.02599 0.00202365 0.882957 0.301863 2.26378 0.0950889
1  0.982856 -0.180472 0.0377412 -0.102988 -0.707159 -0.699514  0.152932  0.683635 -0.713621 -0.169094 -0.715739   1.04567 0.00208193 0.911704 0.226389 1.45947 0.0648644
1  0.981115 -0.188554 0.0431346 -0.105242 -0.707486 -0.698847  0.162288   0.68111 -0.713969 -0.180762 -0.712594   1.04587 0.00206364 0.911704 0.171483 1.41661 0.0527465
1   0.983732  -0.175171  0.0398299 -0.0975795   -0.70721  -0.700237   0.150829   0.684959  -0.712798  -0.166764  -0.717403     1.0447 0.0020954 0.909651 0.128912 1.40912 0.069492
1  0.982105 -0.184016 0.0400928 -0.103528 -0.705328  -0.70128  0.157326   0.68458 -0.711757 -0.174637 -0.717565   1.04349 0.00208569 0.909651 0.14351 1.09446 0.0595223
1   0.987776  -0.151986  0.0346294 -0.0841239  -0.706777  -0.702417   0.131232   0.690917  -0.710923  -0.142895  -0.724857    1.04263 0.00210471 0.913758 0.192187 1.28595 0.101414
1   0.987988  -0.150011  0.0371088 -0.0814576  -0.709615  -0.699865   0.131321   0.688435  -0.713311  -0.143306  -0.721032    1.04531 0.00211109 0.917865 0.0754906 2.23315 0.10156
1   0.982792  -0.178848  0.0461864 -0.0971298  -0.713051  -0.694351   0.157117   0.677917  -0.718152  -0.175503  -0.707352    1.05051 0.00212969 0.917865 0.170415 1.4095 0.062003
1  0.988237 -0.148678 0.0358081 -0.080679 -0.705773 -0.703829  0.129916  0.692661 -0.709466 -0.141633 -0.727229   1.04109 0.00209652 0.913758 0.12898 1.51111 0.104846
1  0.981538 -0.185245  0.047627 -0.101577 -0.715831 -0.690846  0.162069  0.673253 -0.721432 -0.181215 -0.700886   1.05404 0.0020973 0.917865 0.0879542 1.95773 0.0570445
1  0.985762 -0.167819 0.0105212 -0.107335 -0.676175 -0.728881  0.129434  0.717373  -0.68456 -0.135518 -0.765472    1.0136 0.0021145 0.862423 0.10316 1.62564 0.12709
1  0.981621 -0.186868 0.0387265 -0.102037 -0.685413  -0.72097   0.16127  0.703768 -0.691884 -0.180039 -0.745907   1.02175 0.00207625 0.895277 0.0887186 2.43668 0.0756586
1   0.98135   -0.1883 0.0386696 -0.106001 -0.697898 -0.708309  0.160362     0.691 -0.704843  -0.17808 -0.727277   1.03591 0.00217744 0.909651 0.180727 1.46244 0.0593668
1  0.981786 -0.185497 0.0410846 -0.103791 -0.704777 -0.701795  0.159136  0.684748 -0.711193 -0.176918  -0.71781   1.04291 0.00209045 0.911704 0.0208446 1.50151 0.0573346
1  0.981952 -0.185417 0.0372859 -0.104875 -0.697878 -0.708497  0.157389    0.6918 -0.704728 -0.174573 -0.728177   1.03585 0.0021365 0.909651 0.147939 1.41923 0.0632191
1   0.987811  -0.152272  0.0323005 -0.0848235  -0.700561  -0.708533   0.130518   0.697157  -0.704938  -0.141633  -0.733958    1.03617 0.00210995 0.911704 0.216384 1.63172 0.10516
1  0.981868 -0.185803 0.0375926 -0.103139 -0.689988 -0.716435  0.159054  0.699567  -0.69664 -0.176855 -0.739654   1.02705 0.0021988 0.907598 0.103717 1.90251 0.0708169
1   0.991306  -0.127928  0.0307673 -0.0690225  -0.704687  -0.706153   0.112018    0.69789   -0.70739  -0.119387  -0.734188    1.03878 0.00220374 0.903491 0.0328758 1.06148 0.135568
0    0.99356  -0.110188   0.026422 -0.0598633  -0.708418  -0.703249  0.0962073   0.697138  -0.710452 -0.0998751  -0.732429    1.04202 0.00247203 0.909651 0.138077 1.24521 0.160662
0   0.993781  -0.110591  0.0129914 -0.0680693  -0.695686  -0.715114  0.0881228   0.709782  -0.698887 -0.0870263  -0.751218    1.02929 0.00205398 0.86653 0.16634 1.35401 0.177118
1  0.981934 -0.185097 0.0393085 -0.102418 -0.694552 -0.712115  0.159112  0.695224 -0.700961 -0.177075 -0.733307   1.03163 0.00217683 0.907598 0.156013 1.06414 0.0655282
1   0.991068  -0.130805  0.0259627 -0.0739817   -0.70127  -0.709046   0.110954   0.700793  -0.704684  -0.116971  -0.738463    1.03595 0.002252 0.907598 0.0414846 1.34314 0.137246
1   0.982081  -0.182492   0.047052 -0.0999805  -0.716142  -0.690757   0.159754   0.673675  -0.721555  -0.178375  -0.701384    1.05415 0.00211652 0.917865 0.179455 1.36109 0.0600409
1   0.987734  -0.152519  0.0334492 -0.0838322  -0.698722  -0.710465   0.131731   0.698946  -0.702937  -0.143341  -0.736581    1.03401 0.00213382 0.911704 0.00311891 1.25123 0.105002
1   0.988064  -0.149696  0.0363453 -0.0826694  -0.714369  -0.694869   0.129983    0.68357  -0.718217  -0.141353  -0.714076    1.05061 0.00213372 0.917865 0.184839 2.67866 0.102912
1   0.985421  -0.167637  0.0290299 -0.0959052  -0.688285  -0.719073   0.140524   0.705806  -0.694328  -0.152565  -0.748267    1.02439 0.00197234 0.87885 0.318611 1.80637 0.0991877
1  0.981709 -0.185718 0.0419083 -0.100697 -0.693309  -0.71357  0.161578  0.696298 -0.699329 -0.180688  -0.73527   1.02993 0.00215276 0.895277 0.12514 1.26733 0.0650493
1  0.981981 -0.184651 0.0402198 -0.101133 -0.693252 -0.713564  0.159643  0.696639 -0.699434 -0.178136 -0.735368      1.03 0.00215168 0.905544 0.239515 1.97137 0.0668655
1  0.982168 -0.183412 0.0413136 -0.101736 -0.703279 -0.703597  0.158103  0.686847 -0.709397 -0.175476 -0.720855   1.04093 0.00211551 0.907598 0.389269 2.5201 0.0601406
1    0.98476   -0.17142  0.0293658 -0.0979305  -0.686081  -0.720904   0.143725   0.707042  -0.692413   -0.15622  -0.750267    1.02223 0.00194544 0.874743 0.423889 2.78963 0.097236
1     0.9879  -0.150927  0.0357091 -0.0825865  -0.706801  -0.702575   0.131277   0.691125  -0.710713  -0.143051  -0.725058    1.04245 0.00211209 0.915811 -0.0303273 1.42093 0.101934
1   0.988167  -0.149554   0.034044 -0.0818139  -0.701692  -0.707767   0.129738   0.696607  -0.705625  -0.141196  -0.732987    1.03694 0.00211348 0.913758 0.153515 1.2542 0.106579
1   0.989114  -0.144341  0.0286269 -0.0835783  -0.711171  -0.698033   0.121113   0.688041  -0.715493  -0.129524  -0.720383    1.04756 0.00211402 0.909651 0.152622 2.15818 0.115641
1  0.980986 -0.188792 0.0449946 -0.103746 -0.706032 -0.700539  0.164024  0.682551 -0.712194 -0.183363 -0.714509   1.04395 0.00205921 0.913758 0.150122 1.23547 0.0512998
1   0.988179  -0.149196  0.0352682 -0.0808636   -0.70269  -0.706886   0.130247   0.695678  -0.706448  -0.142046  -0.731669    1.03775 0.00213439 0.913758 0.0753475 1.77556 0.105686
1   0.991292  -0.129848  0.0219166 -0.0765253  -0.703475  -0.706588   0.107167   0.698758  -0.707285  -0.111082  -0.735815    1.03859 0.00220227 0.89117 0.125963 2.47029 0.141588
0   0.991621  -0.125268   0.031553 -0.0663427  -0.703418  -0.707673   0.110844    0.69965  -0.705835  -0.117992   -0.73659    1.03708 0.00227009 0.903491 0.178922 1.31146 0.138935
1  0.981863 -0.184973 0.0415946 -0.104888 -0.712722  -0.69356  0.157935  0.676618 -0.719197 -0.175257  -0.70595   1.05162 0.00211033 0.913758 0.233776 1.50969 0.0590303
1   0.989387  -0.143168  0.0248392 -0.0827731  -0.695797  -0.713453   0.119427   0.703825  -0.700262  -0.126905  -0.743199    1.03105 0.00214629 0.903491 0.104319 1.30716 0.125388
1   0.98481 -0.172015 0.0236472 -0.100707  -0.67681 -0.729237  0.141444  0.715778 -0.683853 -0.152946 -0.763201    1.0128 0.00188878 0.86653 0.319793 2.58698 0.112169
1  0.981811 -0.185319 0.0412692 -0.101129 -0.694426 -0.712422  0.160684   0.69529 -0.700537 -0.179573 -0.733363   1.03121 0.00218238 0.909651 0.166885 1.47496 0.064288
1   0.988243  -0.148637  0.0358097 -0.0808117  -0.706644  -0.702939   0.129788   0.691781  -0.710348  -0.141474  -0.725968    1.04206 0.00209597 0.913758 0.156643 2.1555 0.104665
1   0.989538  -0.143057  0.0186738 -0.0855426  -0.686021  -0.722536   0.116174   0.713379  -0.691081  -0.121082  -0.757682    1.02084 0.00207104 0.87885 0.221611 2.17532 0.138943
1  0.981076 -0.188194 0.0455205  -0.10506 -0.714901 -0.691288  0.162639  0.673424 -0.721144 -0.181428 -0.701236   1.05368 0.00211649 0.919918 0.201717 1.59557 0.0550834
1   0.987933  -0.150197  0.0378034 -0.0815848  -0.712132  -0.697289   0.131652   0.685791  -0.715792  -0.143746  -0.717484    1.04798 0.00220026 0.917865 0.211238 1.34798 0.100829
1  0.981533 -0.186912 0.0407032 -0.103681 -0.698625 -0.707936  0.160758  0.690642 -0.705103 -0.179083 -0.726584   1.03623 0.00212005 0.909651 0.175497 1.31563 0.0590095
1  0.988135  -0.15096 0.0282834  -0.08803 -0.707575 -0.701133  0.125856  0.690325 -0.712469  -0.13485 -0.723929   1.04439 0.00210511 0.911704 0.156941 1.56444 0.108151
1  0.981332 -0.188601 0.0376468 -0.105991 -0.693703  -0.71242  0.160478   0.69513 -0.700743  -0.17827  -0.73362   1.03132 0.001949 0.88501 0.299499 1.6617 0.063701
1  0.981347 -0.188527 0.0376284 -0.105584 -0.692113 -0.714025  0.160656  0.696733 -0.699108 -0.178598 -0.735895   1.02959 0.00205612 0.893224 0.363652 2.30646 0.0655057
1   0.988161  -0.149133  0.0360042 -0.0812087  -0.707564  -0.701967   0.130162   0.690733  -0.711298  -0.141866  -0.724439    1.04309 0.00211434 0.915811 0.0215541 1.21755 0.103741
1  0.981235  -0.18716 0.0463655 -0.103179 -0.712806 -0.693731  0.162888  0.675929 -0.718741 -0.182059 -0.704816   1.05113 0.00208632 0.917865 0.230678 1.4517 0.0538756
1  0.981349 -0.189048 0.0348659 -0.108438 -0.694148 -0.711617  0.158732  0.694564 -0.701702 -0.175657  -0.73245   1.03253 0.00220544 0.909651 0.0825026 1.4939 0.0641302
1   0.982755  -0.179662  0.0437574 -0.0965414  -0.700338  -0.707252   0.157711   0.690831  -0.705606  -0.176441  -0.726567    1.03677 0.00219735 0.911704 0.109637 1.23316 0.0641536
1   0.988204  -0.148771  0.0363405 -0.0808115  -0.708127  -0.701445   0.130089   0.690234  -0.711796  -0.141813  -0.723727    1.04364 0.00212397 0.915811 0.0997919 1.24519 0.103851
0   0.993894  -0.107497   0.024892 -0.0590525  -0.708764   -0.70297    0.09321   0.697207  -0.710784 -0.0958662  -0.732331    1.04248 0.00245698 0.911704 0.0363295 1.12832 0.165374
1   0.991057  -0.130537  0.0276676 -0.0733237  -0.705989  -0.704417   0.111485   0.696089  -0.709247   -0.11766  -0.731533    1.04087 0.00218377 0.905544 0.140046 1.59607 0.134651
1   0.987958  -0.151913  0.0293443 -0.0862371  -0.698134  -0.710755   0.128459   0.699666  -0.702827  -0.138872  -0.737704    1.03376 0.00216061 0.909651 0.204266 2.04726 0.109174
1   0.985535  -0.167235   0.027431 -0.0955085  -0.681808   -0.72527   0.139993   0.712159  -0.687918  -0.152017  -0.757619    1.01731 0.0019284 0.87269 0.397264 2.86861 0.108314
1   0.987862  -0.152282  0.0306328 -0.0869679  -0.705627  -0.703227   0.128704   0.692027  -0.710306  -0.138848   -0.72659    1.04203 0.00209745 0.909651 0.125069 1.84757 0.104763
1  0.982063 -0.183544  0.043183  -0.10124 -0.706488 -0.700446  0.159071   0.68351 -0.712398 -0.177231 -0.716073   1.04412 0.00211174 0.909651 0.147518 1.39739 0.0579121
1   0.988185  -0.148839  0.0365796 -0.0799791   -0.70435  -0.705333   0.130746   0.694073  -0.707932  -0.142857  -0.729291    1.03939 0.0021157 0.913758 0.196702 1.24226 0.104496
1  0.981308 -0.186531 0.0473315 -0.101053 -0.708779 -0.698155  0.163775  0.680322 -0.714381  -0.18358 -0.711419   1.04642 0.00211835 0.913758 0.259814 1.31448 0.0523602
0   0.992596  -0.119632  0.0210112 -0.0682159  -0.692182  -0.718492   0.100498   0.711739  -0.695218  -0.103769  -0.754387    1.02526 0.00213203 0.876797 0.196257 2.6668 0.160821
0   0.994886 -0.0992338  0.0188233 -0.0565494  -0.701671  -0.710253  0.0836889   0.705556  -0.703695 -0.0829674  -0.744234    1.03463 0.00225355 0.887064 0.129936 2.23196 0.183562
1  0.981592  -0.18648 0.0412604 -0.102881 -0.698284 -0.708389  0.160912  0.691104 -0.704615 -0.179407 -0.727133   1.03571 0.0021267 0.911704 0.106454 2.34762 0.0593978
1   0.987151  -0.155647  0.0361536 -0.0854795  -0.705541  -0.703495   0.135005   0.691365   -0.70978  -0.147375  -0.725847    1.04145 0.0021406 0.911704 0.0648898 1.21156 0.0961829
0   0.992271  -0.122776   0.017985 -0.0705762  -0.677625  -0.732013   0.102061   0.725086  -0.681053  -0.105507  -0.774626    1.00974 0.00206483 0.858316 0.241821 1.09304 0.172055
1   0.987225   -0.15615  0.0316701 -0.0865642  -0.692536  -0.716171   0.133763   0.704281  -0.697206  -0.145478  -0.745133    1.02758 0.00207321 0.89117 0.0328516 1.4998 0.106656
1   0.984701  -0.171847  0.0288653 -0.0998873  -0.692392  -0.714574   0.142784   0.700759  -0.698964  -0.154522  -0.740875    1.02953 0.00209611 0.89117 0.354752 2.20007 0.0904523
1  0.981677 -0.186009  0.041358 -0.102561 -0.698702 -0.708023  0.160595  0.690808 -0.704977  -0.17904 -0.726761   1.03607 0.00212026 0.909651 0.267893 2.54331 0.0595878
1   0.988031  -0.149978  0.0360838 -0.0818851  -0.708168  -0.701279    0.13073   0.689931  -0.711973   -0.14243  -0.723298    1.04383 0.00211149 0.915811 0.116026 1.21012 0.102589
1   0.988013  -0.150376  0.0348847 -0.0822185  -0.703875   -0.70555   0.130652   0.694224  -0.707801  -0.142317  -0.729542    1.03929 0.00209489 0.913758 0.165379 1.22222 0.104047
1  0.981656 -0.186317 0.0404709 -0.103151 -0.697507 -0.709115  0.160349  0.691932 -0.703931 -0.178652 -0.728432   1.03496 0.00212745 0.909651 0.13503 1.54621 0.0606612
1  0.981096 -0.188929 0.0419092 -0.106742 -0.708947 -0.697137  0.161421  0.679485 -0.715712 -0.179376 -0.710184   1.04779 0.00210747 0.915811 0.126605 1.4989 0.0534777
1  0.980975 -0.188281 0.0473214  -0.10277 -0.710433 -0.696221  0.164704  0.678112 -0.716266 -0.184426 -0.708028   1.04843 0.00210022 0.917865 0.259796 1.72895 0.0511886
0   0.992422  -0.120592  0.0236035 -0.0697423  -0.710925  -0.699801    0.10117   0.692852  -0.713947  -0.104545  -0.726244    1.04593 0.00232473 0.911704 0.125061 1.40063 0.149893
1  0.982049 -0.184651 0.0385186 -0.101247 -0.688314 -0.718313   0.15915  0.701519 -0.694653 -0.177475 -0.742443   1.02476 0.00208999 0.899384 0.00370905 1.29761 0.0737923
1  0.981422  -0.18756 0.0403898  -0.10429 -0.698222 -0.708244   0.16104  0.690874 -0.704812 -0.179408 -0.727009   1.03592 0.00217265 0.911704 0.0897532 1.49984 0.0587821
1   0.988301  -0.148299  0.0356146 -0.0807439   -0.70686   -0.70273   0.129389   0.691633  -0.710565  -0.140944   -0.72576    1.04229 0.00210426 0.913758 0.111203 1.21838 0.105206
1   0.988139  -0.149427  0.0354005 -0.0813594  -0.704941  -0.704584   0.130239   0.693347  -0.708737  -0.141966  -0.728253    1.04032 0.00209484 0.913758 0.197777 1.30221 0.104447
1  0.982217 -0.183405 0.0401614 -0.101812 -0.700029 -0.706819  0.157748  0.690161 -0.706253 -0.175143 -0.725719   1.03749 0.00211359 0.907598 0.0385075 1.36399 0.0624049
1   0.983305  -0.177496  0.0400756 -0.0978968   -0.70168  -0.705735   0.153385   0.690029  -0.707342  -0.170406  -0.724814    1.03886 0.00212325 0.913758 0.147843 1.38427 0.0678806
0   0.992555  -0.118363  0.0287069 -0.0643756  -0.709927  -0.701327   0.103391   0.694258  -0.712261  -0.108455  -0.728365    1.04413 0.00239649 0.913758 0.0622467 1.12915 0.148273
1   0.988608  -0.147101  0.0318683 -0.0817577    -0.7026  -0.706873   0.126372   0.696214  -0.706623  -0.137011  -0.732492    1.03803 0.00217414 0.913758 0.254642 1.64656 0.110832
1   0.987987   -0.15147  0.0306394 -0.0862513  -0.704983   -0.70396   0.128229    0.69286  -0.709579  -0.138434  -0.727606    1.04123 0.00204096 0.909651 0.213753 1.41219 0.105811
1  0.980799 -0.190727 0.0406994 -0.107008 -0.700788 -0.705298  0.163041  0.687401 -0.707741 -0.181374 -0.721947   1.03914 0.00211751 0.911704 0.175624 1.32977 0.0535718
1  0.980769 -0.190489 0.0425018 -0.105196 -0.699362 -0.706985  0.164397  0.688917 -0.705951 -0.183451 -0.724134   1.03716 0.00212545 0.911704 0.174363 1.20319 0.0537309
1   0.987662   -0.15246  0.0357685 -0.0854974  -0.716334  -0.692499   0.131201   0.680897  -0.720531   -0.14235  -0.710228     1.0531 0.00209607 0.915811 0.183029 1.47485 0.100802
1   0.991219  -0.128852  0.0297003 -0.0694904  -0.698691  -0.712041   0.112499   0.703724   -0.70151  -0.119492   -0.74294     1.0323 0.00215233 0.889117 0.221824 1.29792 0.138231
1   0.982169  -0.183486  0.0409505 -0.0984007  -0.687333  -0.719646   0.160192   0.702784  -0.693133  -0.179355  -0.744189    1.02301 0.00205555 0.895277 0.11478 1.08837 0.075435
1  0.981542 -0.186753 0.0412043 -0.102477  -0.69551 -0.711172  0.161471  0.693823  -0.70181 -0.180192  -0.73124   1.03262 0.00215877 0.909651 0.132834 1.6111 0.0616977
1   0.988211  -0.148937  0.0354384 -0.0813437  -0.706905  -0.702615   0.129697    0.69145  -0.710687  -0.141221  -0.725476    1.04241 0.00208902 0.913758 0.0842383 1.52752 0.10456
0   0.992235  -0.121248  0.0277352 -0.0667888  -0.707503  -0.703548   0.104926   0.696232  -0.710107   -0.11027  -0.731373    1.04173 0.00224793 0.905544 0.0652485 1.26072 0.145776
1  0.980323 -0.192104 0.0454259 -0.109304 -0.719871 -0.685448  0.164378  0.666995 -0.726704 -0.182673 -0.692298   1.05972 0.00219033 0.919918 0.157475 1.89023 0.0582184
1  0.981638 -0.187127 0.0370053 -0.106742 -0.699658 -0.706459  0.158089  0.689537 -0.706786 -0.175325 -0.724877   1.03804 0.00212345 0.909651 0.047265 1.00397 0.0602613
0   0.995549 -0.0909481  0.0247292 -0.0476139  -0.711752  -0.700815  0.0813389   0.696518  -0.712914 -0.0819586  -0.730588    1.04471 0.00238437 0.905544 0.078216 1.14212 0.185955
1    0.98821  -0.148781  0.0361347 -0.0805149  -0.705738  -0.703883   0.130226   0.692675  -0.709396  -0.142048  -0.727239    1.04101 0.0020958 0.913758 0.0743325 1.27062 0.10449
1  0.982036 -0.184069 0.0415225 -0.100781 -0.697683 -0.709283  0.159527  0.692356   -0.7037 -0.177942 -0.728992   1.03465 0.00215574 0.909651 0.216395 1.18062 0.0624846
1     0.9879  -0.150687   0.036705 -0.0817244  -0.706914  -0.702562   0.131814   0.691061  -0.710675  -0.143913  -0.724985    1.04242 0.00215419 0.917865 0.0849909 1.21539 0.101427
1   0.989821  -0.139794  0.0266914 -0.0808756  -0.706825   -0.70275   0.117106   0.693438  -0.710936  -0.123837  -0.728048    1.04278 0.00224563 0.909651 0.101872 1.35043 0.123797
1  0.982364 -0.183267 0.0370596 -0.100716 -0.685651 -0.720929  0.157533  0.704483 -0.692017  -0.17543 -0.747011    1.0218 0.00209362 0.89117 0.199792 1.7252 0.0797974
1   0.991054  -0.131493  0.0228456 -0.0750788  -0.690806  -0.719132   0.110343   0.710983  -0.694498  -0.115589   -0.75371    1.02458 0.00213102 0.88501 0.28191 2.22062 0.145562
0   0.991368  -0.130585  0.0116789 -0.0808331   -0.67893   -0.72974   0.103222   0.722497  -0.683625  -0.104976  -0.770624    1.01254 0.00194364 0.862423 0.241564 1.91696 0.166156
1    0.99065  -0.134448  0.0231626 -0.0790567  -0.704089  -0.705698   0.111188   0.697268  -0.708134   -0.11584  -0.733596    1.03957 0.00217259 0.897331 0.407648 2.71078 0.134603
1  0.988315  -0.14919 0.0312426 -0.083696 -0.702458 -0.706787  0.127392  0.695913 -0.706736 -0.137636 -0.731947   1.03815 0.00212243 0.913758 0.0228512 1.01063 0.10901
1   0.984939  -0.169327  0.0349768 -0.0950755  -0.699366  -0.708413   0.144415   0.694418  -0.704931  -0.157789  -0.731013    1.03612 0.00216564 0.905544 0.114887 2.19155 0.0832702
0    0.99196  -0.124277  0.0238732 -0.0693041  -0.691333  -0.719204   0.105885   0.711768  -0.694388  -0.110625  -0.754465    1.02452 0.00223582 0.889117 0.107133 1.37861 0.153321
1   0.987226  -0.155933  0.0326961 -0.0885605  -0.707666  -0.700975   0.132443   0.689126  -0.712436  -0.143437   -0.72257    1.04436 0.00208734 0.909651 0.23915 2.73568 0.0982893
1   0.991489   -0.12861  0.0202294 -0.0754671  -0.694366  -0.715654   0.106087   0.708037  -0.698162  -0.109807  -0.749548    1.02855 0.00204735 0.87269 0.257586 1.48336 0.148979
1  0.981156 -0.187132 0.0481164 -0.102988 -0.717194 -0.689222  0.163484  0.671279 -0.722951 -0.182922 -0.698047   1.05567 0.00212518 0.921971 0.102077 1.40561 0.0565254
