1  -0.996657 -0.0668859  0.0469145 -0.0655359   0.311651  -0.947934  0.0487825   -0.94784  -0.314992  0.0103541   0.339236   0.152087 0.001953 0.991968 0.306266 1.42971 0.0210422
1   -0.99202  -0.113583   0.054726 -0.0895807   0.329538  -0.939883  0.0887202  -0.937285  -0.337083 0.00235776   0.335899    0.15918 0.00199081 0.993307 0.263133 1.87035 0.0523019
1  -0.996646 -0.0668828  0.0471551 -0.0657679    0.31173  -0.947892   0.048698  -0.947814  -0.315083  0.0103952    0.33922   0.152134 0.00195122 0.991968 0.240944 1.69811 0.0210738
1  -0.994398 -0.0936457  0.0490164  -0.077523   0.330934  -0.940464  0.0718492  -0.938996  -0.336339 0.00589529   0.335857   0.159112 0.00193368 0.994645 0.390011 1.9131 0.0416581
1  -0.994425 -0.0934404  0.0488623 -0.0772656   0.330383  -0.940679  0.0717542   -0.93921  -0.335761 0.00589678   0.335953   0.158919 0.00193196 0.994645 0.233433 1.29501 0.0409986
1  -0.994517 -0.0926662  0.0484754 -0.0764917   0.328455  -0.941417  0.0713155  -0.939963  -0.333742 0.00600614   0.336299   0.158275 0.00191935 0.994645 0.277157 2.52264 0.0386763
1  -0.992319  -0.110022  0.0565481 -0.0891326   0.318941  -0.943574  0.0857789  -0.941367  -0.326298 0.00279501     0.3379   0.155384 0.00192987 0.995984 0.294637 2.39185 0.0415142
1  -0.996646 -0.0668828  0.0471551 -0.0657679    0.31173  -0.947892   0.048698  -0.947814  -0.315083  0.0103952    0.33922   0.152134 0.00195123 0.991968 0.212547 1.68765 0.0210738
1  -0.994558 -0.0924392  0.0480584  -0.076034   0.328631  -0.941393  0.0712282  -0.939924  -0.333871 0.00583559   0.336262   0.158343 0.00194098 0.994645 0.41924 1.6053 0.0387979
1  -0.992316  -0.110044  0.0565672 -0.0891588   0.318952  -0.943568  0.0857914  -0.941361  -0.326312 0.00279628   0.337898   0.155388 0.00192992 0.995984 0.385301 1.6805 0.0415419
1  -0.994498 -0.0929246  0.0483635 -0.0765535   0.329517  -0.941041  0.0715093  -0.939566  -0.334818  0.0057699   0.336106   0.158645 0.00194544 0.994645 0.371103 1.63962 0.0399093
1  -0.991337  -0.118485    0.05668 -0.0937051   0.335618  -0.937326  0.0920365  -0.934517  -0.343813 0.00176851   0.334766   0.161329 0.00205087 0.993307 0.316723 1.4861 0.0611808
1  -0.994284 -0.0947644  0.0491834 -0.0781028   0.331486  -0.940222   0.072796  -0.938689  -0.336992 0.00568471   0.335769   0.159306 0.00192988 0.994645 0.320154 1.58892 0.0426878
1  -0.991776  -0.113734  0.0586884 -0.0930643   0.326096  -0.940745  0.0878565   -0.93847  -0.333998 0.00231566   0.336616   0.157887 0.00196864 0.994645 0.392969 1.54839 0.0502028
1  -0.996594 -0.0680356   0.046601 -0.0657323   0.314139  -0.947099  0.0497973  -0.946936  -0.317541 0.00997185   0.338803   0.152955 0.00197891 0.991968 0.340123 1.4618 0.022714
1  -0.995073 -0.0877808  0.0460992 -0.0719292    0.31911  -0.944984  0.0682407  -0.943644  -0.323852 0.00663461   0.337943   0.155074 0.00193715 0.997323 0.286021 2.26836 0.0272679
1  -0.994699 -0.0910316  0.0478336 -0.0754417   0.329889     -0.941  0.0698809   -0.93962  -0.335008 0.00621924   0.336067   0.158712 0.00194968 0.994645 0.362322 1.39025 0.0396025
1  -0.994284 -0.0947644  0.0491834 -0.0781028   0.331486  -0.940222   0.072796  -0.938689  -0.336992 0.00568471   0.335769   0.159306 0.00192988 0.994645 0.342611 1.42238 0.0426879
1    -0.990184      -0.1275    0.0572603   -0.0971935     0.333722    -0.937647     0.100441    -0.934009    -0.342839 -5.12524e-05     0.335053     0.160876 0.002043 0.995984 0.254994 2.83993 0.0665712
1  -0.995065 -0.0880124  0.0458104 -0.0716677   0.318248  -0.945295  0.0686186  -0.943913  -0.322985  0.0065217   0.338078   0.154801 0.00193361 0.997323 0.338201 1.33166 0.0265231
1  -0.991188  -0.120136  0.0557928 -0.0934407   0.335616  -0.937353  0.0938853  -0.934307  -0.343884 0.00124637   0.334741   0.161395 0.00205534 0.993307 0.300488 1.19411 0.0622735
1  -0.995069 -0.0879884  0.0457893 -0.0716393    0.31824  -0.945299  0.0686034  -0.943918  -0.322974 0.00651711    0.33808     0.1548 0.00193442 0.997323 0.465517 2.03381 0.0265105
1  -0.990581  -0.124503  0.0569921 -0.0960967   0.335615  -0.937085  0.0975428  -0.933735  -0.344418 0.00064331   0.334791   0.161409 0.00202134 0.994645 0.218113 1.30882 0.0656401
1  -0.991735   -0.11598   0.054858  -0.090761   0.331992  -0.938906  0.0906816  -0.936125  -0.339775 0.00186147   0.335461   0.160067 0.00200999 0.993307 0.251688 1.51431 0.0561131
1  -0.991337  -0.118485  0.0566799 -0.0937051   0.335618  -0.937326  0.0920366  -0.934517  -0.343813 0.00176851   0.334766   0.161329 0.00205087 0.993307 0.160243 2.6138 0.0611808
1  -0.994514 -0.0925962  0.0486605 -0.0765588   0.327338  -0.941801  0.0712787  -0.940359  -0.332632 0.00602545   0.336483   0.157914 0.00191569 0.994645 0.369707 1.62075 0.0374808
1  -0.994284 -0.0947644  0.0491834 -0.0781028   0.331486  -0.940222   0.072796  -0.938689  -0.336992 0.00568472   0.335769   0.159306 0.00192988 0.994645 0.397182 1.79911 0.0426878
1  -0.994558 -0.0924392  0.0480584  -0.076034   0.328631  -0.941393  0.0712282  -0.939924  -0.333871 0.00583559   0.336262   0.158343 0.00194097 0.994645 0.448927 1.50688 0.0387979
1  -0.994547 -0.0922306  0.0486847 -0.0764558   0.327293  -0.941825  0.0709309  -0.940411  -0.332559  0.0059587   0.336479   0.157894 0.0019363 0.994645 0.456382 2.5144 0.0372952
1  -0.994377 -0.0938266  0.0491006 -0.0776521    0.33078  -0.940508  0.0720031  -0.939032  -0.336206 0.00586617   0.335882   0.159066 0.00193193 0.994645 0.324513 1.44559 0.0415702
1  -0.991294  -0.119069   0.056204 -0.0933909   0.334939    -0.9376  0.0928146  -0.934686  -0.343143 0.00145287   0.334858   0.161138 0.00205461 0.993307 0.197693 1.5479 0.0609864
1  -0.994284 -0.0947644  0.0491834 -0.0781028   0.331485  -0.940222   0.072796  -0.938689  -0.336992 0.00568471   0.335769   0.159306 0.00192988 0.994645 0.432695 2.4369 0.0426878
1  -0.994502 -0.0927487  0.0486121 -0.0766947   0.329059   -0.94119  0.0712978  -0.939743  -0.334363 0.00602159   0.336196   0.158473 0.0019217 0.994645 0.300189 1.82418 0.039337
1  -0.994517 -0.0926662  0.0484754 -0.0764917   0.328455  -0.941417  0.0713156  -0.939963  -0.333742 0.00600613   0.336299   0.158275 0.00191934 0.994645 0.0456954 1.34934 0.0386764
1  -0.996585 -0.0679989  0.0468405 -0.0659273   0.313741  -0.947217  0.0497139  -0.947071  -0.317153  0.0100124   0.338867   0.152817 0.00197624 0.991968 0.314228 1.49715 0.0223192
1  -0.996646 -0.0668828  0.0471551 -0.0657679    0.31173  -0.947892   0.048698  -0.947814  -0.315083  0.0103952    0.33922   0.152134 0.00195122 0.991968 0.339226 1.62493 0.0210738
1  -0.994487  -0.093134  0.0481803 -0.0766448    0.33206  -0.940139  0.0715601  -0.938649  -0.337368 0.00590755   0.335669   0.159467 0.00194336 0.994645 0.100813 1.53518 0.0426572
1  -0.994284 -0.0947644  0.0491834 -0.0781028   0.331486  -0.940222   0.072796  -0.938689  -0.336992 0.00568471   0.335769   0.159306 0.00192988 0.994645 0.517799 3.04123 0.0426878
1  -0.992216  -0.111572  0.0553168 -0.0894766   0.329764  -0.939814  0.0866157  -0.937447   -0.33718 0.00274215   0.335927   0.159128 0.00199794 0.994645 0.143747 1.23998 0.0511129
1  -0.996594 -0.0680356   0.046601 -0.0657323   0.314139  -0.947099  0.0497973  -0.946936  -0.317541 0.00997185   0.338803   0.152955 0.00197891 0.991968 0.314639 1.28054 0.022714
1  -0.995026 -0.0882486   0.046203 -0.0722278   0.319764   -0.94474  0.0685979  -0.943379  -0.324547 0.00656186   0.337833     0.1553 0.00193432 0.997323 0.16215 1.49105 0.0280969
1  -0.994993 -0.0885125  0.0464094 -0.0725481   0.320287  -0.944539  0.0687392  -0.943176  -0.325105 0.00653657   0.337741   0.155476 0.00193532 0.997323 0.283562 1.28636 0.028706
1  -0.991752  -0.115843  0.0548396 -0.0904541   0.329488  -0.939817  0.0908025  -0.937026  -0.337249 0.00194505   0.335887   0.159244 0.00201738 0.994645 0.223795 1.29674 0.0539423
1  -0.994547 -0.0922306  0.0486847 -0.0764558   0.327293  -0.941825  0.0709309  -0.940411  -0.332559  0.0059587   0.336479   0.157894 0.0019363 0.994645 0.433851 3.10676 0.0372952
1  -0.991388  -0.118544  0.0556478 -0.0927027   0.335144  -0.937595  0.0924961  -0.934679  -0.343248   0.001483   0.334843   0.161191 0.00205034 0.993307 0.36619 2.05008 0.0607111
1   -0.990207   -0.127254   0.0574193    -0.09722    0.333361   -0.937773    0.100194   -0.934172   -0.342468 7.75662e-05    0.335138    0.160751 0.00203644 0.995984 0.444806 2.2655 0.0661144
1  -0.994488 -0.0931391  0.0481454 -0.0766178   0.332115  -0.940122  0.0715723  -0.938629  -0.337421 0.00590136   0.335659   0.159481 0.00194392 0.994645 0.283332 1.31961 0.0427168
1  -0.992023   -0.11351  0.0548304  -0.089697   0.329985  -0.939715  0.0885733  -0.937137  -0.337534 0.00240027   0.335831   0.159296 0.00199145 0.993307 0.308905 1.32512 0.0526258
0  -0.996852 -0.0633262  0.0476987 -0.0640889   0.289511  -0.955027   0.046669  -0.955078  -0.292658  0.0110942   0.342853   0.144922 0.00199293 0.998661 0.216866 2.00839 0.0187203
1   -0.99111  -0.120536  0.0563121 -0.0941601   0.336502  -0.936963  0.0939889  -0.933936  -0.344861 0.00138987   0.334608   0.161679 0.00204268 0.993307 0.248056 1.28181 0.063347
1  -0.996594 -0.0680356   0.046601 -0.0657323   0.314139  -0.947099  0.0497973  -0.946936  -0.317541 0.00997185   0.338803   0.152955 0.00197891 0.991968 0.380516 1.76867 0.022714
1  -0.992568  -0.108955  0.0541911 -0.0882674   0.338085  -0.936967  0.0837664  -0.934787   -0.34519 0.00332092   0.334498   0.161834 0.00204606 0.994645 0.402689 2.00098 0.0568622
1  -0.995073 -0.0877808  0.0460992 -0.0719292    0.31911  -0.944984  0.0682407  -0.943644  -0.323852 0.00663461   0.337943   0.155074 0.00193715 0.997323 0.0895247 1.56672 0.027268
1  -0.996594 -0.0680356   0.046601 -0.0657323   0.314139  -0.947099  0.0497973  -0.946936  -0.317541 0.00997185   0.338803   0.152955 0.00197891 0.991968 0.268908 1.2573 0.022714
1  -0.993303  -0.103215  0.0519301 -0.0842385   0.339302  -0.936898  0.0790818  -0.934998  -0.345725 0.00436361   0.334348   0.162039 0.00202327 0.994645 0.143765 1.47413 0.0547098
1  -0.991752  -0.115527  0.0555068 -0.0909484   0.329175  -0.939879  0.0903101  -0.937175  -0.336967 0.00207163   0.335953   0.159096 0.00199414 0.993307 0.0727502 1.31452 0.0535204
1  -0.995037 -0.0876744  0.0470524 -0.0730155   0.322116   -0.94388  0.0675978  -0.942632  -0.326919 0.00669542   0.337427   0.156057 0.0019705 0.997323 0.372925 1.41213 0.0302562
1  -0.996633 -0.0670325  0.0472122 -0.0658795   0.311923  -0.947821  0.0488082   -0.94774  -0.315289  0.0103676   0.339186   0.152198 0.00195204 0.991968 0.240342 1.40432 0.0211441
1  -0.992597  -0.108714  0.0541471 -0.0874966   0.330886  -0.939606  0.0842318  -0.937388  -0.337948 0.00328697   0.335717   0.159491 0.00200608 0.994645 0.182597 1.43951 0.0500349
1   -0.99307  -0.105307  0.0521842 -0.0854598   0.342211  -0.935729  0.0806809  -0.933703  -0.348839 0.00400759   0.333795   0.163062 0.00205926 0.994645 0.290063 1.56076 0.0587252
1  -0.994514 -0.0925962  0.0486605 -0.0765588   0.327338  -0.941801  0.0712787  -0.940359  -0.332632 0.00602544   0.336483   0.157914 0.00191569 0.994645 0.242633 1.77544 0.0374809
1  -0.991488   -0.11759     0.0559 -0.0923729   0.332724  -0.938489  0.0917576  -0.935664  -0.340754 0.00180014   0.335277   0.160358 0.00205176 0.994645 0.32453 1.61348 0.0580081
1  -0.994498 -0.0929246  0.0483635 -0.0765535   0.329517  -0.941041  0.0715093  -0.939566  -0.334818 0.00576991   0.336106   0.158645 0.00194544 0.994645 0.403601 1.83691 0.0399093
1  -0.994458 -0.0932009  0.0486428 -0.0770259   0.331025  -0.940473   0.071551  -0.939008  -0.336369 0.00590504   0.335842   0.159122 0.00194023 0.994645 0.209038 1.512 0.0415824
1  -0.991364   -0.11888  0.0553602 -0.0923675   0.333336  -0.938272   0.093088  -0.935283  -0.341438 0.00147932   0.335187     0.1606 0.00204927 0.994645 0.275449 1.39345 0.0593979
1  -0.994911 -0.0892627  0.0467364 -0.0731833   0.321365  -0.944123  0.0692555  -0.942739  -0.326262  0.0062782   0.337544   0.155852 0.00195511 0.997323 0.402419 2.26387 0.0300759
1  -0.996646 -0.0668828  0.0471551 -0.0657679    0.31173  -0.947892   0.048698  -0.947814  -0.315083  0.0103952    0.33922   0.152134 0.00195122 0.991968 0.358063 2.22841 0.0210738
1  -0.996594 -0.0680356   0.046601 -0.0657323   0.314139  -0.947099  0.0497973  -0.946936  -0.317541 0.00997185   0.338803   0.152955 0.00197891 0.991968 0.34918 2.18583 0.022714
1  -0.994517 -0.0926662  0.0484754 -0.0764917   0.328455  -0.941417  0.0713156  -0.939963  -0.333742 0.00600613   0.336299   0.158275 0.00191935 0.994645 0.389155 2.13874 0.0386764
1  -0.994957 -0.0885464  0.0471144 -0.0732787   0.320979  -0.944247   0.068487  -0.942938  -0.325849 0.00637733   0.337597    0.15573 0.00197435 0.997323 0.507357 1.46487 0.0293764
1 -0.996657 -0.066886 0.0469145 -0.065536  0.311651 -0.947934 0.0487826  -0.94784 -0.314992 0.0103541  0.339236  0.152087 0.001953 0.991968 0.235434 1.36552 0.0210421
1  -0.994514 -0.0925962  0.0486605 -0.0765588   0.327338  -0.941801  0.0712787  -0.940359  -0.332632 0.00602545   0.336483   0.157914 0.00191569 0.994645 0.448685 2.32868 0.0374809
1  -0.994284 -0.0947644  0.0491834 -0.0781028   0.331485  -0.940222   0.072796  -0.938689  -0.336992 0.00568471   0.335769   0.159306 0.00192989 0.994645 0.361704 1.59793 0.0426878
1  -0.991337  -0.118485  0.0566799 -0.0937051   0.335618  -0.937326  0.0920365  -0.934517  -0.343813 0.00176851   0.334766   0.161329 0.00205087 0.993307 0.29544 3.61092 0.0611808
1  -0.991365  -0.118709  0.0557106 -0.0928386   0.335337  -0.937513  0.0926094  -0.934589  -0.343462 0.00145736   0.334807   0.161257 0.00205217 0.993307 0.3428 2.72421 0.0610001
1   -0.990589   -0.124339   0.0572198  -0.0961685    0.334787   -0.937374   0.0973958   -0.934054   -0.343593 0.000641616    0.334932     0.16116 0.00201971 0.994645 0.215168 1.94828 0.0648997
1  -0.994514 -0.0925962  0.0486605 -0.0765588   0.327338  -0.941801  0.0712787  -0.940359  -0.332632 0.00602545   0.336483   0.157914 0.00191569 0.994645 0.234828 1.37705 0.0374809
1  -0.991388  -0.118544  0.0556478 -0.0927027   0.335144  -0.937595  0.0924961  -0.934679  -0.343248   0.001483   0.334843   0.161191 0.00205033 0.993307 0.289086 1.47226 0.0607111
1  -0.995073 -0.0877807  0.0460992 -0.0719292    0.31911  -0.944984  0.0682406  -0.943644  -0.323852 0.00663462   0.337943   0.155074 0.00193715 0.997323 0.390869 1.65904 0.0272679
1  -0.994514 -0.0925962  0.0486605 -0.0765588   0.327338  -0.941801  0.0712787  -0.940359  -0.332632 0.00602546   0.336483   0.157914 0.00191569 0.994645 0.232894 1.9422 0.0374809
1  -0.991365  -0.118709  0.0557106 -0.0928386   0.335337  -0.937513  0.0926094  -0.934589  -0.343462 0.00145736   0.334807   0.161257 0.00205216 0.993307 0.220383 1.24912 0.0610001
1  -0.994284 -0.0947644  0.0491834 -0.0781028   0.331485  -0.940222   0.072796  -0.938689  -0.336992 0.00568471   0.335769   0.159306 0.00192988 0.994645 0.143891 1.28348 0.0426878
1  -0.994498 -0.0929246  0.0483635 -0.0765535   0.329517  -0.941041  0.0715093  -0.939566  -0.334818  0.0057699   0.336106   0.158645 0.00194544 0.994645 0.341893 1.50447 0.0399093
1  -0.994547 -0.0922306  0.0486847 -0.0764558   0.327293  -0.941825  0.0709309  -0.940411  -0.332559  0.0059587   0.336479   0.157894 0.00193629 0.994645 0.338426 2.37844 0.0372953
1  -0.994498 -0.0929246  0.0483635 -0.0765535   0.329517  -0.941041  0.0715093  -0.939566  -0.334818  0.0057699   0.336106   0.158645 0.00194544 0.994645 0.295404 2.61134 0.0399093
1  -0.994447 -0.0926036  0.0499978 -0.0754613   0.296306  -0.952107   0.073354  -0.950593  -0.301649 0.00524699   0.341835   0.147649 0.00191581 1 0.313861 1.28561 0.0140841
1  -0.994498 -0.0929246  0.0483635 -0.0765535   0.329517  -0.941041  0.0715093  -0.939566  -0.334818 0.00576991   0.336106   0.158645 0.00194544 0.994645 0.468734 2.47797 0.0399093
1  -0.992034  -0.113472  0.0547059  -0.089523   0.329528  -0.939892  0.0886241  -0.937302  -0.337061 0.00237514   0.335906   0.159173 0.00198925 0.993307 0.376997 1.5638 0.0522108
1  -0.991388  -0.118544  0.0556478 -0.0927027   0.335144  -0.937595  0.0924961  -0.934679  -0.343248   0.001483   0.334843   0.161191 0.00205033 0.993307 0.239786 1.70147 0.0607111
1  -0.995172 -0.0858917  0.0474926  -0.072587   0.318398  -0.945174  0.0660611  -0.944058  -0.323095 0.00702083   0.338033   0.154802 0.00197779 0.997323 0.358186 1.65175 0.0257143
1  -0.994377 -0.0938265  0.0491006 -0.0776521    0.33078  -0.940508   0.072003  -0.939032  -0.336206 0.00586619   0.335882   0.159066 0.00193193 0.994645 0.0967476 1.47642 0.0415702
1  -0.992592  -0.108739  0.0541912 -0.0875497   0.330918   -0.93959   0.084237  -0.937374  -0.337986 0.00328519   0.335713   0.159499 0.00200597 0.994645 0.350496 1.34334 0.0500837
1  -0.994957 -0.0885464  0.0471144 -0.0732787   0.320979  -0.944247   0.068487  -0.942938  -0.325849 0.00637733   0.337597    0.15573 0.00197434 0.997323 0.320928 1.69978 0.0293765
1  -0.994425 -0.0934404  0.0488623 -0.0772656   0.330383  -0.940679  0.0717542   -0.93921  -0.335761 0.00589678   0.335953   0.158919 0.00193195 0.994645 0.352302 2.94131 0.0409986
1  -0.991389  -0.118088  0.0565937 -0.0934561    0.33532  -0.937458  0.0917256  -0.934674  -0.343468 0.00183806   0.334814   0.161228 0.0020497 0.993307 0.224326 2.32062 0.0606349
1  -0.994506 -0.0928283  0.0483799 -0.0764608   0.328521  -0.941397  0.0714945  -0.939924  -0.333813 0.00595123   0.336282   0.158299 0.00192089 0.994645 0.369236 1.68098 0.0388132
1  -0.994136  -0.095222  0.0512448 -0.0778085   0.300811  -0.950504  0.0750939  -0.948918  -0.306457 0.00497495     0.3411   0.149211 0.0018952 0.998661 0.193085 2.39087 0.0173752
1  -0.992822  -0.105836  0.0557077 -0.0867748   0.316874   -0.94449  0.0823083  -0.942544  -0.323784 0.00352165   0.338322    0.15462 0.00191418 0.995984 0.679712 2.17756 0.0365226
1  -0.994498 -0.0929246  0.0483635 -0.0765535   0.329517  -0.941041  0.0715093  -0.939566  -0.334818  0.0057699   0.336106   0.158645 0.00194544 0.994645 0.349516 2.63301 0.0399094
1  -0.990207  -0.127254  0.0574193   -0.09722   0.333361  -0.937773   0.100194  -0.934172  -0.342468 7.7563e-05   0.335138   0.160752 0.00203644 0.995984 0.341879 1.63483 0.0661144
1   -0.99263  -0.108163  0.0546511 -0.0883734   0.337496  -0.937169  0.0829228  -0.935092  -0.344568 0.00364711   0.334612   0.161615 0.00203557 0.994645 0.253523 1.41807 0.0558722
1  -0.992623  -0.108547   0.054011 -0.0873035   0.330805  -0.939652  0.0841293  -0.937436  -0.337841 0.00331148   0.335743   0.159439 0.00200179 0.994645 0.214708 1.33105 0.0498324
1  -0.992531  -0.109257  0.0542616 -0.0884615   0.338334  -0.936859  0.0840001  -0.934662  -0.345472 0.00326041   0.334444   0.161936 0.002033 0.993307 0.256506 2.71736 0.0572896
1  -0.996646 -0.0668765  0.0471707 -0.0657838   0.311789  -0.947871   0.048683  -0.947795  -0.315143  0.0104009   0.339209   0.152148 0.00195205 0.991968 0.225566 2.9999 0.0211256
1   -0.99111  -0.120536  0.0563121 -0.0941601   0.336503  -0.936963  0.0939889  -0.933936  -0.344861 0.00138987   0.334608   0.161679 0.00204268 0.993307 0.0945704 0.859036 0.063347
1  -0.991361  -0.118662  0.0558771 -0.0928408   0.333936  -0.938013  0.0926468  -0.935097  -0.342068 0.00144031   0.335043   0.160804 0.00204561 0.993307 0.49991 2.32729 0.0598179
1  -0.994211 -0.0954717  0.0492909 -0.0785454   0.332776  -0.939729  0.0733148  -0.938161  -0.338348 0.00551756   0.335564   0.159728 0.00193204 0.994645 0.384931 1.30261 0.044325
1  -0.994498 -0.0929246  0.0483635 -0.0765535   0.329517  -0.941041  0.0715093  -0.939566  -0.334818  0.0057699   0.336106   0.158645 0.00194544 0.994645 0.428351 1.78591 0.0399094
1  -0.994284 -0.0947644  0.0491834 -0.0781028   0.331486  -0.940222   0.072796  -0.938689  -0.336992 0.00568471   0.335769   0.159306 0.00192988 0.994645 0.27666 1.72916 0.0426879
1  -0.991337  -0.118485    0.05668 -0.0937051   0.335618  -0.937326  0.0920365  -0.934517  -0.343813 0.00176851   0.334766   0.161329 0.00205087 0.993307 0.33085 1.95213 0.0611808
1  -0.991776  -0.113734  0.0586884 -0.0930643   0.326096  -0.940745  0.0878565   -0.93847  -0.333999 0.00231566   0.336616   0.157887 0.00196864 0.994645 0.292888 1.39588 0.0502029
1  -0.994498 -0.0929246  0.0483635 -0.0765535   0.329517  -0.941041  0.0715093  -0.939566  -0.334817  0.0057699   0.336106   0.158645 0.00194544 0.994645 0.323245 2.1516 0.0399093
1  -0.994547 -0.0922306  0.0486847 -0.0764558   0.327293  -0.941825  0.0709309  -0.940411  -0.332559  0.0059587   0.336479   0.157894 0.0019363 0.994645 0.326504 2.70106 0.0372952
1  -0.994288  -0.094756  0.0491102 -0.0780117   0.331241  -0.940316  0.0728333  -0.938776  -0.336741 0.00566831   0.335809   0.159228 0.00192925 0.994645 0.187308 1.3792 0.042431
1  -0.994458 -0.0932009  0.0486428 -0.0770259   0.331025  -0.940473   0.071551  -0.939008  -0.336369 0.00590503   0.335842   0.159122 0.00194023 0.994645 0.290145 1.52434 0.0415824
1  -0.995041 -0.0880794  0.0462086 -0.0721912   0.319948  -0.944681  0.0684226  -0.943332   -0.32472 0.00659082   0.337805   0.155354 0.0019378 0.997323 0.313374 1.96114 0.0282235
1  -0.993243  -0.103608  0.0522759 -0.0847595   0.339982  -0.936604  0.0792671  -0.934707  -0.346467 0.00432119   0.334226    0.16227 0.00202976 0.994645 0.419519 2.2168 0.0556184
