1  -0.996646 -0.0668828  0.0471551 -0.0657679    0.31173  -0.947892   0.048698  -0.947814  -0.315083  0.0103952    0.33922   0.152134 0.00195122 0.991968 0.306896 0.136202 0.0210738
1  -0.991337  -0.118485  0.0566799 -0.0937051   0.335618  -0.937326  0.0920365  -0.934517  -0.343813 0.00176852   0.334766   0.161329 0.00205087 0.993307 0.240904 0.184526 0.0611808
1  -0.995073 -0.0877807  0.0460992 -0.0719292    0.31911  -0.944984  0.0682407  -0.943644  -0.323852 0.00663461   0.337943   0.155074 0.00193716 0.997323 0.246415 0.142454 0.027268
1    -0.990182    -0.127544    0.0572075   -0.0971635     0.333767    -0.937635     0.100495    -0.933987    -0.342883 -6.83279e-05     0.335043     0.160897 0.00204351 0.995984 0.436199 0.42381 0.0666347
0  -0.998673 -0.0355063  0.0372926 -0.0463999   0.306506  -0.950737  0.0223268  -0.951206  -0.307747  0.0156636   0.339594    0.15029 0.00249091 0.98929 0.214233 0.111284 0.0477056
1  -0.996633 -0.0670325  0.0472122 -0.0658795   0.311923  -0.947821  0.0488082   -0.94774  -0.315289  0.0103676   0.339186   0.152198 0.00195204 0.991968 0.225464 0.147308 0.0211441
1  -0.994472 -0.0932485  0.0482756 -0.0767948   0.332336   -0.94003  0.0716127   -0.93854  -0.337659 0.00591438   0.335627    0.15956 0.00194148 0.994645 0.268821 0.414861 0.0429875
1  -0.996646 -0.0668828  0.0471551 -0.0657679    0.31173  -0.947892   0.048698  -0.947814  -0.315083  0.0103952    0.33922   0.152134 0.00195122 0.991968 0.351916 0.283904 0.0210738
1  -0.996646 -0.0668827  0.0471551 -0.0657679    0.31173  -0.947892   0.048698  -0.947814  -0.315083  0.0103952    0.33922   0.152134 0.00195122 0.991968 0.212549 0.13693 0.0210738
1  -0.992589  -0.108761  0.0542079 -0.0882386   0.338342  -0.936877  0.0835553  -0.934717  -0.345431  0.0033645   0.334464   0.161896 0.00204447 0.994645 0.388273 0.205383 0.05699
1  -0.996646 -0.0668828  0.0471551 -0.0657679    0.31173  -0.947892   0.048698  -0.947814  -0.315083  0.0103952    0.33922   0.152134 0.00195123 0.991968 0.378515 0.131922 0.0210738
1  -0.996585 -0.0679989  0.0468405 -0.0659273   0.313741  -0.947217  0.0497139  -0.947071  -0.317153  0.0100124   0.338867   0.152817 0.00197624 0.991968 0.361147 0.206119 0.0223193
1   -0.990393   -0.125987   0.0570044  -0.0965326    0.334732   -0.937356   0.0990131   -0.933853   -0.343678 0.000332302    0.334921    0.161183 0.00203574 0.995984 0.321762 0.0948874 0.0661002
1  -0.991337  -0.118485    0.05668 -0.0937051   0.335618  -0.937326  0.0920365  -0.934517  -0.343813 0.00176853   0.334766   0.161329 0.00205087 0.993307 0.277533 0.186545 0.0611807
1    -0.990182    -0.127544    0.0572074   -0.0971635     0.333767    -0.937635     0.100495    -0.933987    -0.342883 -6.83331e-05     0.335043     0.160897 0.00204351 0.995984 0.369883 0.146222 0.0666348
0  -0.998611 -0.0369821   0.037532 -0.0471185   0.307957  -0.950233  0.0235833  -0.950681  -0.309272   0.015259   0.339371   0.150807 0.00251125 0.98929 0.162614 0.0776861 0.0465825
1  -0.991052  -0.121144  0.0560412 -0.0941671   0.337003  -0.936783  0.0945999  -0.933677  -0.345395 0.00116644   0.334497    0.16188 0.00205227 0.993307 0.380391 0.270724 0.064189
1  -0.994671 -0.0911749  0.0481229 -0.0758283   0.330757  -0.940665   0.069848  -0.939301  -0.335908 0.00624861   0.335916      0.159 0.00195351 0.994645 0.361068 0.12621 0.040567
1  -0.994284 -0.0947644  0.0491834 -0.0781028   0.331486  -0.940222   0.072796  -0.938689  -0.336992 0.00568471   0.335769   0.159306 0.00192989 0.994645 0.34261 0.155237 0.0426879
1    -0.990184      -0.1275    0.0572603   -0.0971935     0.333722    -0.937647     0.100441    -0.934009    -0.342839 -5.12541e-05     0.335053     0.160876 0.002043 0.995984 0.254992 0.728737 0.0665712
1  -0.994284 -0.0947645  0.0491834 -0.0781028   0.331486  -0.940222   0.072796  -0.938689  -0.336992  0.0056847   0.335769   0.159306 0.00192987 0.994645 0.33948 0.160478 0.0426879
1    -0.990184      -0.1275    0.0572603   -0.0971935     0.333722    -0.937647     0.100441    -0.934009    -0.342839 -5.12518e-05     0.335053     0.160876 0.002043 0.995984 0.304687 0.297542 0.0665712
1  -0.995041 -0.0880794  0.0462086 -0.0721912   0.319948  -0.944681  0.0684226  -0.943332   -0.32472 0.00659082   0.337805   0.155354 0.0019378 0.997323 0.464583 0.836737 0.0282235
1   -0.990324   -0.126345    0.057403  -0.0969736    0.334158   -0.937515   0.0992688    -0.93401   -0.343177 0.000292324    0.335025    0.160985 0.00203359 0.995984 0.213373 0.092205 0.0659885
1    -0.990182    -0.127544    0.0572074   -0.0971635     0.333767    -0.937635     0.100495    -0.933987    -0.342883 -6.83405e-05     0.335043     0.160897 0.0020435 0.995984 0.239212 0.155761 0.0666348
1  -0.994377 -0.0938265  0.0491006 -0.0776521    0.33078  -0.940508  0.0720031  -0.939032  -0.336206 0.00586618   0.335882   0.159066 0.00193194 0.994645 0.208943 0.577349 0.0415702
1  -0.995073 -0.0877808  0.0460992 -0.0719292    0.31911  -0.944984  0.0682407  -0.943644  -0.323852 0.00663461   0.337943   0.155074 0.00193716 0.997323 0.362644 0.273475 0.0272679
1  -0.996646 -0.0668828  0.0471551 -0.0657679    0.31173  -0.947892   0.048698  -0.947814  -0.315083  0.0103952    0.33922   0.152134 0.00195123 0.991968 0.390515 0.132135 0.0210738
0   -0.999556 -0.00208385   0.0297105  -0.0290822    0.283486   -0.958535 -0.00642506   -0.958974   -0.283421   0.0215922    0.342856    0.142236 0.00257317 0.947791 0.269437 0.145522 0.0830651
1  -0.994498 -0.0929246  0.0483635 -0.0765535   0.329517  -0.941041  0.0715093  -0.939566  -0.334817  0.0057699   0.336106   0.158645 0.00194544 0.994645 0.453817 0.391408 0.0399092
1  -0.993279   -0.10347  0.0518774 -0.0842791   0.339319  -0.936888  0.0793369  -0.934964  -0.345758 0.00430135   0.334345   0.162052 0.00202428 0.994645 0.292223 0.0975913 0.0548512
1    -0.990182    -0.127544    0.0572074   -0.0971635     0.333767    -0.937635     0.100495    -0.933987    -0.342883 -6.83333e-05     0.335043     0.160897 0.00204351 0.995984 0.202026 0.171346 0.0666347
1   -0.990723   -0.123582   0.0565284  -0.0952907    0.335171   -0.937326   0.0968901   -0.934017   -0.343837 0.000624652     0.33483    0.161328 0.00202206 0.993307 0.341271 0.369063 0.0645629
1  -0.994425 -0.0934404  0.0488623 -0.0772656   0.330383  -0.940679  0.0717542   -0.93921  -0.335761 0.00589678   0.335953   0.158919 0.00193195 0.994645 0.296457 0.121412 0.0409985
1  -0.995073 -0.0877808  0.0460992 -0.0719292    0.31911  -0.944984  0.0682407  -0.943644  -0.323852 0.00663461   0.337943   0.155074 0.00193715 0.997323 0.0368408 0.140396 0.027268
1  -0.994547 -0.0922306  0.0486847 -0.0764558   0.327293  -0.941825  0.0709309  -0.940411  -0.332559 0.00595871   0.336479   0.157894 0.0019363 0.994645 0.32809 0.311081 0.0372953
1  -0.994284 -0.0947644  0.0491834 -0.0781028   0.331486  -0.940222   0.072796  -0.938689  -0.336992  0.0056847   0.335769   0.159306 0.00192989 0.994645 0.346452 0.234561 0.0426879
1  -0.994514 -0.0925962  0.0486605 -0.0765588   0.327338  -0.941801  0.0712787  -0.940359  -0.332632 0.00602545   0.336483   0.157914 0.00191568 0.994645 0.113618 0.111205 0.0374809
1  -0.994284 -0.0947644  0.0491834 -0.0781028   0.331486  -0.940222   0.072796  -0.938689  -0.336992  0.0056847   0.335769   0.159306 0.00192988 0.994645 0.517799 0.331863 0.0426879
1  -0.996646 -0.0668828  0.0471551 -0.0657679    0.31173  -0.947892   0.048698  -0.947814  -0.315083  0.0103952    0.33922   0.152134 0.00195122 0.991968 0.163771 0.0725266 0.0210737
1    -0.990184      -0.1275    0.0572603   -0.0971935     0.333722    -0.937647     0.100441    -0.934009    -0.342839 -5.12389e-05     0.335053     0.160876 0.002043 0.995984 0.514905 0.479089 0.0665712
0  -0.998611 -0.0369821   0.037532 -0.0471185   0.307957  -0.950233  0.0235833  -0.950681  -0.309272   0.015259   0.339371   0.150807 0.00251125 0.98929 0.130272 0.0923727 0.0465825
1  -0.994492 -0.0928189  0.0486891 -0.0766879     0.3277  -0.941664  0.0714488  -0.940212  -0.333013 0.00597524   0.336415   0.158034 0.00191855 0.994645 0.168981 0.127703 0.037948
1  -0.996633 -0.0670326  0.0472122 -0.0658795   0.311923  -0.947821  0.0488082   -0.94774  -0.315289  0.0103675   0.339186   0.152198 0.00195204 0.991968 0.277373 0.255324 0.021144
1  -0.991337  -0.118485    0.05668 -0.0937051   0.335618  -0.937326  0.0920365  -0.934517  -0.343813 0.00176852   0.334766   0.161329 0.00205087 0.993307 0.210908 0.167064 0.0611807
1  -0.992605  -0.108773  0.0538882 -0.0872252   0.330373  -0.939811  0.0844225  -0.937562  -0.337418 0.00326264   0.335813   0.159315 0.00200084 0.994645 0.278011 0.203977 0.0495832
1  -0.994547 -0.0922306  0.0486847 -0.0764558   0.327293  -0.941825  0.0709309  -0.940411  -0.332559  0.0059587   0.336479   0.157894 0.00193629 0.994645 0.401443 0.347144 0.0372952
1   -0.990207   -0.127254   0.0574193    -0.09722    0.333361   -0.937773    0.100194   -0.934172   -0.342468 7.75707e-05    0.335138    0.160751 0.00203643 0.995984 0.444807 0.847922 0.0661143
1  -0.995073 -0.0877808  0.0460993 -0.0719292    0.31911  -0.944984  0.0682407  -0.943644  -0.323852 0.00663461   0.337943   0.155074 0.00193715 0.997323 0.285829 0.31139 0.0272679
1  -0.995073 -0.0877808  0.0460992 -0.0719292    0.31911  -0.944984  0.0682407  -0.943644  -0.323852  0.0066346   0.337943   0.155074 0.00193716 0.997323 0.327746 0.257256 0.0272679
0  -0.996848  -0.063343  0.0477643 -0.0641252   0.288868  -0.955219  0.0467089  -0.955271  -0.292019  0.0110904   0.342946   0.144716 0.00199317 0.998661 0.216769 0.140646 0.0190204
1   -0.990207   -0.127254   0.0574193    -0.09722    0.333361   -0.937773    0.100194   -0.934172   -0.342468 7.75711e-05    0.335138    0.160752 0.00203643 0.995984 0.250357 0.150448 0.0661143
0  -0.998611 -0.0369821   0.037532 -0.0471185   0.307957  -0.950233  0.0235833  -0.950681  -0.309272   0.015259   0.339371   0.150807 0.00251124 0.98929 0.213873 0.121153 0.0465825
1  -0.996594 -0.0680356   0.046601 -0.0657323   0.314139  -0.947099  0.0497973  -0.946936  -0.317541 0.00997185   0.338803   0.152955 0.00197891 0.991968 0.422291 0.176642 0.022714
1  -0.995073 -0.0877807  0.0460992 -0.0719292    0.31911  -0.944984  0.0682407  -0.943644  -0.323852 0.00663462   0.337943   0.155074 0.00193715 0.997323 0.089526 0.177541 0.0272679
1  -0.996594 -0.0680356   0.046601 -0.0657323   0.314139  -0.947099  0.0497973  -0.946936  -0.317541 0.00997185   0.338803   0.152955 0.00197891 0.991968 0.268909 0.0721517 0.022714
1  -0.992592  -0.108739  0.0541912 -0.0875497   0.330918   -0.93959   0.084237  -0.937374  -0.337986 0.00328518   0.335713   0.159499 0.00200597 0.994645 0.151086 0.175083 0.0500838
1  -0.993014  -0.105249  0.0533518 -0.0859245   0.335072  -0.938266  0.0808749  -0.936295  -0.341775 0.00397334    0.33511   0.160684 0.00199216 0.994645 0.0736681 0.0576449 0.0517142
1  -0.992658  -0.108134  0.0541876 -0.0878541   0.336691  -0.937508   0.083132  -0.935385   -0.34372 0.00355643   0.334781   0.161327 0.00202181 0.994645 0.356599 0.160754 0.0550296
1  -0.994517 -0.0926662  0.0484754 -0.0764917   0.328455  -0.941417  0.0713156  -0.939963  -0.333742 0.00600613   0.336299   0.158275 0.00191935 0.994645 0.253063 0.165786 0.0386764
1  -0.992645  -0.108352   0.053989 -0.0872268   0.330922  -0.939618  0.0839438  -0.937417   -0.33794 0.00337706   0.335707   0.159499 0.0020067 0.994645 0.182345 0.0729859 0.0498141
1    -0.990184      -0.1275    0.0572603   -0.0971935     0.333723    -0.937647     0.100441    -0.934009    -0.342839 -5.12531e-05     0.335053     0.160876 0.00204301 0.995984 0.295668 0.300202 0.0665713
1  -0.996646 -0.0668828  0.0471551 -0.0657679    0.31173  -0.947892   0.048698  -0.947814  -0.315083  0.0103952    0.33922   0.152134 0.00195122 0.991968 0.228583 0.13603 0.0210737
1  -0.991337  -0.118485  0.0566799 -0.0937051   0.335618  -0.937326  0.0920365  -0.934517  -0.343813 0.00176852   0.334766   0.161329 0.00205087 0.993307 0.324823 0.309005 0.0611808
1  -0.996594 -0.0680356   0.046601 -0.0657323   0.314139  -0.947099  0.0497973  -0.946936  -0.317541 0.00997185   0.338803   0.152955 0.00197891 0.991968 0.393341 0.202345 0.022714
1  -0.994458 -0.0932009  0.0486428 -0.0770259   0.331025  -0.940473   0.071551  -0.939008  -0.336369 0.00590504   0.335842   0.159122 0.00194023 0.994645 0.209038 0.111387 0.0415824
1   -0.99666 -0.0669073  0.0468311 -0.0655518   0.313369  -0.947366  0.0487103  -0.947271  -0.316708  0.0103625   0.338952   0.152655 0.00196131 0.991968 0.306548 0.125697 0.0225537
1  -0.994498 -0.0929246  0.0483635 -0.0765535   0.329517  -0.941041  0.0715093  -0.939566  -0.334817  0.0057699   0.336106   0.158645 0.00194544 0.994645 0.405377 0.576901 0.0399093
1  -0.996646 -0.0668828  0.0471551 -0.0657679    0.31173  -0.947892   0.048698  -0.947814  -0.315083  0.0103952    0.33922   0.152134 0.00195122 0.991968 0.358063 0.360926 0.0210738
1    -0.990184      -0.1275    0.0572604   -0.0971935     0.333722    -0.937648     0.100441    -0.934009    -0.342839 -5.12444e-05     0.335053     0.160876 0.002043 0.995984 0.453568 0.506042 0.0665711
1   -0.990207   -0.127254   0.0574193    -0.09722    0.333361   -0.937773    0.100194   -0.934172   -0.342468 7.75665e-05    0.335138    0.160752 0.00203644 0.995984 0.351893 0.20214 0.0661144
0  -0.998611 -0.0369821   0.037532 -0.0471185   0.307957  -0.950233  0.0235833  -0.950681  -0.309272   0.015259   0.339371   0.150807 0.00251124 0.98929 0.373391 0.101569 0.0465825
1  -0.996646 -0.0668827  0.0471551 -0.0657679    0.31173  -0.947892   0.048698  -0.947814  -0.315083  0.0103952    0.33922   0.152134 0.00195122 0.991968 0.23613 0.116509 0.0210738
1  -0.990207  -0.127254  0.0574193   -0.09722   0.333361  -0.937773   0.100194  -0.934172  -0.342468 7.7556e-05   0.335138   0.160752 0.00203643 0.995984 0.452576 0.780528 0.0661144
1  -0.991337  -0.118485    0.05668 -0.0937051   0.335618  -0.937326  0.0920365  -0.934517  -0.343813 0.00176851   0.334766   0.161329 0.00205086 0.993307 0.321692 0.194833 0.0611808
1  -0.994317 -0.0944916  0.0490348 -0.0778585   0.331341  -0.940293  0.0726025  -0.938767  -0.336815 0.00573313   0.335788   0.159254 0.00193173 0.994645 0.336369 0.699131 0.0424248
1   -0.990182   -0.127544   0.0572075  -0.0971636    0.333767   -0.937635    0.100495   -0.933987   -0.342883 -6.8339e-05    0.335043    0.160897 0.00204351 0.995984 0.345575 0.374712 0.0666347
1  -0.996594 -0.0680356   0.046601 -0.0657323   0.314139  -0.947099  0.0497973  -0.946936  -0.317541 0.00997185   0.338803   0.152955 0.00197891 0.991968 0.425836 0.321546 0.022714
1   -0.990617   -0.124111   0.0572169  -0.0960634    0.334566   -0.937463   0.0972067   -0.934164    -0.34335 0.000704821    0.334984    0.161063 0.00201644 0.994645 0.194586 0.0576477 0.0645424
0  -0.998611 -0.0369821   0.037532 -0.0471185   0.307957  -0.950233  0.0235833  -0.950681  -0.309272   0.015259   0.339371   0.150807 0.00251125 0.98929 0.129272 0.0772018 0.0465825
1  -0.994377 -0.0938265  0.0491006 -0.0776521    0.33078  -0.940508  0.0720031  -0.939032  -0.336206 0.00586618   0.335882   0.159066 0.00193194 0.994645 0.392508 0.111276 0.0415702
1  -0.994498 -0.0929246  0.0483635 -0.0765535   0.329517  -0.941041  0.0715093  -0.939566  -0.334818  0.0057699   0.336106   0.158645 0.00194544 0.994645 0.427023 0.458711 0.0399093
1  -0.996594 -0.0680356   0.046601 -0.0657323   0.314139  -0.947099  0.0497973  -0.946936  -0.317541 0.00997185   0.338803   0.152955 0.00197891 0.991968 0.248215 0.114864 0.022714
1  -0.994514 -0.0925962  0.0486605 -0.0765588   0.327338  -0.941801  0.0712787  -0.940359  -0.332632 0.00602545   0.336483   0.157914 0.00191569 0.994645 0.150188 0.0819178 0.0374809
1  -0.994498 -0.0929246  0.0483635 -0.0765535   0.329517  -0.941041  0.0715093  -0.939566  -0.334818  0.0057699   0.336106   0.158645 0.00194544 0.994645 0.341892 0.181418 0.0399093
1    -0.990184      -0.1275    0.0572603   -0.0971935     0.333722    -0.937647     0.100441    -0.934009    -0.342839 -5.12482e-05     0.335053     0.160876 0.00204301 0.995984 0.363695 0.410554 0.0665712
1  -0.994801 -0.0898285  0.0479872 -0.0747576   0.324107  -0.943062  0.0691609  -0.941746  -0.329137 0.00625341   0.337043   0.156785 0.00199422 0.997323 0.318634 1.0831 0.0330557
1    -0.990182    -0.127544    0.0572075   -0.0971635     0.333767    -0.937635     0.100495    -0.933987    -0.342883 -6.83437e-05     0.335043     0.160897 0.00204351 0.995984 0.384254 0.356003 0.0666347
1    -0.9919  -0.114828  0.0543007 -0.0870777   0.303491  -0.948847  0.0924748   -0.94589  -0.311031 0.00135847   0.340448   0.150643 0.0019828 0.998661 0.289866 0.0729081 0.0378246
1  -0.996594 -0.0680356   0.046601 -0.0657323   0.314139  -0.947099  0.0497973  -0.946936  -0.317541 0.00997185   0.338803   0.152955 0.00197891 0.991968 0.459595 0.231189 0.022714
1  -0.994472 -0.0932485  0.0482756 -0.0767948   0.332335   -0.94003  0.0716127   -0.93854  -0.337659 0.00591438   0.335627    0.15956 0.00194148 0.994645 0.391958 0.0842183 0.0429874
1  -0.991362  -0.118743  0.0556959 -0.0928268   0.335239  -0.937549  0.0926561   -0.93462  -0.343366 0.00144549    0.33482   0.161232 0.00205297 0.993307 0.238809 0.165267 0.0609422
1   -0.99666 -0.0669073  0.0468311 -0.0655518   0.313369  -0.947366  0.0487103  -0.947271  -0.316708  0.0103625   0.338952   0.152655 0.00196132 0.991968 0.363533 0.155136 0.0225537
1  -0.993233  -0.103655  0.0523726 -0.0840114   0.329933  -0.940259   0.080183  -0.938296  -0.336408 0.00405833   0.336007   0.158956 0.00196105 0.994645 0.0831311 0.145926 0.0457995
1  -0.996646 -0.0668828  0.0471551 -0.0657679   0.311729  -0.947892   0.048698  -0.947814  -0.315083  0.0103952    0.33922   0.152134 0.00195123 0.991968 0.368222 0.154998 0.0210737
1  -0.994547 -0.0922306  0.0486847 -0.0764558   0.327293  -0.941825  0.0709309  -0.940411  -0.332559  0.0059587   0.336479   0.157894 0.0019363 0.994645 0.334012 0.200579 0.0372952
1   -0.990184     -0.1275   0.0572604  -0.0971935    0.333722   -0.937647    0.100441   -0.934009   -0.342839 -5.1261e-05    0.335054    0.160876 0.002043 0.995984 0.305805 0.668363 0.0665712
1  -0.993279   -0.10347  0.0518774 -0.0842791   0.339319  -0.936888  0.0793369  -0.934963  -0.345758 0.00430135   0.334345   0.162052 0.00202428 0.994645 0.233945 0.255081 0.0548512
1  -0.994317 -0.0944916  0.0490348 -0.0778585   0.331341  -0.940293  0.0726025  -0.938767  -0.336815 0.00573314   0.335788   0.159254 0.00193174 0.994645 0.365675 0.151043 0.0424248
1   -0.990723   -0.123582   0.0565285  -0.0952907    0.335171   -0.937326   0.0968901   -0.934017   -0.343837 0.000624651     0.33483    0.161328 0.00202207 0.993307 0.418188 0.278568 0.0645629
1  -0.994671 -0.0911749  0.0481229 -0.0758283   0.330757  -0.940665   0.069848  -0.939301  -0.335908  0.0062486   0.335916      0.159 0.00195351 0.994645 0.673131 0.517206 0.040567
1  -0.994547 -0.0922306  0.0486847 -0.0764558   0.327293  -0.941825  0.0709309  -0.940411  -0.332559  0.0059587   0.336479   0.157894 0.00193629 0.994645 0.352574 0.525479 0.0372952
1   -0.990207   -0.127254   0.0574193    -0.09722    0.333361   -0.937773    0.100194   -0.934172   -0.342468 7.75751e-05    0.335138    0.160751 0.00203643 0.995984 0.34188 0.340701 0.0661143
1  -0.994488 -0.0931391  0.0481454 -0.0766177   0.332115  -0.940122  0.0715723  -0.938629  -0.337421 0.00590136   0.335659   0.159481 0.00194392 0.994645 0.287133 0.116352 0.0427168
1  -0.993542  -0.101375   0.050955 -0.0825945   0.338303  -0.937406  0.0777916  -0.935561  -0.344491 0.00471201   0.334534   0.161669 0.00201027 0.994645 0.211382 0.0643307 0.0527321
1  -0.994498 -0.0929246  0.0483635 -0.0765535   0.329517  -0.941041  0.0715093  -0.939566  -0.334818  0.0057699   0.336106   0.158645 0.00194544 0.994645 0.288526 0.685044 0.0399093
1  -0.996646 -0.0668827  0.0471551 -0.0657679    0.31173  -0.947892   0.048698  -0.947814  -0.315083  0.0103952    0.33922   0.152134 0.00195123 0.991968 0.225891 0.423984 0.0210738
1   -0.99111  -0.120536  0.0563121 -0.0941601   0.336503  -0.936963  0.0939889  -0.933936  -0.344861 0.00138987   0.334608   0.161679 0.00204268 0.993307 0.0945704 0.131864 0.063347
1  -0.996594 -0.0680356   0.046601 -0.0657323   0.314139  -0.947099  0.0497973  -0.946936  -0.317541 0.00997185   0.338803   0.152955 0.00197891 0.991968 0.516216 0.322472 0.0227141
1   -0.99501 -0.0883839  0.0463051 -0.0725901   0.322804  -0.943678  0.0684585   -0.94233  -0.327609 0.00655889   0.337318   0.156278 0.00195617 0.997323 0.37725 0.0635348 0.0312889
1  -0.996585 -0.0679989  0.0468405 -0.0659273   0.313741  -0.947217   0.049714  -0.947071  -0.317153  0.0100123   0.338867   0.152817 0.00197625 0.991968 0.419296 0.194135 0.0223192
1  -0.996646 -0.0668827  0.0471551 -0.0657678    0.31173  -0.947892   0.048698  -0.947814  -0.315083  0.0103952    0.33922   0.152134 0.00195123 0.991968 0.268658 0.0832767 0.0210738
1   -0.99263  -0.108163  0.0546511 -0.0883733   0.337496  -0.937169  0.0829228  -0.935092  -0.344568 0.00364711   0.334612   0.161615 0.00203557 0.994645 0.335841 0.14657 0.0558722
1  -0.994498 -0.0929246  0.0483635 -0.0765535   0.329517  -0.941041  0.0715093  -0.939566  -0.334817  0.0057699   0.336106   0.158645 0.00194544 0.994645 0.301221 0.185928 0.0399093
1  -0.994498 -0.0929246  0.0483635 -0.0765535   0.329517  -0.941041  0.0715093  -0.939566  -0.334817  0.0057699   0.336106   0.158645 0.00194544 0.994645 0.323247 0.196632 0.0399093
0  -0.998225 -0.0392114  0.0448364 -0.0541614   0.284295  -0.957206  0.0247866  -0.957935  -0.285914  0.0150865   0.343256     0.1426 0.00237145 0.986613 0.492674 0.324209 0.0438038
1  -0.994514 -0.0925962  0.0486605 -0.0765588   0.327338  -0.941801  0.0712787  -0.940359  -0.332632 0.00602546   0.336483   0.157914 0.00191569 0.994645 0.193018 0.0988332 0.0374809
1  -0.994488 -0.0931391  0.0481454 -0.0766177   0.332115  -0.940122  0.0715723  -0.938629  -0.337421 0.00590136   0.335659   0.159481 0.00194392 0.994645 0.288795 0.104703 0.0427167
1  -0.995073 -0.0877808  0.0460992 -0.0719292    0.31911  -0.944984  0.0682407  -0.943644  -0.323852 0.00663461   0.337943   0.155074 0.00193715 0.997323 0.313604 0.230977 0.027268
1   -0.99202  -0.113755  0.0543705 -0.0900599   0.337535  -0.936995  0.0882361  -0.934414  -0.345086 0.00265899    0.33442   0.161892 0.00207561 0.993307 0.406407 0.226808 0.0593629
