0  -0.997458  -0.054577  0.0458225 -0.0596701   0.288109  -0.955737  0.0389594  -0.956041  -0.290634  0.0128634   0.342837   0.144128 0.00211624 0.995984 0.248281 1.33863 0.0278152
1  -0.992444  -0.111481  0.0512492 -0.0854356   0.328093  -0.940774   0.088064  -0.938044  -0.335139 0.00237855   0.335971   0.158761 0.00206276 0.993307 0.236503 1.80399 0.0493635
1   -0.99736 -0.0620887  0.0376672 -0.0566199   0.340028  -0.938709  0.0454753  -0.938364  -0.342645  0.0111557   0.334182   0.161531 0.00225826 0.990629 0.1215 1.58725 0.0524827
1  -0.994727 -0.0937272  0.0416223 -0.0729467   0.361387  -0.929558  0.0720832  -0.927693  -0.366318 0.00556039   0.330245   0.168944 0.00233331 0.98929 0.263948 1.83391 0.0749988
1  -0.994461 -0.0932463  0.0485111 -0.0772097    0.33487  -0.939096  0.0713223  -0.937639  -0.340215 0.00604828    0.33523   0.160352 0.0019436 0.994645 0.228811 1.2346 0.0456559
1  -0.994889 -0.0890691  0.0475752 -0.0746975   0.332125  -0.940273  0.0679483  -0.939021  -0.337081 0.00688449   0.335725    0.15932 0.001955 0.994645 0.263729 2.41732 0.0413597
1  -0.992634  -0.107444  0.0559784 -0.0865246   0.305292   -0.94832  0.0848017  -0.946178   -0.31234 0.00298915   0.340165   0.150933 0.00189386 0.995984 0.307798 2.3362 0.031296
1  -0.997016 -0.0647743  0.0419963 -0.0601599   0.311039  -0.948491  0.0483754  -0.948187  -0.314008  0.0102459   0.339235   0.151986 0.00204297 0.994645 0.175524 1.64731 0.0233117
1  -0.994986 -0.0883271  0.0469168 -0.0737928   0.331697  -0.940496  0.0675091  -0.939242  -0.336551 0.00674996   0.335508   0.159219 0.00205308 0.990629 0.385697 1.51291 0.0407849
1   -0.99289  -0.105683  0.0547757 -0.0840977   0.297124  -0.951128  0.0842431  -0.948972  -0.303899 0.00321652   0.341363   0.148303 0.00193566 0.997323 0.383473 1.61883 0.0274004
1  -0.993218  -0.103882  0.0522073 -0.0855103   0.348468  -0.933412  0.0787722  -0.931546  -0.354987 0.00426473   0.332799   0.164873 0.00205168 0.993307 0.336761 1.41212 0.0644224
1  -0.992578  -0.114855  0.0399598 -0.0796398   0.365606  -0.927356  0.0919021  -0.923656   -0.37204 0.00127325   0.329514   0.170846 0.00236232 0.991968 0.212957 1.32783 0.0872646
1  -0.993569  -0.101467  0.0502458 -0.0829231   0.349919  -0.933103  0.0770976  -0.931269  -0.356083 0.00467333   0.332534   0.165373 0.00202299 0.991968 0.287354 1.4386 0.0648325
1  -0.993826  -0.101689  0.0443731 -0.0744038   0.314169  -0.946447   0.082303  -0.943905  -0.319796 0.00333134   0.338389   0.153887 0.00205517 0.994645 0.366289 1.36067 0.031578
1  -0.997217  -0.061448  0.0422155 -0.0608219   0.343101  -0.937327  0.0431127  -0.937286  -0.345884    0.01191   0.333951   0.161956 0.00229675 0.994645 0.234138 1.40051 0.0549452
1  -0.995065 -0.0869953  0.0477317  -0.072486   0.308761  -0.948374  0.0677664  -0.947153  -0.313543 0.00675986   0.339522    0.15175 0.00193943 0.997323 0.285183 2.22272 0.0164491
1  -0.994472 -0.0931571  0.0484414 -0.0775718   0.340917  -0.936887  0.0707632  -0.935466  -0.346259 0.00610321   0.334197   0.162259 0.0019905 0.994645 0.348971 1.27209 0.052114
1  -0.994264 -0.0949807  0.0491785  -0.078269    0.33274  -0.939765  0.0728959  -0.938223  -0.338265 0.00566712   0.335596   0.159718 0.0019229 0.994645 0.34499 1.39674 0.0440795
1   -0.988625   -0.140227   0.0543857   -0.101287    0.353414   -0.929968    0.111186   -0.924897   -0.363597 -0.00280629    0.330731    0.167889 0.00247735 0.986613 0.0966042 2.66986 0.0919406
1  -0.995493 -0.0858238  0.0403403 -0.0648079   0.305145  -0.950098  0.0692314  -0.948431  -0.309331 0.00602853   0.340099   0.150656 0.00196777 0.997323 0.32651 1.27097 0.0164935
1   -0.990939   -0.122988   0.0539743  -0.0944457    0.352353   -0.931089   0.0954946   -0.927751   -0.360776 0.000958808    0.331415    0.166757 0.00235749 0.990629 0.197653 1.08846 0.0788908
1  -0.996157 -0.0819736  0.0308503 -0.0562941   0.329385  -0.942516  0.0670999  -0.940631  -0.332733 0.00636089   0.335852   0.158201 0.00247121 0.997323 0.317202 1.98792 0.0413767
1   -0.990686   -0.124948   0.0541311  -0.0946522    0.346094   -0.933413   0.0978937   -0.929842   -0.354697 0.000476161    0.332971     0.16464 0.00210058 0.994645 0.187458 1.26861 0.0744106
1  -0.991759  -0.116251  0.0538454 -0.0921999   0.355816  -0.929997  0.0889544  -0.927298  -0.363602 0.00219862   0.331266   0.167711 0.00212858 0.98929 0.20754 1.42716 0.0782407
1  -0.992262  -0.113238  0.0509261  -0.087869   0.350647  -0.932377  0.0877238  -0.929636  -0.357883 0.00258676     0.3319   0.166091 0.00222115 0.98929 0.090521 2.44487 0.0713032
1  -0.994656 -0.0913539  0.0481116 -0.0754683    0.32527  -0.942605  0.0704614  -0.941198  -0.330426 0.00616604   0.336905   0.157202 0.00191964 0.995984 0.368407 1.55133 0.0348353
1  -0.993985 -0.0976691  0.0495473  -0.081009   0.351239  -0.932775  0.0737003  -0.931178  -0.357039 0.00553785   0.332264   0.165664 0.00205739 0.991968 0.357355 1.68514 0.0648071
1  -0.994481 -0.0926148  0.0492874 -0.0802577   0.369026  -0.925948  0.0675681  -0.924793  -0.374422 0.00685468    0.32902   0.171315 0.00232479 0.986613 0.339957 1.39103 0.0831745
1   -0.99482 -0.0930803   0.040848 -0.0681654   0.312784  -0.947375  0.0754053  -0.945252  -0.317509 0.00414371   0.338733   0.153225 0.0020455 0.997323 0.425724 2.38488 0.0256574
1  -0.994552 -0.0950156  0.0428691 -0.0738359   0.351845  -0.933142  0.0735797  -0.931223  -0.356944 0.00524963   0.332201   0.165958 0.00209844 0.993307 0.266294 1.37094 0.0647818
1   -0.991075   -0.120959   0.0560251  -0.0935763    0.331963    -0.93864   0.0949383   -0.935505   -0.340319 0.000875831    0.335322     0.16026 0.00205251 0.993307 0.19851 1.45904 0.0599863
1   -0.99369 -0.0994735  0.0518268 -0.0829127   0.340237  -0.936677  0.0755412  -0.935064  -0.346337 0.00509863   0.334162   0.162252 0.00198351 0.991968 0.41693 2.32358 0.0539246
1  -0.994938 -0.0934596  0.0369196 -0.0673089   0.347018   -0.93544  0.0746141   -0.93319  -0.351552 0.00444603   0.333155   0.164123 0.00214636 0.994645 0.218378 1.77308 0.0598403
1  -0.994568 -0.0920686  0.0485624 -0.0763665   0.328365  -0.941459  0.0707325  -0.940053  -0.333613 0.00616437   0.336332   0.158241 0.00191665 0.994645 0.0470344 1.29985 0.0383437
1  -0.996602  -0.068766  0.0453469 -0.0647925   0.314497  -0.947045  0.0508629  -0.946764  -0.317884 0.00971111   0.338807     0.1531 0.00197621 0.993307 0.314239 1.44233 0.0229679
1  -0.997871 -0.0587895  0.0282253 -0.0464079   0.336079   -0.94069  0.0458167  -0.939997  -0.338092  0.0105098   0.334989   0.160214 0.00234933 0.994645 0.20441 1.51652 0.0527179
1  -0.994558 -0.0925051  0.0479237 -0.0769944   0.342748  -0.936267  0.0701837  -0.934862  -0.348006 0.00626686   0.333846   0.162827 0.00199696 0.993307 0.0760131 1.48003 0.0539048
1  -0.993528  -0.102134  0.0497058 -0.0847539   0.375238  -0.923046  0.0756233  -0.921285  -0.381465   0.005096   0.327934   0.173261 0.00228247 0.987952 0.429701 2.89702 0.0925011
1  -0.992555   -0.10912  0.0541124 -0.0876473   0.331386  -0.939415  0.0845766  -0.937164  -0.338483 0.00330972   0.335674   0.159502 0.00200924 0.994645 0.138904 1.18523 0.0506944
1  -0.997158 -0.0632135  0.0409989  -0.060213   0.341488  -0.937955  0.0452908  -0.937758  -0.344323  0.0113866   0.333519   0.162434 0.00239104 0.982597 0.171903 1.16357 0.0532314
1   -0.99518 -0.0876231  0.0440432 -0.0705816   0.328148  -0.941986   0.068087  -0.940554  -0.332751 0.00663966   0.336455   0.157907 0.001986 0.997323 0.139765 1.44936 0.0369762
1  -0.995781 -0.0812831  0.0425851  -0.068241   0.345698  -0.935861  0.0613481  -0.934819  -0.349786 0.00824423   0.333296   0.163534 0.00216125 0.98929 0.199923 1.13778 0.0554087
1  -0.991748  -0.115741  0.0551307 -0.0901849   0.324219  -0.941673  0.0911162  -0.938875  -0.331982 0.00186689   0.336636   0.157627 0.0020176 0.993307 0.223709 1.24673 0.0498541
1  -0.994675 -0.0885754  0.0526953 -0.0787703   0.323613  -0.942905  0.0664653  -0.942035  -0.328867  0.0072033   0.336905   0.156645 0.0020055 0.991968 0.413618 2.9884 0.0321935
1  -0.990994  -0.119243  0.0609229   -0.10132   0.370269  -0.923383  0.0875493  -0.921239  -0.379016 0.00342658   0.328688   0.172225 0.00232734 0.98929 0.28056 1.96505 0.0953138
1    -0.989655    -0.131054    0.0583822   -0.0996602     0.335236    -0.936848     0.103206    -0.932975    -0.344829 -0.000724105     0.334704     0.161497 0.00206878 0.995984 0.435988 2.21403 0.0707424
1   -0.99516 -0.0892532  0.0411085 -0.0704094   0.355842   -0.93189   0.068546  -0.930274  -0.360404 0.00641547   0.331713   0.166948 0.00214673 0.994645 0.208565 1.24524 0.0678403
1  -0.992049  -0.113014  0.0553819 -0.0901688   0.331249  -0.939225  0.0878004  -0.936751  -0.338805  0.0026742   0.335637   0.159652 0.00199504 0.993307 0.30766 1.29482 0.0533856
0  -0.997349 -0.0569557  0.0452843 -0.0598545    0.28827  -0.955677  0.0413771  -0.955854  -0.290915  0.0125463   0.343003   0.144423 0.00205202 1 0.193646 1.94885 0.0257276
1  -0.991151  -0.120214  0.0562869 -0.0945344   0.341599  -0.935079  0.0931825  -0.932126  -0.349941 0.00162498   0.333692    0.16324 0.00209252 0.993307 0.22971 1.2076 0.0674886
1  -0.997448 -0.0633536  0.0329191 -0.0520993   0.330617  -0.942326  0.0488162  -0.941636  -0.333074 0.00974031      0.336   0.158496 0.00225614 0.995984 0.293731 1.68768 0.0441879
1  -0.992892  -0.106863  0.0523957 -0.0875932   0.358072  -0.929576  0.0805759  -0.927558  -0.364888 0.00425576   0.330541   0.168403 0.00235398 0.98929 0.312795 1.88341 0.0759653
1  -0.994947 -0.0841341  0.0547983 -0.0789009   0.317604  -0.944935  0.0620971  -0.944484  -0.322637 0.00826995    0.33809   0.154524 0.00200212 0.993307 0.0589899 1.4197 0.0246249
1  -0.996414 -0.0694985  0.0482538 -0.0693338   0.343856  -0.936459  0.0484902  -0.936447  -0.347442   0.010591   0.333899    0.16224 0.0022279 0.991968 0.176923 1.22227 0.053416
1  -0.993458  -0.102932  0.0494625 -0.0835754   0.360148  -0.929144  0.0778252  -0.927199  -0.366394 0.00481422   0.330772   0.168525 0.00216047 0.994645 0.0857068 1.42413 0.0762368
1  -0.991942  -0.114068  0.0551299 -0.0900911    0.32914  -0.939974  0.0890759  -0.937366  -0.336764 0.00234611   0.336006   0.159003 0.0019829 0.993307 0.0779739 1.24945 0.0523499
1  -0.995465 -0.0834506  0.0456692  -0.071438   0.338751   -0.93816  0.0628195  -0.937168  -0.343176 0.00814497   0.334738     0.1611 0.00209519 0.997323 0.333245 1.3619 0.0475341
1  -0.996489 -0.0697682  0.0462873   -0.06643   0.322323  -0.944296  0.0509624  -0.944055  -0.325826 0.00974561   0.337523   0.155567 0.00202305 0.993307 0.21271 1.35926 0.0302197
1  -0.992205  -0.111564  0.0555233 -0.0906201   0.340103  -0.936012  0.0855418  -0.933747  -0.347561 0.00297593   0.333925   0.162492 0.00211551 0.991968 0.138008 1.36067 0.0604934
1  -0.993878  -0.102613  0.0409599 -0.0767923   0.375024  -0.923829  0.0794356  -0.921319  -0.380608 0.00398796   0.327965    0.17356 0.00238792 0.990629 0.17676 1.49598 0.0924638
1  -0.995196 -0.0881004  0.0426899 -0.0699701   0.335112  -0.939576  0.0684711   -0.93805  -0.339667 0.00646733   0.335394   0.160197 0.00200258 0.997323 0.208278 1.63609 0.0447376
1   -0.991324   -0.119335   0.0550895    -0.09143     0.32498   -0.941291   0.0944262   -0.938161   -0.333072 0.000891759    0.336452    0.158002 0.00204593 0.993307 0.326451 1.57359 0.0533691
0  -0.994129  -0.099223  0.0431607 -0.0791918   0.395377  -0.915099   0.073734  -0.913144  -0.400914 0.00545868   0.323854   0.179999 0.00259094 0.974565 0.205716 1.64968 0.114318
1  -0.994677  -0.089809  0.0505217 -0.0786461   0.344864  -0.935352  0.0665799  -0.934346  -0.350091  0.0072351   0.333404   0.163385 0.00206475 0.990629 0.158277 1.43732 0.0555673
1  -0.991482  -0.117847  0.0554658 -0.0909347   0.321438  -0.942554  0.0932486  -0.939569  -0.329416  0.0013748   0.337066   0.156852 0.0020453 0.994645 0.276853 1.33416 0.0496879
1  -0.994896 -0.0894907  0.0466266 -0.0721209   0.307427  -0.948835  0.0705776  -0.947354  -0.312312 0.00580516   0.339742   0.151463 0.00193786 0.997323 0.407692 2.22393 0.0171282
1  -0.997311 -0.0643657  0.0350393 -0.0528254   0.299991  -0.952478  0.0507954  -0.951768  -0.302584  0.0091832   0.340825   0.148649 0.0021833 0.995984 0.281709 2.17301 0.0228185
1   -0.99712 -0.0627573  0.0425874 -0.0604287   0.318066  -0.946141  0.0458316  -0.945989  -0.320943  0.0110887   0.337625   0.154677 0.00223068 0.98929 0.266379 2.09108 0.0300988
1  -0.995073 -0.0910442  0.0392606 -0.0685748    0.34598  -0.935733  0.0716096  -0.933814  -0.350518 0.00556856   0.333413   0.163776 0.00206406 0.994645 0.343103 2.07861 0.0576722
1   -0.99549 -0.0834284    0.04515 -0.0700223   0.325156  -0.943065  0.0639976  -0.941973  -0.329531 0.00741778   0.337023   0.156811 0.00201185 0.995984 0.498 1.33034 0.0326533
0   -0.99628 -0.0695317  0.0509162 -0.0704595   0.316981  -0.945811  0.0496243   -0.94588  -0.320701  0.0102533   0.338477   0.153654 0.00199461 0.991968 0.219144 1.31565 0.0244513
1  -0.995174 -0.0885028  0.0423857 -0.0693171   0.328281  -0.942033  0.0694582  -0.940425  -0.332831 0.00650132   0.336446   0.157938 0.00199965 0.997323 0.424521 2.22149 0.0376264
1  -0.993655  -0.101235  0.0490002 -0.0812184   0.344493  -0.935269  0.0778018  -0.933315  -0.350529  0.0043322   0.333449   0.163597 0.00202354 0.993307 0.330729 1.46965 0.0589923
1   -0.99169  -0.116159  0.0553059 -0.0935038   0.355485  -0.929993  0.0883663  -0.927436  -0.363392 0.00292977   0.331216   0.167529 0.00218271 0.98929 0.250149 3.50674 0.0779733
1  -0.990808  -0.124254  0.0534761 -0.0974045   0.381008  -0.919427  0.0938678  -0.916184  -0.389609 0.00145975   0.326154   0.176241 0.00245867 0.97992 0.212622 2.59134 0.108123
1  -0.990502  -0.123132  0.0611911 -0.0986365   0.326258  -0.940121  0.0957945  -0.937227  -0.335304 0.00123659   0.336273   0.158496 0.00203313 0.994645 0.209955 1.90747 0.0582934
1  -0.994532 -0.0926012  0.0482907 -0.0757695   0.321547  -0.943857  0.0718746  -0.942355  -0.326805 0.00583274   0.337482   0.156054 0.00188639 0.994645 0.246534 1.31839 0.0315898
1 -0.991385 -0.118453 0.0558958 -0.095662  0.363326 -0.926738 0.0894665 -0.924101 -0.371528 0.0023294  0.329672  0.170412 0.00228327 0.98929 0.20832 1.32444 0.0872537
1  -0.995442 -0.0800511  0.0518316  -0.071252   0.263052  -0.962147  0.0633865  -0.961455  -0.267557 0.00758537   0.346301   0.137076 0.00212753 0.998661 0.331004 1.51687 0.0367975
1  -0.994573 -0.0919892  0.0486064 -0.0760063   0.323384   -0.94321  0.0710467  -0.941786   -0.32862 0.00605788   0.337101   0.156698 0.0019147 0.994645 0.233289 1.90177 0.0331748
1  -0.991827   -0.11554  0.0541309 -0.0907439   0.340521  -0.935848  0.0896956  -0.933111  -0.348222 0.00230232   0.333749   0.162932 0.00213194 0.991968 0.190075 1.16369 0.0632388
1  -0.993686 -0.0998069  0.0512556 -0.0831581   0.348468  -0.933625  0.0753213  -0.931992  -0.354567 0.00513138   0.332843   0.164809 0.00199644 0.991968 0.114364 1.1636 0.0626671
1  -0.994567 -0.0941065  0.0444941  -0.075221   0.354266  -0.932114  0.0719553  -0.930397   -0.35942 0.00553311   0.331613   0.166498 0.00218252 0.98929 0.261693 1.44955 0.0670499
1  -0.994989 -0.0876164  0.0481645 -0.0751433   0.337535  -0.938309  0.0659541  -0.937227  -0.342427 0.00693018   0.334851    0.16097 0.0020546 0.993307 0.298005 2.12915 0.0468876
1  -0.994293   -0.09716  0.0440532 -0.0771597   0.369808  -0.925899  0.0736691  -0.924014  -0.375194 0.00533049   0.329164   0.171556 0.00218861 0.991968 0.207333 2.49296 0.0849715
1  -0.994572 -0.0915962  0.0493707 -0.0746111   0.297041  -0.951945  0.0725295  -0.950461  -0.302262   0.005525   0.341729   0.147865 0.00191655 1 0.313594 1.25514 0.0131898
1  -0.993441  -0.102294  0.0511053 -0.0833397    0.34169   -0.93611  0.0782961  -0.934229  -0.347974 0.00430314   0.333968   0.162736 0.00201443 0.994645 0.449894 2.28182 0.056642
1  -0.992835  -0.108879  0.0492414 -0.0819165   0.320118   -0.94383  0.0869999    -0.9411  -0.326743 0.00249983   0.337256   0.156124 0.00206665 0.993307 0.352755 1.49913 0.0410707
1  -0.992417  -0.112219  0.0501602 -0.0874827   0.358163  -0.929552  0.0863483  -0.926891  -0.365264 0.00316544    0.33091   0.168389 0.00216634 0.991968 0.196774 1.56874 0.0782347
1  -0.995412 -0.0809161  0.0510727 -0.0754398   0.335313  -0.939081  0.0588614  -0.938625  -0.339879 0.00917672   0.335301   0.160057 0.00206615 0.993307 0.329512 1.5534 0.0434394
1   -0.99424 -0.0957707  0.0481185 -0.0785659   0.345856  -0.934993  0.0729028  -0.933387  -0.351388  0.0056744   0.333113   0.163946 0.00205331 0.990629 0.0399953 1.40452 0.0583437
1  -0.992706   -0.10695  0.0556509 -0.0888299   0.336747  -0.937396   0.081514  -0.935502  -0.343791 0.00399075    0.33483   0.161227 0.00200771 0.994645 0.349933 1.22529 0.0545377
1  -0.995566 -0.0806056  0.0484969 -0.0723528    0.32665  -0.942372  0.0601189  -0.941702  -0.331033 0.00810022   0.336841   0.157284 0.00207686 0.995984 0.285666 1.47915 0.0336641
1  -0.994428 -0.0942549  0.0472018 -0.0798906   0.381749  -0.920807  0.0687713  -0.919448  -0.387152  0.0068693   0.326925   0.175058 0.0023743 0.98929 0.204003 2.83684 0.0976585
1  -0.991985  -0.116386  0.0491958 -0.0890412   0.367629    -0.9257  0.0896529  -0.922661  -0.375045 0.00235624   0.329213    0.17134 0.0022592 0.991968 0.145045 2.22135 0.0899113
1  -0.994532 -0.0942557  0.0449628 -0.0742733   0.335749  -0.939019  0.0734117  -0.937224  -0.340914 0.00522797   0.334956   0.160482 0.0020345 0.994645 0.33193 1.63933 0.0470978
1  -0.993969 -0.0986783  0.0478264 -0.0767102   0.314043  -0.946305  0.0783602  -0.944267  -0.319718 0.00394534   0.339038   0.153492 0.00191053 0.997323 0.186554 2.2924 0.0285775
1  -0.993011  -0.104367  0.0551082 -0.0852251   0.311079  -0.946555  0.0816465  -0.944636    -0.3178 0.00362731   0.339263   0.152777 0.00189904 0.995984 0.682244 2.11765 0.0312895
0  -0.994555 -0.0950213  0.0427846 -0.0774775   0.399669  -0.913379  0.0696909  -0.911721  -0.404855 0.00654799   0.322937    0.18145 0.00266704 0.970549 0.10824 2.46913 0.118416
1    -0.98796   -0.140681   0.0643679   -0.106913    0.320119   -0.941325    0.111821   -0.936874   -0.331306 -0.00283831    0.336697    0.157166 0.00224151 0.995984 0.275606 1.53572 0.0711565
1  -0.993294  -0.104275  0.0499278   -0.08321   0.344991   -0.93491  0.0802634  -0.932796  -0.351354 0.00411962    0.33316   0.163961 0.00211731 0.991968 0.22355 1.31839 0.0609468
1  -0.993734  -0.101613  0.0465563 -0.0779798   0.331888   -0.94009  0.0800736   -0.93783  -0.337733 0.00416712   0.335607   0.159471 0.00204174 0.994645 0.199036 1.24141 0.0464335
1  -0.992848  -0.108164  0.0505376 -0.0855879   0.349723  -0.932935  0.0832358  -0.930588  -0.356479 0.00344002   0.332265    0.16559 0.00216678 0.991968 0.20758 2.64098 0.0676938
0  -0.996948 -0.0633474  0.0456212 -0.0637741   0.323849  -0.943957  0.0450228  -0.943986    -0.3269  0.0114147   0.337275   0.155906 0.00205257 0.993307 0.185685 2.95486 0.0343157
1  -0.991857  -0.116514  0.0514161 -0.0899961   0.355587    -0.9303    0.09011  -0.927352  -0.363177 0.00258791   0.331194   0.167581 0.00225604 0.993307 2.41883e-08 0.731439 0.077905
1  -0.991442  -0.117955  0.0559374 -0.0926635    0.33404  -0.937993  0.0919555  -0.935149  -0.342112 0.00164236   0.335004    0.16081 0.00203374 0.991968 0.502811 2.30085 0.0593931
1  -0.994045 -0.0967635  0.0501187 -0.0798736   0.334106  -0.939145  0.0741301  -0.937555  -0.339845 0.00531539   0.335293   0.160203 0.0019346 0.993307 0.384117 1.26233 0.0462851
1   -0.99464 -0.0923049  0.0465966 -0.0767517   0.357114  -0.930902  0.0692865  -0.929489  -0.362285 0.00658636    0.33124   0.167447 0.00210909 0.98929 0.380263 1.72539 0.0696891
1  -0.993696  -0.101171    0.04829 -0.0824118   0.367226  -0.926473  0.0759993  -0.924613  -0.373249 0.00496364   0.329661   0.170636 0.00213977 0.991968 0.19799 1.59013 0.0832539
1  -0.992343   -0.11305  0.0497458 -0.0876319   0.360613   -0.92859  0.0870385  -0.925839  -0.367759 0.00303925   0.330419   0.169175 0.00220799 0.991968 0.279586 1.79638 0.0811355
1  -0.991546  -0.117117  0.0558527 -0.0955236   0.367563   -0.92508   0.087813  -0.922595  -0.375643 0.00243415   0.329494   0.170999 0.0022695 0.991968 0.184824 1.31115 0.0906599
1  -0.994465  -0.095243  0.0443743 -0.0754802   0.353756  -0.932287  0.0730961  -0.930476  -0.358987 0.00534749   0.332249   0.166228 0.00203595 0.994645 0.291762 2.07016 0.0666967
1  -0.994926 -0.0882192  0.0483779 -0.0761012   0.345301  -0.935401  0.0658154  -0.934336  -0.350263 0.00720377   0.333492   0.163489 0.00205432 0.991968 0.285454 2.57392 0.0556213
1  -0.994255 -0.0950679  0.0491867 -0.0780146   0.328992  -0.941104  0.0732867  -0.939535  -0.334519 0.00553832   0.336145   0.158537 0.00191325 0.993307 0.194047 1.35363 0.0402611
1  -0.995113 -0.0890262  0.0427239 -0.0714539   0.350555  -0.933812  0.0681567  -0.932301  -0.355203 0.00642396   0.332389   0.165167 0.00214929 0.98929 0.21366 1.45331 0.0618372
1  -0.995541 -0.0825019  0.0457258 -0.0717421   0.347535  -0.934918  0.0612412   -0.93403  -0.351905 0.00823263   0.333034   0.164094 0.00212138 0.987952 0.248327 1.83742 0.0573244
1  -0.993309  -0.103599  0.0510361  -0.083968   0.344457  -0.935039  0.0792893  -0.933068  -0.350851 0.00427361   0.333487   0.163722 0.00204205 0.994645 0.416005 2.17134 0.0600937
