1   0.98078 -0.189007 0.0484391 -0.105252 -0.721547 -0.684318  0.164292  0.666068 -0.727573 -0.183647 -0.690126   1.06075 0.00212606 0.926078 0.22668 2.2185 0.0605816
1   0.985785  -0.162385  0.0431083 -0.0898872  -0.726524  -0.681237   0.141942   0.667679  -0.730793  -0.156192  -0.690754     1.0643 0.00232623 0.932238 -0.0232833 1.73486 0.0914586
1   0.986982  -0.156012  0.0390766 -0.0864728  -0.719619  -0.688963   0.135607   0.676615  -0.723742  -0.148161  -0.703687    1.05671 0.00222568 0.928131 0.182484 2.41018 0.0954388
1  0.977188 -0.203378 0.0611642 -0.111138 -0.735119 -0.668767  0.180976  0.646713 -0.740952 -0.205884 -0.662658   1.07499 0.00248793 0.942505 0.0658143 1.11689 0.0806281
1   0.98078 -0.189007 0.0484391 -0.105252 -0.721547 -0.684318  0.164292  0.666068 -0.727573 -0.183647 -0.690126   1.06075 0.00212606 0.926078 0.242039 1.49896 0.0605817
1   0.985785  -0.162385  0.0431082 -0.0898872  -0.726523  -0.681237   0.141942   0.667679  -0.730793  -0.156192  -0.690754     1.0643 0.00232623 0.932238 0.0491202 1.2055 0.0914585
1  0.980747 -0.188932 0.0493996 -0.104532 -0.721575   -0.6844  0.164951  0.666059 -0.727432 -0.184801 -0.690168   1.06057 0.00213258 0.926078 0.0164078 2.24767 0.0600783
1  0.980747 -0.188932 0.0493996 -0.104532 -0.721575   -0.6844  0.164951  0.666059 -0.727432 -0.184801 -0.690168   1.06057 0.00213258 0.926078 0.0753239 1.37328 0.0600782
1   0.983401  -0.173857  0.0519295 -0.0946434  -0.735668  -0.670698   0.154809    0.65465  -0.739911  -0.173504  -0.672424    1.07397 0.00239818 0.938398 0.0958506 1.21147 0.0901087
1   0.983298  -0.174163  0.0528359 -0.0944488   -0.73646  -0.669855   0.155575   0.653677   -0.74061  -0.174675  -0.671043     1.0747 0.00246197 0.942505 0.0904072 2.39666 0.090874
1   0.986945  -0.156283  0.0389325 -0.0867319  -0.719402  -0.689158   0.135712   0.676784  -0.723564  -0.148267  -0.703934    1.05652 0.0022259 0.928131 0.13506 2.73847 0.0951272
1   0.97718 -0.203417 0.0611615  -0.11116 -0.735081 -0.668804  0.181005  0.646743 -0.740919 -0.205916 -0.662706   1.07495 0.00248793 0.942505 0.0940055 2.15189 0.0805526
1  0.983279 -0.174411 0.0523684 -0.094904 -0.736229 -0.670045  0.155418  0.653872 -0.740471 -0.174353 -0.671325   1.07457 0.00246124 0.942505 -0.110688 1.15138 0.0905797
1  0.977133 -0.203629 0.0612039 -0.111243 -0.734889 -0.669002  0.181206  0.646895 -0.740737 -0.206192 -0.662933   1.07475 0.00245779 0.940452 0.0782026 2.55694 0.0801685
1   0.988093  -0.149352  0.0369648 -0.0824126  -0.716638  -0.692559   0.129926   0.681266  -0.720414  -0.141441  -0.710302    1.05309 0.002186 0.926078 0.076749 1.42986 0.103291
1   0.985852  -0.162025  0.0429351 -0.0896727  -0.726233  -0.681575   0.141613   0.668082  -0.730487  -0.155775  -0.691336    1.06397 0.00232517 0.932238 0.0177405 1.50649 0.0916162
1  0.983279 -0.174411 0.0523683 -0.094904 -0.736229 -0.670045  0.155418  0.653872 -0.740471 -0.174353 -0.671325   1.07457 0.00246124 0.942505 0.0366383 1.31152 0.0905797
1   0.984663  -0.167783  0.0478214 -0.0913105  -0.729173   -0.67821   0.148662   0.663442   -0.73331  -0.165643  -0.684963    1.06693 0.00233217 0.936345 0.137061 1.65849 0.0863135
1  0.977133 -0.203629 0.0612039 -0.111243 -0.734889 -0.669002  0.181206  0.646895 -0.740737 -0.206192 -0.662933   1.07475 0.00245779 0.940452 0.0837574 2.26798 0.0801684
1  0.977188 -0.203378 0.0611643 -0.111138 -0.735119 -0.668767  0.180976  0.646713 -0.740952 -0.205884 -0.662658   1.07499 0.00248793 0.942505 -0.112543 1.78465 0.0806281
1   0.985765   -0.16252  0.0430619 -0.0900156  -0.726497  -0.681249   0.142001   0.667675  -0.730784  -0.156245   -0.69076    1.06429 0.00232618 0.932238 -0.0958058 2.17 0.0913412
1   0.985981  -0.161742  0.0409886 -0.0897989  -0.721425  -0.686646    0.14063   0.673339  -0.725836  -0.154238  -0.699127    1.05892 0.00224228 0.928131 -0.019887 2.82691 0.0890554
1  0.977133 -0.203629 0.0612039 -0.111243 -0.734889 -0.669002  0.181206  0.646895 -0.740737 -0.206192 -0.662933   1.07475 0.00245779 0.940452 -0.0168175 1.17735 0.0801685
1  0.980747 -0.188932 0.0493997 -0.104532 -0.721575   -0.6844  0.164951  0.666059 -0.727432 -0.184801 -0.690168   1.06057 0.00213258 0.926078 0.0150908 2.21317 0.0600784
1   0.983401  -0.173857  0.0519295 -0.0946434  -0.735668  -0.670697   0.154809    0.65465  -0.739911  -0.173504  -0.672424    1.07397 0.00239818 0.938398 0.127937 1.65633 0.0901089
1   0.983298  -0.174163  0.0528359 -0.0944488   -0.73646  -0.669855   0.155575   0.653677   -0.74061  -0.174675  -0.671043     1.0747 0.00246197 0.942505 -0.00186517 1.5201 0.090874
1   0.983418  -0.173512  0.0527561 -0.0939337  -0.736175  -0.670241   0.155133   0.654171  -0.740266  -0.174134  -0.671748    1.07433 0.00243124 0.940452 -0.103787 2.33985 0.0907337
1   0.986982  -0.156012  0.0390766 -0.0864727   -0.71962  -0.688963   0.135607   0.676615  -0.723742  -0.148161  -0.703687    1.05671 0.00222568 0.928131 0.152687 1.42378 0.0954389
1  0.977188 -0.203378 0.0611643 -0.111138 -0.735119 -0.668767  0.180976  0.646713 -0.740952 -0.205884 -0.662658   1.07499 0.00248793 0.942505 0.107446 1.99426 0.0806281
1   0.983163  -0.175046  0.0524365 -0.0954113  -0.736495   -0.66968   0.155844   0.653402  -0.740796  -0.174788  -0.670629    1.07491 0.00246263 0.942505 -0.142254 1.61189 0.0907559
1   0.98078 -0.189007 0.0484391 -0.105252 -0.721547 -0.684318  0.164292  0.666068 -0.727573 -0.183647 -0.690125   1.06075 0.00212606 0.926078 0.177829 1.68901 0.0605818
1   0.985981  -0.161742  0.0409885 -0.0897989  -0.721425  -0.686646   0.140629   0.673339  -0.725836  -0.154238  -0.699127    1.05892 0.00224228 0.928131 0.133734 2.18262 0.0890553
1   0.983298  -0.174163  0.0528359 -0.0944488   -0.73646  -0.669855   0.155575   0.653677   -0.74061  -0.174675  -0.671043     1.0747 0.00246197 0.942505 0.0554649 1.40185 0.0908741
1  0.980747 -0.188932 0.0493996 -0.104532 -0.721575   -0.6844  0.164951  0.666059 -0.727432 -0.184801 -0.690168   1.06057 0.00213257 0.926078 0.111571 2.51366 0.0600782
1   0.98078 -0.189007 0.0484391 -0.105252 -0.721547 -0.684318  0.164292  0.666068 -0.727573 -0.183647 -0.690125   1.06075 0.00212606 0.926078 0.302354 2.7752 0.0605817
1   0.986746  -0.157332  0.0397312 -0.0870172  -0.719696  -0.688815   0.136967   0.676228  -0.723848  -0.149932  -0.703192     1.0568 0.00222696 0.928131 0.180271 1.48051 0.0934733
1   0.986982  -0.156012  0.0390766 -0.0864728   -0.71962  -0.688963   0.135607   0.676615  -0.723742  -0.148161  -0.703687    1.05671 0.00222568 0.928131 0.0579384 1.41659 0.0954388
1  0.977188 -0.203378 0.0611643 -0.111138 -0.735119 -0.668767  0.180976  0.646713 -0.740952 -0.205884 -0.662658   1.07499 0.00248793 0.942505 0.0416518 1.44725 0.080628
1   0.983401  -0.173857  0.0519295 -0.0946434  -0.735668  -0.670697   0.154809    0.65465  -0.739911  -0.173504  -0.672424    1.07397 0.00239818 0.938398 0.187752 2.38951 0.0901089
1   0.986982  -0.156012  0.0390766 -0.0864727   -0.71962  -0.688963   0.135607   0.676615  -0.723742  -0.148161  -0.703687    1.05671 0.00222568 0.928131 0.156194 1.41603 0.0954388
1   0.986797  -0.157109  0.0393618 -0.0870171  -0.719245  -0.689286   0.136604    0.67676   -0.72342   -0.14946  -0.703965    1.05635 0.00222675 0.928131 0.252098 2.7265 0.0937429
1   0.984261  -0.169962  0.0483978 -0.0929276  -0.730732   -0.67631   0.150313   0.661168  -0.735026  -0.167676  -0.681702    1.06876 0.00233791 0.936345 0.143821 1.39029 0.0864898
1   0.985981  -0.161742  0.0409885 -0.0897989  -0.721425  -0.686646    0.14063   0.673339  -0.725836  -0.154238  -0.699127    1.05892 0.00224228 0.928131 0.00963399 1.34708 0.0890553
1   0.985785  -0.162385  0.0431083 -0.0898872  -0.726524  -0.681237   0.141942   0.667679  -0.730793  -0.156192  -0.690754     1.0643 0.00232624 0.932238 0.0152963 1.41095 0.0914586
1   0.988104  -0.149242  0.0371169 -0.0821874  -0.716446  -0.692785   0.129985   0.681493  -0.720189  -0.141569  -0.710627    1.05285 0.00218585 0.926078 0.0321112 1.19846 0.103222
1   0.983298  -0.174162  0.0528359 -0.0944488   -0.73646  -0.669855   0.155575   0.653677   -0.74061  -0.174675  -0.671043     1.0747 0.00246197 0.942505 0.0155244 1.70728 0.090874
1  0.977133 -0.203629 0.0612039 -0.111243 -0.734889 -0.669002  0.181206  0.646895 -0.740737 -0.206192 -0.662933   1.07475 0.00245779 0.940452 0.00282189 1.22504 0.0801686
1  0.977133 -0.203629 0.0612039 -0.111243 -0.734889 -0.669002  0.181206  0.646895 -0.740737 -0.206192 -0.662933   1.07475 0.00245779 0.940452 0.022913 1.8673 0.0801683
1  0.977188 -0.203378 0.0611643 -0.111138 -0.735119 -0.668767  0.180976  0.646713 -0.740952 -0.205884 -0.662658   1.07499 0.00248793 0.942505 0.0426727 2.23187 0.0806281
1  0.977188 -0.203378 0.0611643 -0.111138 -0.735119 -0.668767  0.180976  0.646713 -0.740952 -0.205884 -0.662658   1.07499 0.00248793 0.942505 0.168514 1.41839 0.0806281
1  0.983279 -0.174411 0.0523684 -0.094904 -0.736229 -0.670045  0.155418  0.653872 -0.740471 -0.174353 -0.671325   1.07457 0.00246124 0.942505 0.344346 2.58149 0.0905796
1   0.98078 -0.189007 0.0484391 -0.105252 -0.721547 -0.684318  0.164292  0.666068 -0.727573 -0.183647 -0.690125   1.06075 0.00212606 0.926078 0.151131 2.0623 0.0605818
1   0.986982  -0.156012  0.0390766 -0.0864727  -0.719619  -0.688963   0.135607   0.676615  -0.723742  -0.148161  -0.703687    1.05671 0.00222568 0.928131 0.0991852 2.30272 0.0954388
1   0.98078 -0.189007 0.0484391 -0.105252 -0.721547 -0.684318  0.164292  0.666068 -0.727573 -0.183647 -0.690125   1.06075 0.00212606 0.926078 0.267539 1.44066 0.0605818
1   0.98078 -0.189007 0.0484391 -0.105252 -0.721547 -0.684318  0.164292  0.666068 -0.727573 -0.183647 -0.690125   1.06075 0.00212606 0.926078 0.225425 1.68153 0.0605818
1   0.98078 -0.189007 0.0484391 -0.105252 -0.721547 -0.684318  0.164292  0.666068 -0.727573 -0.183647 -0.690126   1.06075 0.00212606 0.926078 0.10275 3.06616 0.0605817
1  0.977188 -0.203378 0.0611643 -0.111138 -0.735119 -0.668767  0.180976  0.646713 -0.740952 -0.205884 -0.662658   1.07499 0.00248793 0.942505 -0.226915 2.9264 0.0806282
1   0.983153   -0.17514  0.0522998 -0.0953289  -0.735454  -0.670836   0.155954   0.654549   -0.73976  -0.175003  -0.672373    1.07379 0.00243216 0.940452 0.190814 2.99126 0.0888194
1   0.98078 -0.189007 0.0484391 -0.105252 -0.721547 -0.684318  0.164292  0.666068 -0.727573 -0.183647 -0.690125   1.06075 0.00212606 0.926078 0.0873175 1.38293 0.0605818
1   0.98078 -0.189007 0.0484391 -0.105252 -0.721547 -0.684318  0.164292  0.666068 -0.727573 -0.183647 -0.690125   1.06075 0.00212606 0.926078 0.127606 1.73544 0.0605818
1   0.983299  -0.174213  0.0526616 -0.0945768  -0.736335  -0.669975   0.155495   0.653805  -0.740513  -0.174534  -0.671227     1.0746 0.00246183 0.942505 -0.11798 2.38862 0.0907126
1   0.983267  -0.174358   0.052782 -0.0946489  -0.736513  -0.669769   0.155654   0.653566  -0.740691  -0.174742    -0.6709    1.07479 0.00246212 0.942505 -0.0318829 1.32021 0.0908974
1  0.986028 -0.160952 0.0429337 -0.088492 -0.724472   -0.6836  0.141131  0.670249 -0.728593 -0.155386 -0.694468   1.06191 0.00232576 0.932238 -0.00392423 1.48181 0.0908232
1   0.983298  -0.174163  0.0528359 -0.0944488   -0.73646  -0.669855   0.155575   0.653677   -0.74061  -0.174675  -0.671043     1.0747 0.00246197 0.942505 0.0318546 1.50953 0.090874
1   0.983037  -0.176103  0.0512375 -0.0967965  -0.735455  -0.670624   0.155782   0.654289  -0.740026  -0.174332  -0.671919    1.07412 0.00243025 0.940452 0.0924991 2.17599 0.0890146
1   0.98078 -0.189007 0.0484391 -0.105252 -0.721547 -0.684318  0.164292  0.666068 -0.727573 -0.183647 -0.690126   1.06075 0.00212606 0.926078 0.21232 1.39907 0.0605817
1  0.983279 -0.174411 0.0523684 -0.094904 -0.736229 -0.670045  0.155418  0.653872 -0.740471 -0.174353 -0.671325   1.07457 0.00246124 0.942505 0.163182 2.20771 0.0905798
1   0.98078 -0.189007 0.0484391 -0.105252 -0.721547 -0.684318  0.164292  0.666068 -0.727573 -0.183647 -0.690126   1.06075 0.00212606 0.926078 0.461832 3.18815 0.0605816
1  0.980747 -0.188932 0.0493996 -0.104532 -0.721575   -0.6844  0.164951  0.666059 -0.727432 -0.184801 -0.690168   1.06057 0.00213257 0.926078 0.130026 1.76717 0.0600782
1   0.985852  -0.162025  0.0429351 -0.0896728  -0.726233  -0.681575   0.141613   0.668082  -0.730487  -0.155774  -0.691336    1.06397 0.00232517 0.932238 0.0477336 0.934494 0.0916162
1   0.98078 -0.189007 0.0484391 -0.105252 -0.721547 -0.684318  0.164292  0.666068 -0.727573 -0.183647 -0.690125   1.06075 0.00212606 0.926078 0.0903808 1.68235 0.0605817
1   0.985981  -0.161742  0.0409885 -0.0897989  -0.721425  -0.686646   0.140629   0.673339  -0.725836  -0.154238  -0.699127    1.05892 0.00224228 0.928131 0.131333 1.50301 0.0890553
1   0.983037  -0.176103  0.0512375 -0.0967965  -0.735455  -0.670624   0.155782   0.654289  -0.740026  -0.174332  -0.671919    1.07412 0.00243025 0.940452 -0.0923132 1.66567 0.0890146
1   0.985798  -0.162279  0.0432197 -0.0897025  -0.726395  -0.681398   0.141971   0.667844  -0.730636  -0.156265  -0.690993    1.06412 0.0023262 0.932238 -0.183891 1.29932 0.0913296
1    0.98368  -0.172515  0.0511034 -0.0939516  -0.734724  -0.671829   0.153448   0.656064  -0.738941  -0.171786  -0.674356    1.07294 0.00239586 0.938398 -0.0338533 2.49199 0.0896564
1   0.983279  -0.174411  0.0523684 -0.0949039  -0.736229  -0.670045   0.155418   0.653872  -0.740471  -0.174353  -0.671325    1.07457 0.00246124 0.942505 -0.18766 1.50233 0.0905797
1  0.977188 -0.203378 0.0611643 -0.111138 -0.735119 -0.668767  0.180976  0.646713 -0.740952 -0.205884 -0.662657   1.07499 0.00248793 0.942505 0.188786 2.92138 0.0806282
1   0.983298  -0.174163  0.0528359 -0.0944488   -0.73646  -0.669855   0.155575   0.653677   -0.74061  -0.174675  -0.671043     1.0747 0.00246197 0.942505 -0.0660174 1.41628 0.090874
1   0.983298  -0.174163  0.0528359 -0.0944488   -0.73646  -0.669855   0.155575   0.653677   -0.74061  -0.174675  -0.671043     1.0747 0.00246197 0.942505 0.467033 2.92555 0.0908739
1  0.980747 -0.188932 0.0493996 -0.104532 -0.721575   -0.6844  0.164951  0.666059 -0.727432 -0.184801 -0.690168   1.06057 0.00213257 0.926078 0.138226 1.6857 0.0600782
1   0.983267  -0.174358   0.052782 -0.0946489  -0.736513  -0.669769   0.155654   0.653566  -0.740691  -0.174742    -0.6709    1.07479 0.00246212 0.942505 0.0361835 1.65579 0.0908974
1  0.983279 -0.174411 0.0523683 -0.094904 -0.736229 -0.670045  0.155418  0.653872 -0.740471 -0.174353 -0.671325   1.07457 0.00246124 0.942505 0.294984 2.51056 0.0905795
1  0.977188 -0.203378 0.0611643 -0.111138 -0.735119 -0.668767  0.180976  0.646713 -0.740952 -0.205884 -0.662657   1.07499 0.00248793 0.942505 0.0759133 1.20575 0.0806282
1   0.98078 -0.189007  0.048439 -0.105252 -0.721547 -0.684318  0.164292  0.666068 -0.727573 -0.183647 -0.690125   1.06075 0.00212606 0.926078 0.101139 2.80692 0.0605818
1   0.98078 -0.189007  0.048439 -0.105252 -0.721547 -0.684318  0.164292  0.666068 -0.727573 -0.183647 -0.690126   1.06075 0.00212606 0.926078 0.15859 1.58808 0.0605817
1   0.98078 -0.189007 0.0484391 -0.105252 -0.721547 -0.684318  0.164292  0.666068 -0.727573 -0.183647 -0.690125   1.06075 0.00212606 0.926078 0.156886 1.37769 0.0605818
1   0.983401  -0.173857  0.0519296 -0.0946434  -0.735668  -0.670697   0.154809   0.654649  -0.739911  -0.173504  -0.672423    1.07397 0.00239818 0.938398 0.0304323 1.86978 0.090109
1   0.98078 -0.189007  0.048439 -0.105252 -0.721547 -0.684318  0.164292  0.666068 -0.727573 -0.183647 -0.690126   1.06075 0.00212606 0.926078 0.187025 1.73105 0.0605817
1   0.986982  -0.156012  0.0390766 -0.0864728   -0.71962  -0.688963   0.135607   0.676615  -0.723742  -0.148161  -0.703687    1.05671 0.00222568 0.928131 -0.0520155 2.28403 0.0954388
1   0.985798  -0.162279  0.0432197 -0.0897025  -0.726395  -0.681398   0.141971   0.667844  -0.730636  -0.156265  -0.690993    1.06412 0.0023262 0.932238 0.331982 2.77566 0.0913295
1  0.980747 -0.188932 0.0493996 -0.104532 -0.721575   -0.6844  0.164951  0.666059 -0.727432 -0.184801 -0.690168   1.06057 0.00213258 0.926078 0.257411 2.87094 0.0600783
1   0.983298  -0.174163  0.0528359 -0.0944488   -0.73646  -0.669855   0.155575   0.653677   -0.74061  -0.174675  -0.671043     1.0747 0.00246197 0.942505 0.0831957 1.39579 0.090874
1  0.980747 -0.188932 0.0493997 -0.104532 -0.721575   -0.6844  0.164951  0.666059 -0.727432 -0.184801 -0.690168   1.06057 0.00213258 0.926078 0.202 1.6385 0.0600783
1  0.977188 -0.203378 0.0611642 -0.111138 -0.735119 -0.668767  0.180976  0.646713 -0.740952 -0.205884 -0.662658   1.07499 0.00248793 0.942505 0.0893164 1.27121 0.0806282
1  0.977133 -0.203629 0.0612039 -0.111243 -0.734889 -0.669002  0.181206  0.646895 -0.740737 -0.206192 -0.662933   1.07475 0.00245779 0.940452 0.0960557 2.37193 0.0801686
1  0.977188 -0.203378 0.0611643 -0.111138 -0.735119 -0.668767  0.180976  0.646713 -0.740952 -0.205884 -0.662657   1.07499 0.00248793 0.942505 0.0236314 1.76144 0.0806282
1   0.985852  -0.162025  0.0429351 -0.0896727  -0.726233  -0.681575   0.141613   0.668082  -0.730487  -0.155775  -0.691336    1.06397 0.00232517 0.932238 -0.0350735 1.46241 0.0916162
1   0.983298  -0.174163  0.0528359 -0.0944488   -0.73646  -0.669855   0.155575   0.653677   -0.74061  -0.174675  -0.671043     1.0747 0.00246197 0.942505 -0.106299 1.77943 0.090874
1   0.988133  -0.149205  0.0364927 -0.0824928  -0.715894  -0.693319   0.129572   0.682081  -0.719706  -0.140929  -0.711499    1.05231 0.00215534 0.924025 0.136748 1.6174 0.103646
1  0.980747 -0.188932 0.0493997 -0.104532 -0.721575   -0.6844  0.164951  0.666059 -0.727432 -0.184801 -0.690168   1.06057 0.00213258 0.926078 0.0623793 1.61694 0.0600782
1  0.980747 -0.188932 0.0493997 -0.104532 -0.721575   -0.6844  0.164951  0.666059 -0.727432 -0.184801 -0.690168   1.06057 0.00213258 0.926078 0.22115 1.82228 0.0600783
1   0.983279  -0.174411  0.0523683 -0.0949039  -0.736229  -0.670045   0.155418   0.653872  -0.740471  -0.174353  -0.671325    1.07457 0.00246124 0.942505 0.102692 1.4782 0.0905796
1   0.983298  -0.174162  0.0528359 -0.0944488   -0.73646  -0.669855   0.155575   0.653677   -0.74061  -0.174675  -0.671043     1.0747 0.00246197 0.942505 -0.0166319 1.31407 0.0908742
1   0.988133  -0.149205  0.0364927 -0.0824927  -0.715894  -0.693319   0.129572   0.682081  -0.719706  -0.140929  -0.711499    1.05231 0.00215534 0.924025 0.237795 1.8099 0.103646
1   0.983401  -0.173857  0.0519295 -0.0946434  -0.735668  -0.670698   0.154809    0.65465  -0.739911  -0.173504  -0.672424    1.07397 0.00239818 0.938398 -0.120121 1.70189 0.0901087
1   0.98078 -0.189007  0.048439 -0.105252 -0.721547 -0.684318  0.164292  0.666068 -0.727573 -0.183647 -0.690126   1.06075 0.00212606 0.926078 0.108082 1.46219 0.0605817
1  0.977256 -0.203239 0.0605387 -0.111301 -0.734561 -0.669352  0.180507   0.64739 -0.740475 -0.205149 -0.663647   1.07448 0.00246099 0.940452 -0.0482577 1.4762 0.0793947
1  0.977188 -0.203378 0.0611643 -0.111138 -0.735119 -0.668767  0.180976  0.646713 -0.740952 -0.205884 -0.662658   1.07499 0.00248793 0.942505 0.481695 2.48642 0.080628
1   0.983298  -0.174163  0.0528359 -0.0944489   -0.73646  -0.669855   0.155575   0.653677   -0.74061  -0.174675  -0.671043     1.0747 0.00246197 0.942505 0.177097 2.99376 0.0908741
1   0.98078 -0.189007 0.0484391 -0.105252 -0.721547 -0.684318  0.164292  0.666068 -0.727573 -0.183647 -0.690126   1.06075 0.00212606 0.926078 0.0696781 1.92551 0.0605817
1   0.983401  -0.173857  0.0519295 -0.0946434  -0.735668  -0.670697   0.154809    0.65465  -0.739911  -0.173504  -0.672424    1.07397 0.00239818 0.938398 -0.102633 1.51436 0.0901088
1  0.985854 -0.162023 0.0429091 -0.089666 -0.726124 -0.681692  0.141607  0.668201  -0.73038 -0.155768 -0.691512   1.06385 0.0023252 0.932238 -0.0079904 1.67042 0.0915207
1  0.983279 -0.174411 0.0523683 -0.094904 -0.736229 -0.670045  0.155418  0.653872 -0.740471 -0.174353 -0.671325   1.07457 0.00246124 0.942505 -0.123891 1.28369 0.0905796
1   0.983298  -0.174163  0.0528359 -0.0944488   -0.73646  -0.669855   0.155575   0.653677   -0.74061  -0.174675  -0.671043     1.0747 0.00246197 0.942505 0.10974 1.45063 0.0908742
1   0.98078 -0.189007 0.0484391 -0.105252 -0.721547 -0.684318  0.164292  0.666068 -0.727573 -0.183647 -0.690126   1.06075 0.00212606 0.926078 -0.00465549 2.67549 0.0605817
1   0.98078 -0.189007 0.0484391 -0.105252 -0.721547 -0.684318  0.164292  0.666068 -0.727573 -0.183647 -0.690125   1.06075 0.00212606 0.926078 0.17574 1.40199 0.0605817
1   0.985798  -0.162279  0.0432197 -0.0897025  -0.726395  -0.681398   0.141971   0.667844  -0.730636  -0.156265  -0.690993    1.06412 0.0023262 0.932238 0.0799462 1.54711 0.0913294
1   0.985852  -0.162025  0.0429352 -0.0896727  -0.726233  -0.681575   0.141613   0.668082  -0.730487  -0.155775  -0.691336    1.06397 0.00232517 0.932238 0.0154571 1.60668 0.0916162
1  0.983279 -0.174411 0.0523684 -0.094904 -0.736229 -0.670045  0.155418  0.653872 -0.740471 -0.174353 -0.671325   1.07457 0.00246124 0.942505 -0.104263 1.68959 0.0905796
