1   0.983562  -0.168614  0.0646205 -0.0867186  -0.754961  -0.650011   0.158387   0.633722  -0.757173  -0.179967  -0.642153    1.09245 0.00285593 0.954825 -0.0388007 2.11987 0.126118
0   0.987084   -0.15088  0.0538606 -0.0783409  -0.747848  -0.659231   0.139745   0.646497  -0.750009  -0.155599  -0.659359    1.08504 0.00286797 0.950719 -0.261588 1.69159 0.124719
0    0.98962  -0.130963  0.0591645 -0.0626681   -0.76378  -0.642427   0.129323   0.632051   -0.76406  -0.144798  -0.637531    1.09971 0.0033034 0.963039 -0.213372 2.3336 0.163716
1  0.977344 -0.200006 0.0692561 -0.107331 -0.750345 -0.652275  0.182425  0.630063 -0.754812 -0.208438 -0.638207   1.08993 0.00285141 0.952772 -0.070669 1.07711 0.115093
1   0.983222  -0.171577  0.0619264 -0.0889093  -0.747206  -0.658618   0.159276   0.642062  -0.749925  -0.180666  -0.654022    1.08482 0.00276856 0.952772 0.0129813 1.40264 0.109541
1   0.986821  -0.152424  0.0543335 -0.0790139  -0.746898  -0.660228   0.141216   0.647233  -0.749098  -0.157329  -0.660443    1.08408 0.00287362 0.950719 -0.174632 1.16564 0.121858
1   0.982731  -0.174648  0.0611377 -0.0902824   -0.74096  -0.665453   0.161521   0.648441  -0.743932  -0.183321  -0.663365    1.07844 0.00274434 0.952772 -0.26575 2.1415 0.0960284
1    0.98252  -0.175287  0.0626788 -0.0919756  -0.749829  -0.655208   0.161848    0.63799  -0.752844   -0.18348  -0.648409    1.08788 0.00280831 0.954825 -0.217673 1.26651 0.113989
0   0.984777  -0.161774  0.0635851 -0.0819733    -0.7548  -0.650813   0.153279   0.635693  -0.756571  -0.173979  -0.644244    1.09191 0.00308017 0.960986 -0.161268 1.15814 0.128324
1    0.98348  -0.169323  0.0640074 -0.0871066  -0.752651  -0.652633   0.158681   0.636276  -0.754966   -0.18021  -0.645586    1.09014 0.00286321 0.954825 -0.0578307 2.35955 0.121199
0   0.988767  -0.138455  0.0563061 -0.0688469  -0.756264  -0.650635   0.132666   0.639449  -0.757301    -0.1481  -0.648547    1.09277 0.00317732 0.960986 -0.234639 2.67292 0.146447
1  0.977579 -0.200665 0.0638122 -0.110054 -0.745273 -0.657614  0.179518  0.635847 -0.750648 -0.204179 -0.646561   1.08556 0.0027637 0.952772 -0.00641753 2.11136 0.103381
1   0.983965  -0.166956  0.0627632 -0.0862986  -0.753583  -0.651663   0.156096   0.635797  -0.755907  -0.176932  -0.644956    1.09124 0.00289557 0.954825 -0.30669 1.11809 0.124192
1  0.976885 -0.202126 0.0695709 -0.109126 -0.751398 -0.650763  0.183812  0.628129 -0.756087 -0.210214  -0.63563   1.09124 0.0028654 0.954825 -0.0746718 2.51069 0.11819
0   0.991908   -0.11408  0.0557125 -0.0510107  -0.759966  -0.647958   0.116259   0.639873  -0.759636  -0.130076  -0.648212     1.0952 0.00346229 0.960986 -0.462288 1.35291 0.170514
1   0.986451  -0.157542  0.0457718 -0.0836484  -0.723003  -0.685763    0.14113   0.672642  -0.726385  -0.156241  -0.697133    1.05986 0.00271272 0.942505 -0.145977 1.47326 0.0908782
1   0.983828  -0.166688   0.065561 -0.0844798   -0.75457  -0.650759   0.157944   0.634696  -0.756449  -0.179701  -0.643187    1.09169 0.00293663 0.956879 -0.149436 1.2718 0.125637
0   0.985646  -0.159104  0.0564576 -0.0844079  -0.754046  -0.651376   0.146208   0.637261  -0.756652  -0.163455  -0.646456    1.09206 0.00295616 0.954825 -0.0938243 1.59549 0.130845
1  0.976944 -0.201339 0.0710175 -0.104996 -0.742726 -0.661312  0.185894  0.638608 -0.746742 -0.213413 -0.650721   1.08124 0.00275058 0.950719 -0.0253909 2.23417 0.0977024
1  0.977491 -0.199227  0.069431 -0.105872 -0.747851  -0.65537  0.182492  0.633267  -0.75211 -0.208871 -0.642874   1.08702 0.00279886 0.952772 -0.251583 1.74804 0.108901
1    0.98679  -0.153079  0.0530343 -0.0801801  -0.745929  -0.661182   0.140773   0.648195  -0.748349  -0.156555   -0.66178     1.0833 0.00286823 0.950719 -0.351152 2.12588 0.120472
0   0.988215  -0.143126  0.0542751 -0.0716304  -0.745749  -0.662365   0.135277   0.650672  -0.747213  -0.151117  -0.665126    1.08206 0.00290881 0.950719 -0.323055 2.72422 0.126177
1  0.977349 -0.199528 0.0705526 -0.105886 -0.749664 -0.653293  0.183241  0.631025  -0.75381  -0.20983 -0.639627   1.08882 0.00283511 0.952772 -0.172918 1.14381 0.113315
0   0.983769   -0.16567  0.0689293 -0.0845266  -0.766712  -0.636402   0.158282   0.620247  -0.768271  -0.180338   -0.62299    1.10414 0.00321645 0.965092 -0.485487 2.10445 0.152308
1   0.983354   -0.17076  0.0621049 -0.0897089  -0.753488  -0.651312   0.158013   0.634899  -0.756264  -0.178612  -0.643675    1.09165 0.00292227 0.956879 -0.0626405 1.60589 0.123357
1   0.983263  -0.171817  0.0605968 -0.0892561  -0.744236  -0.661926   0.158829   0.645439  -0.747116  -0.179941   -0.65888    1.08184 0.0027437 0.952772 -0.116511 1.48959 0.103791
1  0.983971 -0.168043 0.0596807 -0.084284 -0.733176 -0.674795  0.157151  0.658949 -0.735588 -0.178589 -0.678166   1.06946 0.00268542 0.946612 -0.219183 2.3078 0.0858638
0   0.988888  -0.138798  0.0532423 -0.0708425  -0.754856  -0.652054   0.130694   0.641037  -0.756301  -0.144932   -0.65084    1.09178 0.00312166 0.958932 -0.188411 1.35657 0.145475
1  0.977582 -0.198597 0.0699514 -0.105538  -0.74964 -0.653377  0.182197  0.631347 -0.753794 -0.208486 -0.640099   1.08878 0.00280288 0.952772 -0.00554264 1.94919 0.112963
1   0.983231  -0.171164  0.0629173 -0.0890982  -0.751921  -0.653205   0.159114   0.636646  -0.754563  -0.180199  -0.646243    1.08975 0.00281413 0.952772 -0.305291 1.58434 0.11951
1   0.983151  -0.171676  0.0627824 -0.0887562  -0.748583  -0.657074   0.159801    0.64043  -0.751207  -0.181366  -0.651685    1.08615 0.00280681 0.954825 -0.0854242 1.59601 0.112161
0   0.988049  -0.143982  0.0550219 -0.0738418  -0.755494  -0.650981   0.135298   0.639139  -0.757097  -0.150586  -0.648238    1.09256 0.00315437 0.960986 -0.218634 2.09604 0.142394
1   0.983314  -0.169816  0.0652396 -0.0867879   -0.75309  -0.652168    0.15988   0.635624  -0.755262  -0.181789  -0.644679    1.09044 0.00287769 0.954825 -0.104024 1.36073 0.121707
1   0.981705  -0.182997  0.0526018 -0.0952555  -0.711213  -0.696493   0.164867    0.67874  -0.715633  -0.186649  -0.707651    1.04832 0.00283567 0.944559 -0.18134 2.44893 0.0534642
0   0.983638  -0.167556  0.0661934 -0.0857116  -0.758417  -0.646109   0.158462   0.629864   -0.76037  -0.180231  -0.636524    1.09589 0.00300576 0.958932 0.0136877 2.67123 0.133693
0   0.988296  -0.142844  0.0535398 -0.0730222  -0.751134  -0.656099   0.133935   0.644511  -0.752773  -0.148921  -0.656246    1.08788 0.00284156 0.948665 -0.0459601 1.40996 0.135863
0   0.990253  -0.129367  0.0516045 -0.0640618  -0.752044  -0.655993   0.123673   0.646293  -0.753001  -0.137175  -0.658291    1.08822 0.00304104 0.952772 -0.287179 1.35571 0.1483
1  0.978214 -0.194275 0.0731766 -0.100495 -0.751578 -0.651944  0.181655  0.630387 -0.754728 -0.208782 -0.638313   1.08971 0.00300377 0.958932 -0.157049 1.40736 0.116744
1   0.983521  -0.171294  0.0578303 -0.0918387  -0.748885  -0.656305   0.155729   0.640179  -0.752276   -0.17532  -0.651228    1.08747 0.00280227 0.952772 0.0508914 2.34291 0.114728
1    0.98895  -0.140919  0.0460364 -0.0738056  -0.737326  -0.671493    0.12857   0.660675   -0.73958  -0.141692  -0.679377    1.07397 0.00269289 0.940452 -0.0209365 1.35909 0.121498
1   0.987295  -0.151545  0.0477663 -0.0775549  -0.721974  -0.687561   0.138683   0.675121  -0.724554  -0.154012  -0.701341    1.05773 0.0024556 0.934292 0.175237 2.68317 0.095087
1    0.98401  -0.170523  0.0514446 -0.0878233  -0.715788  -0.692773   0.154957   0.677177  -0.719319  -0.174966  -0.704573    1.05192 0.00255501 0.936345 0.0643131 1.34097 0.0684348
1   0.987192    -0.1516  0.0497025 -0.0805077  -0.742333  -0.665177   0.137736   0.652656   -0.74503  -0.152423  -0.668251    1.07978 0.00274409 0.946612 -0.212004 1.26464 0.117418
1   0.986959  -0.152548   0.051399 -0.0792373  -0.738323  -0.669776   0.140122   0.656969  -0.740782  -0.155876  -0.674436    1.07522 0.00275001 0.946612 -0.164088 1.3745 0.109452
0   0.990919  -0.127546   0.042571 -0.0654026  -0.733812  -0.676197   0.117486   0.667272   -0.73549  -0.128797  -0.688585    1.06965 0.00277452 0.940452 -0.228549 1.14873 0.133388
1   0.983181  -0.171395  0.0630823 -0.0885509  -0.749444   -0.65612   0.159732   0.639498  -0.752016  -0.181297  -0.650292    1.08699 0.00281771 0.954825 -0.126726 1.67375 0.114008
1  0.977442 -0.199376 0.0696878 -0.106406 -0.749884 -0.652956  0.182442  0.630811 -0.754183  -0.20865 -0.639341   1.08919 0.00280168 0.952772 -0.136701 1.18853 0.113757
1  0.977373  -0.20035 0.0678377 -0.106638 -0.743681 -0.659975  0.182675  0.637807 -0.748219 -0.209029 -0.649321   1.08295 0.00281432 0.952772 -0.118824 1.83306 0.0995173
1  0.977594 -0.197823 0.0719456  -0.10587 -0.757477 -0.644221  0.181939  0.622169 -0.761448  -0.20814  -0.62692   1.09681 0.00291134 0.954825 -0.120251 2.19221 0.131661
1  0.977463 -0.199241 0.0697736 -0.105244 -0.746429  -0.65709  0.183001  0.634939 -0.750576 -0.209611 -0.645241   1.08535 0.002788 0.952772 0.0682286 1.38179 0.105603
1   0.983325  -0.170347  0.0636699 -0.0883505  -0.753502  -0.651482   0.158954   0.634993  -0.755988  -0.180182  -0.643894    1.09116 0.0027944 0.952772 0.255596 2.54122 0.122894
1   0.982893  -0.173377  0.0621372 -0.0895962  -0.744883  -0.661152   0.160914   0.644275  -0.747674  -0.182579  -0.657184    1.08231 0.0027464 0.952772 -0.096551 1.96336 0.104157
1   0.988297  -0.146261  0.0433319 -0.0762338  -0.719599  -0.690192    0.13213   0.678811  -0.722327  -0.145648  -0.705972    1.05556 0.0026208 0.936345 -0.0607332 2.2589 0.102794
1   0.983183  -0.171474  0.0628259 -0.0887281  -0.749221   -0.65635   0.159617   0.639738  -0.751836  -0.181131  -0.650683    1.08683 0.00281503 0.954825 0.0301766 1.34791 0.113565
1   0.983216  -0.171042  0.0634873 -0.0881451  -0.750011  -0.655525   0.159738   0.638927    -0.7525  -0.181399   -0.64954    1.08753 0.00282368 0.954825 -0.0287338 1.58921 0.11516
1   0.983148   -0.17131  0.0638237 -0.0882939   -0.75066  -0.654763   0.160077   0.638093  -0.753135  -0.181796  -0.648299    1.08814 0.0028174 0.954825 -0.189013 2.9691 0.116417
1  0.977667 -0.198568 0.0688331 -0.105222 -0.746015 -0.657564  0.181922  0.635636 -0.750248  -0.20824 -0.646299   1.08503 0.00276445 0.952772 -0.363279 2.89132 0.104403
1   0.983125   -0.17215  0.0618784 -0.0897366  -0.748601   -0.65692   0.159411   0.640282  -0.751416  -0.180655  -0.651404    1.08642 0.00280342 0.952772 0.0672945 2.95034 0.112398
1   0.983198  -0.171383  0.0628489 -0.0885131  -0.748705  -0.656968   0.159649   0.640366  -0.751295  -0.181212  -0.651569    1.08625 0.00281092 0.954825 -0.206683 1.28973 0.112486
1   0.983175  -0.171265  0.0635209 -0.0878652  -0.748279  -0.657539   0.160145   0.640895  -0.750738  -0.181952  -0.652361    1.08565 0.00281161 0.954825 -0.153699 1.64026 0.111411
0   0.984443  -0.163521  0.0642822 -0.0827986  -0.754437  -0.651129    0.15497   0.635677   -0.75624  -0.176285  -0.644485    1.09148 0.00291603 0.954825 -0.324244 2.34342 0.126583
1   0.983175  -0.171419  0.0631041 -0.0884647  -0.749081  -0.656545   0.159815   0.639916  -0.751643  -0.181411  -0.650861    1.08659 0.00279201 0.952772 -0.17014 1.2801 0.113237
0   0.988111  -0.142705  0.0571928 -0.0729585  -0.762716  -0.642605   0.135325   0.630793   -0.76406  -0.150861  -0.636603    1.09982 0.00311671 0.958932 -0.345345 1.42893 0.155931
1   0.983267   -0.17029  0.0647139 -0.0865222  -0.749154   -0.65672   0.160313   0.640132  -0.751352   -0.18237  -0.651098    1.08626 0.00285122 0.954825 -0.121213 1.47239 0.113279
1    0.98318  -0.173665  0.0565529 -0.0938942  -0.746192  -0.659076   0.156658    0.64268  -0.749947  -0.176058  -0.654912    1.08488 0.0026922 0.950719 -0.00531883 2.13556 0.108828
1   0.983128  -0.172813  0.0599572 -0.0895097  -0.740362  -0.666222   0.159522   0.649615  -0.743339    -0.1809  -0.664882    1.07778 0.00273132 0.952772 -0.011923 1.30635 0.0959413
0   0.983904  -0.166913  0.0638252 -0.0873419  -0.760772  -0.643115   0.155901   0.627189  -0.763105  -0.176527  -0.632559    1.09877 0.00303303 0.960986 -0.0312262 2.16141 0.139932
1   0.983135  -0.171891  0.0624493 -0.0888368  -0.747335  -0.658481   0.159858   0.641828  -0.750002  -0.181416  -0.653674    1.08489 0.00280862 0.954825 0.289055 3.09358 0.109578
1   0.982898  -0.172533  0.0643733 -0.0876748  -0.745844  -0.660325    0.16194   0.643389  -0.748215  -0.184373  -0.656111    1.08287 0.00278167 0.954825 -0.134769 1.66066 0.105649
0   0.987697  -0.146391  0.0549876 -0.0753211  -0.753511  -0.653106   0.137043    0.64093  -0.755267  -0.152553  -0.651025    1.09063 0.00307993 0.958932 -0.261374 0.88497 0.137248
1   0.982992  -0.173041  0.0615091 -0.0895908  -0.744218  -0.661901   0.160312   0.645133  -0.747063  -0.181871  -0.658511    1.08179 0.00276071 0.952772 -0.181151 1.5872 0.10303
0   0.988165  -0.142314  0.0572348 -0.0709641  -0.754937  -0.651947    0.13599    0.64017  -0.756101  -0.152109  -0.649854    1.09149 0.00312156 0.958932 -0.209303 1.39162 0.141069
1   0.983165  -0.174825  0.0531279 -0.0974393  -0.747613  -0.656948    0.15457   0.640711  -0.752062  -0.172727    -0.6521    1.08719 0.00274346 0.950719 -0.233092 1.63416 0.113018
0   0.987345  -0.149583  0.0526758 -0.0782398  -0.748378  -0.658642   0.137943   0.646186   -0.75061  -0.153314  -0.659011    1.08569 0.0028311 0.950719 -0.440851 1.25844 0.12706
1    0.98349   -0.17277  0.0538273 -0.0900382  -0.725212  -0.682613   0.156971   0.666497  -0.728795  -0.177021  -0.689203    1.06225 0.00260668 0.944559 -0.124825 2.46801 0.0738239
1   0.983769  -0.168382  0.0620186 -0.0865647  -0.748083  -0.657935    0.15718   0.641887  -0.750517  -0.178232  -0.653554    1.08544 0.00279693 0.952772 -0.349644 1.46152 0.11243
1   0.97779 -0.197938 0.0689013 -0.105313 -0.748241 -0.655015  0.181207  0.633211 -0.752468 -0.207232 -0.642788   1.08738 0.00277506 0.952772 0.0951661 2.88715 0.109468
1   0.983374  -0.169616  0.0648525 -0.0867019  -0.752352   -0.65303   0.159556    0.63655   -0.75455  -0.181395   -0.64603    1.08967 0.0028542 0.954825 -0.23585 1.37568 0.120225
1   0.983295  -0.170242  0.0644147 -0.0872242  -0.751309  -0.654161   0.159761   0.637615  -0.753607  -0.181548   -0.64754    1.08869 0.00285504 0.954825 0.381942 2.88851 0.117954
1   0.981211  -0.183636   0.059177 -0.0998423  -0.745748  -0.658704   0.165093    0.64042  -0.750071  -0.186294  -0.652612    1.08499 0.00266451 0.948665 -0.0767289 1.60831 0.10443
1   0.983466  -0.169737  0.0631224 -0.0878983   -0.75216  -0.653092   0.158332   0.636745  -0.754643  -0.179645  -0.646337     1.0898 0.00283502 0.954825 -0.109791 1.61877 0.120247
1   0.983619  -0.169475  0.0614133 -0.0878772  -0.748299  -0.657515   0.157388   0.641347  -0.750935  -0.178281  -0.652866    1.08591 0.00278292 0.952772 0.202841 2.47062 0.112698
1   0.97754   -0.1997  0.067341 -0.106704 -0.744538 -0.658997   0.18174  0.637011 -0.749125 -0.207687 -0.648299   1.08386 0.00274813 0.952772 -0.0207315 1.17245 0.10124
1   0.983299  -0.170992  0.0623271 -0.0886095  -0.748926  -0.656703   0.158969   0.640212   -0.75157  -0.180325  -0.651342    1.08653 0.00277191 0.952772 -0.171916 2.70888 0.113211
1   0.983138  -0.171687  0.0629601 -0.0887182   -0.74887  -0.656752   0.159905   0.640092  -0.751474  -0.181498  -0.651182    1.08644 0.00281562 0.954825 -0.114312 1.49519 0.112728
1   0.983245  -0.170876  0.0634861 -0.0877858  -0.749091  -0.656625   0.159758   0.640051   -0.75154  -0.181467    -0.6511     1.0865 0.00281976 0.954825 -0.11821 1.27892 0.113264
1    0.98321  -0.171536  0.0622419 -0.0886268  -0.747048  -0.658836   0.159512   0.642258  -0.749707  -0.180714  -0.654205     1.0846 0.00279348 0.952772 -0.129385 1.80997 0.109256
1   0.983001  -0.172042  0.0641145 -0.0884237  -0.749658  -0.655892   0.160905   0.639073  -0.752127  -0.182846  -0.649783    1.08707 0.00280869 0.954825 -0.074003 1.63471 0.113973
0    0.98881  -0.139829  0.0519794 -0.0709026  -0.747086  -0.660935   0.131251   0.649854  -0.748641    -0.1456  -0.663796    1.08359 0.00289032 0.950719 -0.366169 2.22534 0.132309
0   0.987249  -0.149526  0.0546106 -0.0771662  -0.749587  -0.657393   0.139233   0.644796  -0.751567  -0.155113  -0.656889    1.08672 0.00289884 0.950719 0.167539 2.73186 0.12827
1   0.982822  -0.173473  0.0629932 -0.0900392  -0.748638  -0.656836   0.161103   0.639881  -0.751397  -0.182817  -0.651064     1.0864 0.00282046 0.954825 0.0178813 2.76278 0.11172
1   0.983317  -0.170094  0.0644707 -0.0876028  -0.753434  -0.651662   0.159418   0.635142  -0.755765  -0.181059  -0.644027    1.09096 0.00285904 0.954825 -0.0646647 1.35878 0.122585
1   0.983242  -0.172421   0.059217 -0.0889206  -0.737138  -0.669866    0.15915   0.653375  -0.740117  -0.180599  -0.670368    1.07429 0.00264734 0.948665 0.00937788 1.53679 0.0902426
1  0.977439 -0.200323 0.0669598 -0.108669 -0.748785 -0.653844  0.181118  0.631817  -0.75366 -0.206475   -0.6409   1.08867 0.00275757 0.952772 -0.0093817 1.23409 0.111379
1  0.975986 -0.206818  0.068396 -0.110197 -0.739602 -0.663962  0.187905  0.640481 -0.744631 -0.214949 -0.653229   1.07908 0.00284052 0.948665 -0.0447069 2.33155 0.0923337
1  0.977832 -0.198305 0.0672301 -0.106479  -0.74738 -0.655809  0.180297  0.634113 -0.751927 -0.205939 -0.644083   1.08683 0.00275669 0.952772 -0.0818426 1.72816 0.107554
0   0.987273  -0.149872  0.0532015 -0.0779008  -0.747384   -0.65981   0.138649   0.647268  -0.749547  -0.154263  -0.660491    1.08461 0.00286929 0.950719 -0.277292 1.40614 0.124884
1   0.983331  -0.170282  0.0637516 -0.0877317   -0.75145  -0.653931   0.159259   0.637438  -0.753863  -0.180825  -0.647329    1.08897 0.00284264 0.954825 -0.277354 1.74549 0.118411
0   0.992502  -0.113094   0.046371 -0.0560002  -0.757935  -0.649922   0.108648   0.642452  -0.758585  -0.117874  -0.651822    1.09415 0.00317505 0.952772 -0.271662 1.39895 0.174701
1   0.983043  -0.172833  0.0612737 -0.0892922  -0.743027  -0.663278   0.160164    0.64656  -0.745861  -0.181842  -0.660629    1.08047 0.00273753 0.952772 -0.203599 1.51072 0.100687
1   0.983056   -0.17261  0.0616945 -0.0905903  -0.750084  -0.655108   0.159354   0.638419  -0.753012  -0.180525  -0.648977    1.08809 0.00276466 0.952772 -0.00969527 1.71216 0.11539
0   0.984209   -0.16721  0.0580905 -0.0908843  -0.758953  -0.644771     0.1519    0.62931  -0.762165  -0.170797  -0.635774    1.09786 0.0029524 0.956879 -0.0763746 1.42437 0.137632
1   0.983302  -0.170662  0.0631781 -0.0881105  -0.750242  -0.655266   0.159228   0.638758  -0.752751  -0.180724  -0.649211    1.08779 0.00282993 0.954825 -0.168575 1.28049 0.115882
0   0.991545  -0.120134  0.0490442 -0.0599484  -0.759315  -0.647955   0.115082   0.639537  -0.760098  -0.125667  -0.647777    1.09576 0.00323724 0.952772 -0.144803 1.67888 0.169472
0  0.985717 -0.155851 0.0638093 -0.079668  -0.76536 -0.638653  0.148372  0.624448 -0.766845 -0.168202  -0.62772   1.10272 0.00332675 0.967146 -0.553825 1.64554 0.153261
1   0.983282  -0.171305  0.0617339 -0.0893906  -0.749488  -0.655956   0.158637   0.639471  -0.752271  -0.179772  -0.650346    1.08731 0.00277202 0.952772 -0.162911 1.3663 0.11448
1  0.977202 -0.201554  0.066719 -0.102671 -0.723691 -0.682444  0.185833  0.660036 -0.727886 -0.213433 -0.681511   1.06105 0.00275709 0.946612 -0.174382 1.44245 0.0584563
1  0.977484   -0.1993 0.0693225 -0.106884 -0.750906 -0.651702  0.181939  0.629618 -0.755301  -0.20795 -0.637605   1.09039 0.00281644 0.952772 0.413257 2.44963 0.116192
1   0.982985  -0.173008  0.0617171 -0.0900089  -0.746562    -0.6592   0.160123   0.642428  -0.749431  -0.181497  -0.654505    1.08433 0.00283072 0.954825 0.0538446 2.95662 0.107909
1   0.982993  -0.172195  0.0638301 -0.0889155  -0.750381  -0.654998   0.160684   0.638183  -0.752929  -0.182431  -0.648471    1.08797 0.00283237 0.954825 -0.23939 1.82867 0.115613
1    0.98336   -0.17116  0.0608959 -0.0899969   -0.75014  -0.655126   0.157812   0.638744  -0.753062  -0.178312  -0.649197    1.08818 0.00278571 0.952772 -0.280809 1.46136 0.116322
0   0.987897  -0.145277  0.0543492 -0.0743963  -0.751247  -0.655815   0.136104   0.643834  -0.752963  -0.151582  -0.655272    1.08818 0.00295984 0.952772 -0.28311 1.62422 0.134048
1   0.983289  -0.170835  0.0629118 -0.0880026  -0.748549  -0.657213   0.159368   0.640694  -0.751074  -0.180781  -0.651988    1.08602 0.00278977 0.952772 -0.273909 1.23088 0.112349
1   0.983086   -0.17187  0.0632611 -0.0884681  -0.748101  -0.657661   0.160358   0.640941  -0.750653  -0.182082  -0.652318    1.08553 0.00279543 0.952772 -0.0108404 1.41742 0.111011
1   0.983698  -0.169054  0.0613173 -0.0884458  -0.751699  -0.653549   0.156577   0.637471  -0.754397   -0.17738    -0.6474    1.08954 0.0027846 0.952772 -0.315847 2.57918 0.119947
1   0.983283  -0.170959  0.0626731 -0.0884089  -0.749152  -0.656472   0.159181   0.639957  -0.751742  -0.180602  -0.650967    1.08674 0.00281855 0.954825 -0.0927362 1.3035 0.113614
0   0.987345  -0.149306  0.0534559 -0.0772698  -0.747279  -0.660003   0.138489    0.64752  -0.749359   -0.15418  -0.660747    1.08431 0.00285485 0.950719 -0.129144 1.50382 0.124939
1   0.987203  -0.150167  0.0536646 -0.0773272  -0.745094  -0.662462   0.139465   0.649835  -0.747171  -0.155433  -0.664155    1.08203 0.0028525 0.950719 -0.207827 1.55005 0.120512
0   0.983635  -0.167658   0.065974 -0.0867772  -0.761754  -0.642028   0.157897   0.625796  -0.763837  -0.179276  -0.630557    1.09963 0.00325259 0.971253 -0.459312 1.64592 0.141472
