1   0.985981  -0.161742  0.0409885 -0.0897989  -0.721425  -0.686646   0.140629   0.673339  -0.725836  -0.154238  -0.699127    1.05892 0.00224228 0.928131 0.184406 0.182501 0.0890553
1   0.98137 -0.186025  0.048039 -0.102609 -0.718864 -0.687536  0.162432  0.669798  -0.72456 -0.181688 -0.695479   1.05748 0.0020976 0.924025 0.0772904 0.0917196 0.0592157
1  0.988044 -0.149863 0.0361972 -0.082903 -0.714398 -0.694811  0.129986  0.683503 -0.718281 -0.141409 -0.713622   1.05077 0.00212559 0.921971 0.219249 0.131235 0.10274
1  0.968788 -0.238333 0.0681681 -0.132443 -0.730102 -0.670381  0.209544  0.640428 -0.738879 -0.240618 -0.655903   1.07258 0.0025629 0.930185 0.0376656 0.0652919 0.092479
0   0.997566 -0.0690234 0.00992192  -0.042309  -0.712198  -0.700703  0.0554313   0.698577  -0.713384 -0.0475362  -0.732569    1.04519 0.00246852 0.889117 0.119948 0.0742217 0.227225
1   0.990075  -0.138134   0.025899 -0.0809667  -0.711249  -0.698261   0.114874   0.689234  -0.715374  -0.120557  -0.721444    1.04757 0.00210569 0.905544 0.139269 0.0637629 0.126388
1   0.988133  -0.149205  0.0364927 -0.0824928  -0.715893  -0.693319   0.129572   0.682081  -0.719706  -0.140929  -0.711499    1.05231 0.00215534 0.924025 0.00590711 0.165002 0.103646
1   0.990297   -0.13623  0.0274455 -0.0787143  -0.712637  -0.697103   0.114525   0.688178  -0.716446  -0.120687  -0.719861    1.04871 0.00213809 0.907598 0.0729336 0.0880078 0.127202
1   0.987006  -0.155997  0.0385218 -0.0868093  -0.719421  -0.689128   0.135215   0.676829  -0.723615  -0.147533  -0.704009    1.05657 0.00222492 0.928131 0.161175 0.0723398 0.0958317
1   0.988175  -0.148945  0.0364006 -0.0822537  -0.715306  -0.693954   0.129399   0.682754  -0.719099  -0.140772  -0.712467    1.05166 0.00215511 0.924025 0.0313017 0.192018 0.103846
1  0.987927 -0.150426 0.0370381 -0.082787 -0.714706 -0.694508  0.130944  0.683057 -0.718531 -0.142771 -0.712998   1.05104 0.00215792 0.924025 0.0497526 0.216979 0.101397
1  0.980747 -0.188932 0.0493996 -0.104532 -0.721575   -0.6844  0.164951  0.666059 -0.727432 -0.184801 -0.690168   1.06057 0.00213258 0.926078 0.22341 0.227599 0.0600781
0   0.991642  -0.126262  0.0265246 -0.0723998  -0.714749  -0.695623   0.106789   0.687889  -0.717917  -0.111651  -0.718899    1.05033 0.00222287 0.911704 0.223251 0.170509 0.140225
0   0.994822 -0.0994106  0.0211469 -0.0569672  -0.717712  -0.694005  0.0841689   0.689207  -0.719659 -0.0842109  -0.719797    1.05215 0.00233485 0.911704 -0.0536491 0.0767945 0.17836
1   0.988139  -0.149149   0.036562 -0.0823585  -0.715661  -0.693575   0.129612   0.682337  -0.719456  -0.141023  -0.711871    1.05204 0.00215508 0.924025 0.191735 0.179924 0.103577
1   0.990075  -0.138134   0.025899 -0.0809668  -0.711249  -0.698261   0.114874   0.689234  -0.715375  -0.120557  -0.721444    1.04757 0.00210569 0.905544 0.110668 0.0871287 0.126388
1   0.990075  -0.138134   0.025899 -0.0809668   -0.71125  -0.698261   0.114874   0.689234  -0.715375  -0.120557  -0.721443    1.04757 0.00210569 0.905544 0.110458 0.094295 0.126388
1   0.986746  -0.157332  0.0397312 -0.0870172  -0.719696  -0.688815   0.136967   0.676228  -0.723848  -0.149932  -0.703193     1.0568 0.00222696 0.928131 0.128339 0.061757 0.0934732
0    0.99709 -0.0756413 0.00949039 -0.0473406  -0.711941  -0.700642   0.059754   0.698153   -0.71345 -0.0521621  -0.732054    1.04527 0.00246646 0.889117 0.0873715 0.0190535 0.219575
1   0.988133  -0.149205  0.0364927 -0.0824927  -0.715894  -0.693319   0.129572   0.682081  -0.719706  -0.140929  -0.711499    1.05231 0.00215534 0.924025 0.247341 0.202623 0.103647
1   0.990075  -0.138134   0.025899 -0.0809667   -0.71125  -0.698261   0.114874   0.689234  -0.715375  -0.120557  -0.721443    1.04757 0.00210569 0.905544 0.0583848 0.0896877 0.126388
1   0.988175  -0.148945  0.0364006 -0.0822537  -0.715306  -0.693954   0.129399   0.682754  -0.719099  -0.140772  -0.712467    1.05166 0.00215511 0.924025 0.23535 0.236704 0.103846
1   0.98137 -0.186025 0.0480391 -0.102609 -0.718864 -0.687536  0.162432  0.669798  -0.72456 -0.181688 -0.695479   1.05748 0.0020976 0.924025 0.0459206 0.188339 0.0592156
0  0.991433 -0.127907 0.0264531 -0.073863 -0.716076 -0.694103  0.107723  0.686203  -0.71939 -0.112525  -0.71639   1.05192 0.00221774 0.911704 0.0824958 0.0709876 0.13855
0   0.993467  -0.111361   0.024953 -0.0629061  -0.716797  -0.694439  0.0952198   0.688332  -0.719119 -0.0979639  -0.718977    1.05161 0.00238579 0.917865 -0.101854 0.216147 0.160058
0    0.99523 -0.0952821  0.0209631 -0.0540868  -0.717687  -0.694262  0.0811958   0.689817  -0.719417 -0.0807228  -0.720603     1.0519 0.00240169 0.915811 0.126661 0.0584817 0.183638
0   0.991896  -0.124006  0.0276719 -0.0701502  -0.716089  -0.694475   0.105934   0.686905  -0.718985  -0.111009  -0.717403    1.05148 0.00225094 0.913758 0.0840098 0.0871815 0.142029
1   0.98137 -0.186025 0.0480391 -0.102609 -0.718864 -0.687536  0.162432  0.669798  -0.72456 -0.181688 -0.695479   1.05748 0.0020976 0.924025 0.0476872 0.188936 0.0592157
0   0.991858  -0.123854  0.0296123 -0.0687751  -0.716694  -0.693988   0.107176   0.686301  -0.719378   -0.11321  -0.716578     1.0519 0.00225097 0.915811 0.14306 0.084299 0.140366
1  0.987912 -0.150522 0.0370615 -0.082879 -0.714903 -0.694295  0.131002   0.68283 -0.718736 -0.142827 -0.712677   1.05126 0.0021579 0.924025 0.225847 0.0999475 0.101317
1   0.98137 -0.186025 0.0480391 -0.102609 -0.718864 -0.687536  0.162432  0.669798 -0.724559 -0.181688 -0.695479   1.05748 0.0020976 0.924025 0.0270597 0.100759 0.0592156
1   0.97804  -0.20024 0.0578041 -0.110593 -0.733702 -0.670411  0.176654  0.649296 -0.739735 -0.199928 -0.666215   1.07376 0.00248899 0.942505 0.0374779 0.0486991 0.077452
1   0.988133  -0.149205  0.0364927 -0.0824928  -0.715893  -0.693319   0.129572   0.682081  -0.719706  -0.140929  -0.711499    1.05231 0.00215534 0.924025 0.167322 0.109997 0.103646
1  0.968471 -0.239531 0.0684797 -0.133278 -0.730389 -0.669902  0.210479  0.639654 -0.739285 -0.241694 -0.654847   1.07301 0.00256505 0.930185 0.0159208 0.0552463 0.0942949
1   0.98137 -0.186025  0.048039 -0.102609 -0.718864 -0.687536  0.162432  0.669798 -0.724559 -0.181688  -0.69548   1.05748 0.0020976 0.924025 0.126142 0.189006 0.0592155
0   0.998691 -0.0489119  0.0149527 -0.0251324   -0.72392  -0.689426  0.0445457   0.688148  -0.724201 -0.0368704  -0.716769    1.05688 0.00264388 0.903491 0.132436 0.163505 0.247163
0    0.99523 -0.0952821  0.0209631 -0.0540869  -0.717687  -0.694262  0.0811957   0.689817  -0.719417 -0.0807227  -0.720603     1.0519 0.00240169 0.915811 0.115952 0.0545699 0.183638
0    0.99248   -0.11898  0.0287538 -0.0659828  -0.717885  -0.693028   0.103098   0.685919  -0.720337  -0.108108  -0.715677    1.05296 0.00234417 0.919918 0.00778442 0.1285 0.147357
0   0.994646  -0.101052  0.0216128  -0.057752  -0.717022  -0.694654  0.0856927   0.689687  -0.719019 -0.0861132   -0.72051    1.05147 0.00236421 0.913758 0.0893074 0.0901145 0.175837
0    0.99248   -0.11898  0.0287538 -0.0659827  -0.717885  -0.693028   0.103098   0.685919  -0.720337  -0.108108  -0.715677    1.05296 0.00234417 0.919918 0.206044 0.246237 0.147357
0   0.994631  -0.101199  0.0216148 -0.0578721  -0.717134  -0.694529  0.0857866   0.689549   -0.71914 -0.0861982  -0.720315     1.0516 0.00236422 0.913758 0.10367 0.0686698 0.175677
0   0.994631  -0.101199  0.0216149 -0.0578721  -0.717134  -0.694529  0.0857867   0.689549   -0.71914 -0.0861983  -0.720315     1.0516 0.00236422 0.913758 0.0735233 0.129177 0.175677
0   0.997463 -0.0705138 0.00977748 -0.0434354  -0.711649  -0.701192  0.0564018   0.698988  -0.712906 -0.0485985  -0.733234    1.04468 0.00246964 0.889117 0.0955784 0.0511532 0.225584
0  0.991811 -0.124222 0.0296739 -0.069035 -0.716905 -0.693744  0.107452  0.686014  -0.71961 -0.113514  -0.71616   1.05215 0.00225106 0.915811 0.00575738 0.105881 0.139909
0   0.991896  -0.124006  0.0276719 -0.0701502  -0.716089  -0.694475   0.105934   0.686905  -0.718985  -0.111009  -0.717403    1.05148 0.00225094 0.913758 0.0471678 0.0842893 0.142029
1   0.987927  -0.150426  0.0370381 -0.0827869  -0.714706  -0.694508   0.130944   0.683057  -0.718531  -0.142771  -0.712998    1.05104 0.00215792 0.924025 0.0444763 0.0929907 0.101397
1   0.988139  -0.149149  0.0365621 -0.0823584  -0.715661  -0.693575   0.129612   0.682337  -0.719456  -0.141023  -0.711871    1.05204 0.00215508 0.924025 0.138242 0.0831442 0.103577
1  0.988044 -0.149863 0.0361971 -0.082903 -0.714398 -0.694811  0.129986  0.683503 -0.718281 -0.141409 -0.713622   1.05077 0.00212559 0.921971 0.137605 0.0741317 0.10274
0   0.996739 -0.0802023 0.00888212 -0.0510486  -0.711982  -0.700339  0.0624928   0.697602  -0.713755 -0.0549699  -0.731305    1.04563 0.00249502 0.89117 0.00811255 0.144464 0.214604
0    0.99523 -0.0952821  0.0209631 -0.0540868  -0.717687  -0.694262  0.0811957   0.689817  -0.719417 -0.0807227  -0.720603     1.0519 0.00240169 0.915811 0.334627 0.172226 0.183638
0   0.994822 -0.0994106  0.0211468 -0.0569672  -0.717712  -0.694005  0.0841689   0.689207  -0.719659 -0.0842109  -0.719797    1.05215 0.00233485 0.911704 0.219676 0.0940008 0.17836
1   0.988142  -0.149123  0.0365818 -0.0822571    -0.7153  -0.693959   0.129652   0.682721  -0.719085    -0.1411  -0.712426    1.05164 0.00215509 0.924025 0.425902 0.168766 0.103489
1   0.990075  -0.138134   0.025899 -0.0809668  -0.711249  -0.698261   0.114874   0.689234  -0.715375  -0.120557  -0.721444    1.04757 0.0021057 0.905544 0.159262 0.0949595 0.126388
1   0.990049   -0.13835  0.0257336 -0.0812655  -0.711389  -0.698084   0.114887   0.689046  -0.715553  -0.120518  -0.721188    1.04776 0.00207391 0.903491 0.160614 0.0557403 0.126289
0   0.991886  -0.123721  0.0292428 -0.0687015  -0.715188  -0.695548   0.106968   0.687895  -0.717885   -0.11299  -0.718942    1.05029 0.00224995 0.915811 0.224856 0.0621031 0.140635
1  0.980781 -0.189053 0.0482376 -0.105254 -0.720842  -0.68506  0.164284  0.666817 -0.726887  -0.18365 -0.691221      1.06 0.00209539 0.924025 0.236598 0.0642195 0.0596594
1  0.980885  -0.18855 0.0481055 -0.105061  -0.72124 -0.684672   0.16379   0.66653 -0.727262 -0.183019 -0.690765   1.06042 0.00212624 0.926078 0.102674 0.151571 0.0605948
1  0.990163 -0.136958 0.0286365 -0.078472  -0.71301 -0.696749  0.115843  0.687647 -0.716744 -0.122639  -0.71911   1.04904 0.00215465 0.909651 -0.0625598 0.14843 0.125153
1  0.977408 -0.202747 0.0597246 -0.111517 -0.734716 -0.669146  0.179548  0.647368 -0.740727 -0.203702 -0.663562   1.07477 0.00246174 0.940452 0.0429017 0.147439 0.0797343
1  0.981067  -0.18763 0.0479911 -0.104222 -0.720345 -0.685741  0.163236  0.667756 -0.726261 -0.182395 -0.692564   1.05933 0.00212902 0.926078 0.0860442 0.0657972 0.0600123
0   0.994631  -0.101199  0.0216148  -0.057872  -0.717134  -0.694529  0.0857866   0.689549   -0.71914 -0.0861982  -0.720315     1.0516 0.00236422 0.913758 0.02988 0.0553639 0.175677
1   0.987927  -0.150426  0.0370381 -0.0827869  -0.714706  -0.694508   0.130944   0.683057  -0.718531  -0.142771  -0.712998    1.05104 0.00215792 0.924025 0.020033 0.214709 0.101397
0    0.99248   -0.11898  0.0287538 -0.0659827  -0.717885  -0.693028   0.103098   0.685919  -0.720337  -0.108108  -0.715677    1.05296 0.00234417 0.919918 0.017549 0.0878395 0.147357
1   0.988175  -0.148945  0.0364006 -0.0822537  -0.715306  -0.693954   0.129399   0.682754  -0.719099  -0.140772  -0.712467    1.05166 0.00215511 0.924025 0.0697353 0.0808631 0.103846
1   0.988095  -0.149415   0.036643 -0.0826842  -0.716637  -0.692528   0.129734   0.681254   -0.72046  -0.141126  -0.710284    1.05314 0.0021555 0.924025 0.152371 0.0741232 0.103497
1  0.977289 -0.203303 0.0597786 -0.111896 -0.734646  -0.66916  0.179958  0.647274  -0.74071 -0.204221  -0.66347   1.07476 0.00246167 0.940452 0.0807658 0.121002 0.0796601
1   0.985547  -0.163567  0.0440769 -0.0901649  -0.726769  -0.680939   0.143413   0.667123  -0.731013  -0.158295  -0.690019    1.06452 0.00240178 0.936345 0.11017 0.0420635 0.0898119
1   0.985854  -0.162023  0.0429091 -0.0896661  -0.726124  -0.681692   0.141607   0.668201   -0.73038  -0.155768  -0.691512    1.06385 0.0023252 0.932238 0.209436 0.0460838 0.0915207
0   0.994646  -0.101052  0.0216128  -0.057752  -0.717022  -0.694654  0.0856927   0.689687  -0.719019 -0.0861132   -0.72051    1.05147 0.00236421 0.913758 0.0104909 0.0916052 0.175837
0    0.99523 -0.0952821  0.0209631 -0.0540868  -0.717687  -0.694262  0.0811957   0.689817  -0.719417 -0.0807228  -0.720603     1.0519 0.00240169 0.915811 0.0202404 0.0614195 0.183638
1   0.987641   -0.15214   0.037655 -0.0842592  -0.717989  -0.690935   0.132155   0.679224  -0.721935  -0.143901   -0.70742    1.05474 0.00219245 0.926078 0.102089 0.0651844 0.100148
1   0.98137 -0.186025  0.048039 -0.102609 -0.718864 -0.687536  0.162432  0.669798  -0.72456 -0.181688 -0.695479   1.05748 0.0020976 0.924025 0.102557 0.0850806 0.0592157
1   0.990049   -0.13835  0.0257336 -0.0812655  -0.711389  -0.698084   0.114887   0.689046  -0.715553  -0.120518  -0.721188    1.04776 0.00207391 0.903491 0.196561 0.0516765 0.126289
1   0.988133  -0.149205  0.0364927 -0.0824927  -0.715893  -0.693319   0.129572   0.682081  -0.719706  -0.140929  -0.711499    1.05231 0.00215534 0.924025 0.031248 0.174944 0.103647
1   0.98137 -0.186025  0.048039 -0.102609 -0.718864 -0.687536  0.162432  0.669798  -0.72456 -0.181688 -0.695479   1.05748 0.0020976 0.924025 -0.0675462 0.104474 0.0592156
1  0.987927 -0.150426 0.0370381 -0.082787 -0.714706 -0.694508  0.130944  0.683057 -0.718531 -0.142771 -0.712998   1.05104 0.00215792 0.924025 0.0688204 0.162478 0.101397
0   0.991363  -0.127877  0.0290859 -0.0715876  -0.713511  -0.696977    0.10988   0.688876  -0.716503  -0.116139  -0.720481     1.0488 0.00225755 0.915811 -0.0893698 0.0858708 0.135699
0    0.99248   -0.11898  0.0287538 -0.0659827  -0.717885  -0.693028   0.103098   0.685919  -0.720337  -0.108108  -0.715677    1.05296 0.00234417 0.919918 0.0909876 0.207474 0.147357
0   0.991848  -0.124021  0.0292712 -0.0687234  -0.714046  -0.696718   0.107309   0.689027  -0.716748  -0.113422  -0.720605    1.04907 0.00225036 0.915811 0.0256103 0.061336 0.140168
0   0.993467  -0.111361   0.024953 -0.0629061  -0.716797  -0.694439  0.0952199   0.688332  -0.719119 -0.0979639  -0.718977    1.05161 0.00238579 0.917865 0.0749957 0.152958 0.160058
1   0.98078 -0.189007 0.0484391 -0.105252 -0.721547 -0.684318  0.164292  0.666068 -0.727573 -0.183647 -0.690125   1.06075 0.00212606 0.926078 0.140859 0.0431689 0.0605818
0    0.99523 -0.0952821   0.020963 -0.0540869  -0.717687  -0.694262  0.0811957   0.689817  -0.719417 -0.0807227  -0.720603     1.0519 0.00240169 0.915811 0.0598384 0.0442883 0.183638
1   0.989979  -0.138864  0.0256445 -0.0818997  -0.712557  -0.696818   0.115036   0.687735  -0.716789  -0.120597  -0.719286     1.0491 0.00207335 0.903491 0.406094 0.229985 0.12583
0   0.995081 -0.0968013  0.0210661 -0.0550905  -0.717435  -0.694443  0.0823366   0.689867  -0.719239 -0.0821744  -0.720765     1.0517 0.0023679 0.913758 0.120497 0.0904931 0.181576
1   0.987927  -0.150426  0.0370381 -0.0827869  -0.714706  -0.694508   0.130944   0.683057  -0.718531  -0.142771  -0.712998    1.05104 0.00215792 0.924025 0.21339 0.172403 0.101397
1   0.98137 -0.186025  0.048039 -0.102609 -0.718864 -0.687536  0.162432  0.669798 -0.724559 -0.181688 -0.695479   1.05748 0.0020976 0.924025 0.169853 0.117078 0.0592156
1   0.986068  -0.161448  0.0400652 -0.0900046   -0.72038  -0.687715   0.139892   0.674528  -0.724874  -0.153122  -0.700823    1.05791 0.00223989 0.928131 0.111744 0.0676956 0.0893846
0    0.99248   -0.11898  0.0287538 -0.0659827  -0.717885  -0.693028   0.103098   0.685919  -0.720337  -0.108108  -0.715677    1.05296 0.00234417 0.919918 0.0522678 0.134189 0.147357
1   0.988023  -0.149971   0.036336 -0.0829156   -0.71456  -0.694643    0.13014    0.68331  -0.718436  -0.141604  -0.713344    1.05093 0.00212553 0.921971 0.187229 0.0704358 0.102539
1   0.987927  -0.150426  0.0370381 -0.0827869  -0.714706  -0.694508   0.130944   0.683057  -0.718531  -0.142771  -0.712998    1.05104 0.00215792 0.924025 -0.0199878 0.148043 0.101397
1   0.988133  -0.149205  0.0364927 -0.0824927  -0.715894  -0.693319   0.129572   0.682081  -0.719706  -0.140929  -0.711499    1.05231 0.00215534 0.924025 0.381049 0.223183 0.103647
1  0.980747 -0.188932 0.0493996 -0.104532 -0.721575   -0.6844  0.164951  0.666059 -0.727432 -0.184801 -0.690168   1.06057 0.00213258 0.926078 0.219481 0.201556 0.0600782
1   0.983964  -0.172519  0.0452926 -0.0948607  -0.721193  -0.686209   0.151049   0.670908  -0.725993  -0.167985   -0.69615    1.05904 0.00219153 0.926078 0.183905 0.137279 0.0746545
0    0.99523 -0.0952821  0.0209631 -0.0540869  -0.717687  -0.694262  0.0811957   0.689817  -0.719417 -0.0807228  -0.720603     1.0519 0.00240169 0.915811 0.101297 0.0704416 0.183638
1  0.977133 -0.203629 0.0612039 -0.111243 -0.734889 -0.669002  0.181206  0.646895 -0.740737 -0.206192 -0.662933   1.07475 0.00245779 0.940452 0.100348 0.113966 0.0801686
0   0.996837 -0.0789668  0.0089108 -0.0500612  -0.711086  -0.701321  0.0617174   0.698657   -0.71279 -0.0541212  -0.732863    1.04457 0.00246208 0.889117 0.0944791 0.100466 0.216197
1   0.987927  -0.150426  0.0370381 -0.0827869  -0.714706  -0.694508   0.130944   0.683057  -0.718531  -0.142771  -0.712998    1.05104 0.00215792 0.924025 0.15314 0.058929 0.101397
1  0.987927 -0.150426 0.0370381 -0.082787 -0.714706 -0.694508  0.130944  0.683057 -0.718531 -0.142771 -0.712998   1.05104 0.00215792 0.924025 0.0393794 0.0617473 0.101397
1   0.988133  -0.149205  0.0364927 -0.0824927  -0.715894  -0.693319   0.129571   0.682081  -0.719706  -0.140929  -0.711499    1.05231 0.00215534 0.924025 0.0314877 0.162282 0.103647
0    0.99523 -0.0952821  0.0209631 -0.0540868  -0.717687  -0.694262  0.0811958   0.689817  -0.719417 -0.0807228  -0.720603     1.0519 0.00240169 0.915811 0.0380802 0.0746699 0.183638
1  0.981326   -0.1862 0.0482523 -0.102743 -0.719481 -0.686871  0.162612  0.669087 -0.725176 -0.181937 -0.694463   1.05814 0.00209672 0.924025 0.0781446 0.0423598 0.0596809
0   0.997463 -0.0705138 0.00977754 -0.0434353  -0.711649  -0.701192  0.0564018   0.698988  -0.712906 -0.0485985  -0.733234    1.04468 0.00246964 0.889117 0.0980504 0.032166 0.225584
0    0.99184  -0.124059  0.0293863 -0.0686681  -0.714035  -0.696734   0.107419   0.689031  -0.716727  -0.113581  -0.720613    1.04904 0.0022503 0.915811 0.179597 0.0617782 0.140019
1  0.980879  -0.18841 0.0487585 -0.104318 -0.720507 -0.685556  0.164296  0.667362 -0.726385 -0.183843 -0.692019   1.05944 0.00209665 0.924025 0.134223 0.0840987 0.0592918
0    0.999751  -0.0221839  0.00258478  -0.0144063   -0.728985   -0.684378   0.0170664     0.68417   -0.729123 -0.00117886   -0.710125     1.06197 0.00272564 0.882957 0.0361182 0.080099 0.292987
0    0.99248   -0.11898  0.0287539 -0.0659827  -0.717885  -0.693028   0.103098   0.685919  -0.720337  -0.108108  -0.715677    1.05296 0.00234418 0.919918 -0.0948948 0.109908 0.147357
1  0.988044 -0.149863 0.0361971 -0.082903 -0.714398 -0.694811  0.129986  0.683503 -0.718281 -0.141409 -0.713622   1.05077 0.00212559 0.921971 0.10828 0.0397591 0.10274
1   0.984906  -0.168048  0.0414831 -0.0937023   -0.71914  -0.688519   0.145536   0.674239  -0.724031  -0.160267  -0.700844    1.05697 0.00223634 0.926078 0.0474339 0.0486455 0.0803628
1   0.988023  -0.149971   0.036336 -0.0829155   -0.71456  -0.694643    0.13014    0.68331  -0.718436  -0.141604  -0.713344    1.05093 0.00212553 0.921971 0.146829 0.157839 0.102539
1   0.988175  -0.148945  0.0364006 -0.0822537  -0.715306  -0.693954   0.129399   0.682754  -0.719099  -0.140772  -0.712467    1.05166 0.00215511 0.924025 0.234087 0.160988 0.103846
1  0.987912 -0.150522 0.0370615 -0.082879 -0.714903 -0.694295  0.131002   0.68283 -0.718736 -0.142827 -0.712677   1.05126 0.0021579 0.924025 0.0557471 0.0803845 0.101317
1   0.987927  -0.150426  0.0370381 -0.0827869  -0.714706  -0.694508   0.130944   0.683057  -0.718531  -0.142771  -0.712998    1.05104 0.00215792 0.924025 0.00783338 0.0650163 0.101397
0   0.993467  -0.111361   0.024953 -0.0629061  -0.716797  -0.694439  0.0952198   0.688332  -0.719119 -0.0979639  -0.718977    1.05161 0.00238579 0.917865 -0.0342571 0.0967338 0.160058
1   0.986809  -0.157035  0.0393425 -0.0869316  -0.719027  -0.689524   0.136568   0.677008  -0.723194  -0.149432  -0.704319    1.05611 0.00222679 0.928131 -0.016833 0.0940448 0.0937116
0   0.99195   -0.1232 0.0292783 -0.068116 -0.714032 -0.696791   0.10675  0.689188 -0.716676 -0.112826 -0.720799   1.04898 0.00225039 0.915811 0.186251 0.0753341 0.141145
1   0.98137 -0.186025  0.048039  -0.10261 -0.718864 -0.687536  0.162432  0.669798 -0.724559 -0.181688  -0.69548   1.05748 0.0020976 0.924025 0.0087928 0.135483 0.0592155
1  0.980744  -0.18919 0.0484536 -0.105264 -0.721069  -0.68482  0.164499  0.666533 -0.727099 -0.183919 -0.690816   1.06023 0.00209538 0.924025 0.187635 0.0483106 0.0597862
1    0.98968  -0.140578  0.0277725 -0.0815063  -0.711663  -0.697777   0.117857   0.688313  -0.715776  -0.124588  -0.720178    1.04801 0.00212805 0.907598 0.158319 0.052143 0.121594
1   0.988175  -0.148945  0.0364006 -0.0822536  -0.715306  -0.693954   0.129399   0.682754  -0.719099  -0.140772  -0.712467    1.05166 0.00215511 0.924025 0.0874651 0.0837931 0.103846
0   0.994822 -0.0994107  0.0211468 -0.0569672  -0.717713  -0.694005  0.0841689   0.689207  -0.719659 -0.0842109  -0.719797    1.05215 0.00233485 0.911704 -0.0475542 0.0807478 0.17836
